-------------------------------------------------------------------------------------------------------      GALLIUM   K(2)L(8)M(18)4S(2)4P(1), 2P                                           

      CHARGE = 31.000000

      SYMMETRY SPECIES               S     P     D 
      NUMBER OF BASIS FUNCTIONS     20    15     9
      NUMBER OF CLOSED SHELLS        4     2     1
      NUMBER OF OPEN SHELLS          0     1     0
      OPEN SHELL OCCUPATION NUMBER   0     1     0

      OPEN-SHELL ENERGY COEFFICIENTS
      J(  1,  1,  0) =  0.00000000     K(  1,  1,  0) = -1.66666667
      J(  1,  1,  2) =  0.00000000     K(  1,  1,  2) =  0.13333333
 
  *** FINAL SCF RESULTS ***
   E = -1923.260294322
   T =  1923.260296517     V = -3846.520590839     V/T =    -1.999999999
 
  ORBITAL ENERGIES AND EXPANSION COEFFICIENTS
        S                    1S             2S             3S             4S 
  BASIS/ORB.ENERGY     -378.8181129    -48.1681116     -6.3943503     -0.4243476
  1S   1.0908648d+07      0.0000042     -0.0000013      0.0000005     -0.0000001
  1S   1.6331440d+06      0.0000329     -0.0000102      0.0000039     -0.0000009
  1S   3.7154716d+05      0.0001733     -0.0000537      0.0000205     -0.0000048
  1S   1.0520587d+05      0.0007320     -0.0002270      0.0000865     -0.0000201
  1S   3.4317027d+04      0.0026604     -0.0008275      0.0003159     -0.0000737
  1S   1.2390511d+04      0.0086128     -0.0026910      0.0010266     -0.0002379
  1S   4.8344224d+03      0.0251673     -0.0079806      0.0030551     -0.0007138
  1S   2.0059803d+03      0.0660205     -0.0215582      0.0082663     -0.0019140
  1S   8.7502749d+02      0.1503078     -0.0525703      0.0203809     -0.0047796
  1S   3.9767759d+02      0.2757100     -0.1103097      0.0433730     -0.0100445
  1S   1.8680215d+02      0.3487594     -0.1832100      0.0750600     -0.0178332
  1S   8.9340034d+01      0.2290321     -0.1681834      0.0726038     -0.0166810
  1S   4.0464670d+01      0.0434362      0.1337215     -0.0653648      0.0144138
  1S   2.0326421d+01     -0.0025714      0.5522112     -0.3716892      0.0964548
  1S   1.0104312d+01      0.0017493      0.4256564     -0.4080125      0.1017062
  1S   4.6012748d+00     -0.0007930      0.0672162      0.2397119     -0.0639938
  1S   2.2038358d+00      0.0003203     -0.0007718      0.7096931     -0.2751124
  1S   1.0016927d+00     -0.0001108      0.0014540      0.3468103     -0.2283342
  1S   2.0088065d-01      0.0000206     -0.0001349      0.0090659      0.6410237
  1S   7.1019569d-02     -0.0000079      0.0000505     -0.0021730      0.5281966
        P                    2P             3P             4P 
  BASIS/ORB.ENERGY      -42.4937092     -4.4820656     -0.2083404
  2P   1.4707924d+04      0.0001110     -0.0000420      0.0000068
  2P   3.4830515d+03      0.0009812     -0.0003726      0.0000612
  2P   1.1309123d+03      0.0055621     -0.0021191      0.0003453
  2P   4.3188517d+02      0.0235855     -0.0091040      0.0014977
  2P   1.8257121d+02      0.0779295     -0.0307815      0.0050320
  2P   8.2778162d+01      0.1944951     -0.0802410      0.0133062
  2P   3.9263393d+01      0.3408342     -0.1482501      0.0243994
  2P   1.9219420d+01      0.3575574     -0.1600910      0.0271315
  2P   9.5147508d+00      0.1647980      0.0448964     -0.0117974
  2P   4.5553226d+00      0.0219805      0.3877321     -0.0735438
  2P   2.1176464d+00      0.0013779      0.4815570     -0.1059430
  2P   9.4508431d-01      0.0003393      0.2182541     -0.0363563
  2P   3.0107644d-01      0.0000274      0.0153000      0.2496751
  2P   1.1042154d-01     -0.0000078     -0.0018356      0.5499859
  2P   3.9909820d-02      0.0000015      0.0006436      0.3516682
        D                    3D 
  BASIS/ORB.ENERGY       -1.1930596
  3D   3.6310197d+02      0.0008760
  3D   1.0890209d+02      0.0076912
  3D   4.1820788d+01      0.0364550
  3D   1.7859189d+01      0.1134134
  3D   8.1113959d+00      0.2378642
  3D   3.7325306d+00      0.3330366
  3D   1.6813983d+00      0.3311678
  3D   7.2615148d-01      0.2187755
  3D   2.8488905d-01      0.0651337
 
 *** Overlap Matrix ***
 S       1     2     3     4     5     6     7     8     9    10    11    12    13    14    15    16    17    18    19    20
   1 1.000
   2 0.552 1.000
   3 0.213 0.685 1.000
   4 0.086 0.329 0.755 1.000
   5 0.037 0.151 0.415 0.799 1.000
   6 0.017 0.072 0.210 0.481 0.830 1.000
   7 0.009 0.036 0.107 0.262 0.534 0.852 1.000
   8 0.004 0.019 0.056 0.141 0.309 0.576 0.869 1.000
   9 0.002 0.010 0.030 0.077 0.174 0.350 0.612 0.882 1.000
  10 0.001 0.006 0.017 0.043 0.098 0.205 0.386 0.641 0.893 1.000
  11 0.001 0.003 0.009 0.024 0.056 0.119 0.233 0.417 0.665 0.901 1.000
  12 0.000 0.002 0.005 0.014 0.032 0.069 0.138 0.257 0.442 0.681 0.905 1.000
  13 0.000 0.001 0.003 0.008 0.018 0.038 0.077 0.147 0.264 0.441 0.669 0.892 1.000
  14 0.000 0.001 0.002 0.005 0.011 0.023 0.046 0.089 0.163 0.282 0.459 0.685 0.917 1.000
  15 0.000 0.000 0.001 0.003 0.006 0.014 0.028 0.053 0.098 0.173 0.293 0.470 0.715 0.914 1.000
  16 0.000 0.000 0.001 0.002 0.004 0.008 0.015 0.030 0.055 0.098 0.170 0.284 0.471 0.683 0.893 1.000
  17 0.000 0.000 0.000 0.001 0.002 0.004 0.009 0.017 0.032 0.057 0.099 0.170 0.294 0.458 0.671 0.905 1.000
  18 0.000 0.000 0.000 0.000 0.001 0.002 0.005 0.009 0.018 0.032 0.056 0.096 0.170 0.275 0.434 0.671 0.893 1.000
  19 0.000 0.000 0.000 0.000 0.000 0.001 0.001 0.003 0.005 0.010 0.017 0.029 0.053 0.087 0.145 0.253 0.412 0.644 1.000
  20 0.000 0.000 0.000 0.000 0.000 0.000 0.001 0.001 0.002 0.004 0.008 0.013 0.024 0.040 0.068 0.121 0.205 0.351 0.824 1.000
 P       1     2     3     4     5     6     7     8     9    10    11    12    13    14    15
   1 1.000
   2 0.549 1.000
   3 0.190 0.686 1.000
   4 0.064 0.311 0.757 1.000
   5 0.023 0.125 0.398 0.799 1.000
   6 0.009 0.050 0.181 0.463 0.826 1.000
   7 0.003 0.020 0.078 0.227 0.509 0.844 1.000
   8 0.001 0.008 0.033 0.104 0.264 0.541 0.855 1.000
   9 0.001 0.004 0.014 0.045 0.124 0.288 0.559 0.860 1.000
  10 0.000 0.001 0.006 0.019 0.053 0.132 0.291 0.550 0.847 1.000
  11 0.000 0.001 0.002 0.007 0.021 0.054 0.129 0.277 0.523 0.836 1.000
  12 0.000 0.000 0.001 0.003 0.008 0.021 0.051 0.116 0.249 0.494 0.820 1.000
  13 0.000 0.000 0.000 0.001 0.002 0.005 0.013 0.030 0.070 0.162 0.354 0.678 1.000
  14 0.000 0.000 0.000 0.000 0.001 0.001 0.004 0.009 0.021 0.051 0.124 0.293 0.739 1.000
  15 0.000 0.000 0.000 0.000 0.000 0.000 0.001 0.002 0.006 0.015 0.038 0.098 0.331 0.733 1.000
 D       1     2     3     4     5     6     7     8     9
   1 1.000
   2 0.549 1.000
   3 0.176 0.680 1.000
   4 0.049 0.281 0.735 1.000
   5 0.014 0.093 0.345 0.767 1.000
   6 0.004 0.027 0.122 0.376 0.773 1.000
   7 0.001 0.007 0.036 0.132 0.373 0.763 1.000
   8 0.000 0.002 0.009 0.036 0.123 0.346 0.741 1.000
   9 0.000 0.000 0.002 0.008 0.029 0.097 0.293 0.691 1.000
-------------------------------------------------------------------------------------------------------      GERMANIUM   K(2)L(8)M(18)4S(2)4P(2), 3P                                         

      CHARGE = 32.000000

      SYMMETRY SPECIES               S     P     D 
      NUMBER OF BASIS FUNCTIONS     20    15     9
      NUMBER OF CLOSED SHELLS        4     2     1
      NUMBER OF OPEN SHELLS          0     1     0
      OPEN SHELL OCCUPATION NUMBER   0     2     0

      OPEN-SHELL ENERGY COEFFICIENTS
      J(  1,  1,  0) =  0.00000000     K(  1,  1,  0) = -0.66666667
      J(  1,  1,  2) =  0.00000000     K(  1,  1,  2) = -0.06666667
 
  *** FINAL SCF RESULTS ***
   E = -2075.359023437
   T =  2075.359032641     V = -4150.718056078     V/T =    -1.999999996
 
  ORBITAL ENERGIES AND EXPANSION COEFFICIENTS
        S                    1S             2S             3S             4S 
  BASIS/ORB.ENERGY     -405.2442031    -52.1501251     -7.1907906     -0.5532513
  1S   7.4298728d+06      0.0000074     -0.0000023      0.0000009     -0.0000002
  1S   1.1130217d+06      0.0000576     -0.0000179      0.0000069     -0.0000018
  1S   2.5337382d+05      0.0003026     -0.0000942      0.0000363     -0.0000093
  1S   7.1776090d+04      0.0012766     -0.0003974      0.0001532     -0.0000393
  1S   2.3416894d+04      0.0046271     -0.0014472      0.0005580     -0.0001431
  1S   8.4541362d+03      0.0148795     -0.0046861      0.0018091     -0.0004641
  1S   3.2974267d+03      0.0427455     -0.0137783      0.0053328     -0.0013676
  1S   1.3673571d+03      0.1077979     -0.0363582      0.0141586     -0.0036367
  1S   5.9569868d+02      0.2253896     -0.0845547      0.0333550     -0.0085749
  1S   2.7015627d+02      0.3459585     -0.1594564      0.0647189     -0.0167244
  1S   1.2634431d+02      0.3037730     -0.2033591      0.0869674     -0.0225861
  1S   5.9844357d+01      0.0977748     -0.0227242      0.0107918     -0.0029604
  1S   2.7884575d+01      0.0038668      0.4606537     -0.2750374      0.0753105
  1S   1.3448638d+01      0.0010804      0.5554811     -0.4996961      0.1438159
  1S   6.2640057d+00     -0.0005077      0.1373482      0.0170082     -0.0097315
  1S   2.8879825d+00      0.0001910      0.0019790      0.7235087     -0.2723419
  1S   1.2805832d+00     -0.0000942      0.0021051      0.4759600     -0.3379505
  1S   3.3094288d-01      0.0000384     -0.0004743      0.0267509      0.3133085
  1S   1.6330035d-01     -0.0000272      0.0003298     -0.0099925      0.6131848
  1S   6.9795601d-02      0.0000076     -0.0000940      0.0022647      0.2718115
        P                    2P             3P             4P 
  BASIS/ORB.ENERGY      -46.2359521     -5.1614027     -0.2872655
  2P   1.6274668d+04      0.0001047     -0.0000402      0.0000079
  2P   3.8542287d+03      0.0009258     -0.0003569      0.0000708
  2P   1.2516782d+03      0.0052560     -0.0020325      0.0003994
  2P   4.7827337d+02      0.0223558     -0.0087573      0.0017389
  2P   2.0236579d+02      0.0742945     -0.0297620      0.0058684
  2P   9.1873690d+01      0.1874435     -0.0784180      0.0157036
  2P   4.3668162d+01      0.3341529     -0.1473367      0.0292643
  2P   2.1432586d+01      0.3611221     -0.1651131      0.0338593
  2P   1.0655646d+01      0.1757882      0.0297390     -0.0112552
  2P   5.1301997d+00      0.0257233      0.3761780     -0.0869721
  2P   2.4104961d+00      0.0013961      0.4881544     -0.1322681
  2P   1.0970911d+00      0.0003933      0.2281398     -0.0463704
  2P   3.7329560d-01      0.0000046      0.0172426      0.2924974
  2P   1.4486859d-01      0.0000002     -0.0018370      0.5583940
  2P   5.4473331d-02     -0.0000018      0.0006509      0.2990622
        D                    3D 
  BASIS/ORB.ENERGY       -1.6346914
  3D   4.2060305d+02      0.0007837
  3D   1.2624676d+02      0.0069684
  3D   4.8618565d+01      0.0337599
  3D   2.0862925d+01      0.1072812
  3D   9.5344391d+00      0.2317340
  3D   4.4320337d+00      0.3339577
  3D   2.0270443d+00      0.3371281
  3D   8.9422259d-01      0.2168552
  3D   3.5763427d-01      0.0587902
 
 *** Overlap Matrix ***
 S       1     2     3     4     5     6     7     8     9    10    11    12    13    14    15    16    17    18    19    20
   1 1.000
   2 0.552 1.000
   3 0.213 0.685 1.000
   4 0.086 0.330 0.755 1.000
   5 0.037 0.151 0.415 0.799 1.000
   6 0.017 0.072 0.210 0.481 0.830 1.000
   7 0.009 0.036 0.107 0.262 0.534 0.852 1.000
   8 0.004 0.019 0.056 0.141 0.309 0.576 0.869 1.000
   9 0.002 0.010 0.030 0.077 0.174 0.349 0.611 0.882 1.000
  10 0.001 0.005 0.017 0.043 0.098 0.204 0.385 0.640 0.892 1.000
  11 0.001 0.003 0.009 0.024 0.056 0.118 0.232 0.415 0.662 0.900 1.000
  12 0.000 0.002 0.005 0.014 0.032 0.068 0.136 0.254 0.437 0.676 0.903 1.000
  13 0.000 0.001 0.003 0.008 0.018 0.039 0.078 0.148 0.266 0.444 0.675 0.899 1.000
  14 0.000 0.001 0.002 0.005 0.010 0.022 0.045 0.087 0.159 0.277 0.453 0.681 0.907 1.000
  15 0.000 0.000 0.001 0.003 0.006 0.013 0.026 0.049 0.091 0.162 0.276 0.448 0.681 0.899 1.000
  16 0.000 0.000 0.001 0.001 0.003 0.007 0.014 0.028 0.052 0.093 0.161 0.271 0.445 0.666 0.896 1.000
  17 0.000 0.000 0.000 0.001 0.002 0.004 0.008 0.015 0.028 0.051 0.089 0.153 0.262 0.423 0.651 0.886 1.000
  18 0.000 0.000 0.000 0.000 0.001 0.001 0.003 0.005 0.010 0.018 0.033 0.057 0.100 0.169 0.289 0.473 0.726 1.000
  19 0.000 0.000 0.000 0.000 0.000 0.001 0.002 0.003 0.006 0.011 0.019 0.034 0.059 0.102 0.177 0.302 0.504 0.912 1.000
  20 0.000 0.000 0.000 0.000 0.000 0.000 0.001 0.002 0.003 0.006 0.010 0.018 0.032 0.054 0.095 0.167 0.295 0.661 0.877 1.000
 P       1     2     3     4     5     6     7     8     9    10    11    12    13    14    15
   1 1.000
   2 0.549 1.000
   3 0.190 0.687 1.000
   4 0.064 0.311 0.757 1.000
   5 0.023 0.125 0.399 0.799 1.000
   6 0.009 0.050 0.181 0.464 0.827 1.000
   7 0.003 0.020 0.078 0.228 0.510 0.844 1.000
   8 0.001 0.008 0.034 0.105 0.266 0.543 0.856 1.000
   9 0.001 0.004 0.014 0.046 0.126 0.291 0.562 0.861 1.000
  10 0.000 0.001 0.006 0.019 0.054 0.134 0.295 0.554 0.849 1.000
  11 0.000 0.001 0.002 0.008 0.022 0.056 0.132 0.282 0.530 0.840 1.000
  12 0.000 0.000 0.001 0.003 0.008 0.022 0.053 0.122 0.258 0.507 0.828 1.000
  13 0.000 0.000 0.000 0.001 0.002 0.006 0.014 0.034 0.079 0.179 0.383 0.707 1.000
  14 0.000 0.000 0.000 0.000 0.001 0.002 0.004 0.011 0.025 0.061 0.145 0.330 0.763 1.000
  15 0.000 0.000 0.000 0.000 0.000 0.001 0.001 0.003 0.008 0.019 0.047 0.117 0.363 0.750 1.000
 D       1     2     3     4     5     6     7     8     9
   1 1.000
   2 0.550 1.000
   3 0.177 0.681 1.000
   4 0.050 0.284 0.738 1.000
   5 0.014 0.095 0.349 0.770 1.000
   6 0.004 0.029 0.126 0.383 0.778 1.000
   7 0.001 0.008 0.038 0.138 0.384 0.770 1.000
   8 0.000 0.002 0.010 0.039 0.131 0.361 0.752 1.000
   9 0.000 0.000 0.002 0.009 0.032 0.105 0.308 0.701 1.000
-------------------------------------------------------------------------------------------------------      ARSENIC   K(2)L(8)M(18)4S(2)4P(3), 4S                                           

      CHARGE = 33.000000

      SYMMETRY SPECIES               S     P     D 
      NUMBER OF BASIS FUNCTIONS     20    15     9
      NUMBER OF CLOSED SHELLS        4     2     1
      NUMBER OF OPEN SHELLS          0     1     0
      OPEN SHELL OCCUPATION NUMBER   0     3     0

      OPEN-SHELL ENERGY COEFFICIENTS
      J(  1,  1,  0) =  0.00000000     K(  1,  1,  0) = -0.33333333
      J(  1,  1,  2) =  0.00000000     K(  1,  1,  2) = -0.13333333

  *** FINAL SCF RESULTS ***
   E = -2234.237945765
   T =  2234.237940373     V = -4468.475886138     V/T =    -2.000000002

  ORBITAL ENERGIES AND EXPANSION COEFFICIENTS
        S                    1S             2S             3S             4S 
  BASIS/ORB.ENERGY     -432.5859710    -56.3096266     -8.0294230     -0.6857836
  1S   8.5651317D+06      0.0000067     -0.0000021      0.0000008     -0.0000002
  1S   1.2825839D+06      0.0000521     -0.0000163      0.0000063     -0.0000017
  1S   2.9187862D+05      0.0002740     -0.0000856      0.0000333     -0.0000092
  1S   8.2663715D+04      0.0011566     -0.0003611      0.0001406     -0.0000387
  1S   2.6963078D+04      0.0041957     -0.0013163      0.0005131     -0.0001413
  1S   9.7321441D+03      0.0135180     -0.0042652      0.0016629     -0.0004582
  1S   3.7950700D+03      0.0389871     -0.0125807      0.0049221     -0.0013562
  1S   1.5734771D+03      0.0991911     -0.0333467      0.0131042     -0.0036149
  1S   6.8557579D+02      0.2110721     -0.0784576      0.0312585     -0.0086337
  1S   3.1121075D+02      0.3358216     -0.1508386      0.0615737     -0.0170826
  1S   1.4611716D+02      0.3166416     -0.2043403      0.0879818     -0.0245547
  1S   7.0149627D+01      0.1196943     -0.0577971      0.0266745     -0.0076202
  1S   3.1868215D+01      0.0082984      0.4169827     -0.2441190      0.0716017
  1S   1.5429680D+01      0.0002677      0.5771445     -0.5095956      0.1577280
  1S   7.3581606D+00     -0.0001236      0.1707565     -0.0573625      0.0149162
  1S   3.3255390D+00      0.0000114      0.0061718      0.7089572     -0.2856282
  1S   1.4851235D+00     -0.0000312      0.0017403      0.5234248     -0.3883914
  1S   4.1721473D-01      0.0000120     -0.0003585      0.0346301      0.2779286
  1S   2.0951145D-01     -0.0000078      0.0002284     -0.0112899      0.6454888
  1S   8.8489695D-02      0.0000022     -0.0000656      0.0024264      0.2926509
        P                    2P             3P             4P 
  BASIS/ORB.ENERGY      -50.1535467     -5.8805078     -0.3693848
  2P   1.7716933D+04      0.0001012     -0.0000395      0.0000087
  2P   4.1948613D+03      0.0008956     -0.0003505      0.0000784
  2P   1.3624465D+03      0.0050886     -0.0019973      0.0004431
  2P   5.2085873D+02      0.0216794     -0.0086181      0.0019313
  2P   2.2055499D+02      0.0722869     -0.0293860      0.0065430
  2P   1.0023226D+02      0.1835440     -0.0779080      0.0176149
  2P   4.7714099D+01      0.3303781     -0.1478848      0.0332012
  2P   2.3467090D+01      0.3626873     -0.1687025      0.0390716
  2P   1.1703786D+01      0.1818063      0.0217290     -0.0109471
  2P   5.6676749D+00      0.0280560      0.3705903     -0.0979705
  2P   2.6907121D+00      0.0014322      0.4917132     -0.1530916
  2P   1.2474948D+00      0.0004107      0.2312183     -0.0530413
  2P   4.5018036D-01     -0.0000096      0.0183323      0.3216257
  2P   1.8069605D-01      0.0000054     -0.0017748      0.5601008
  2P   6.9663040D-02     -0.0000030      0.0005052      0.2694035
        D                    3D 
  BASIS/ORB.ENERGY       -2.1124606
  3D   4.7926776D+02      0.0007174
  3D   1.4395181D+02      0.0064418
  3D   5.5550477D+01      0.0317707
  3D   2.3929454D+01      0.1027456
  3D   1.0988818D+01      0.2271122
  3D   5.1487210D+00      0.3348336
  3D   2.3832141D+00      0.3418185
  3D   1.0684251D+00      0.2145930
  3D   4.3278831D-01      0.0540754

 *** Overlap Matrix ***
 S       1     2     3     4     5     6     7     8     9    10    11    12    13    14    15    16    17    18    19    20
   1 1.000
   2 0.552 1.000
   3 0.213 0.685 1.000
   4 0.086 0.329 0.755 1.000
   5 0.037 0.151 0.415 0.799 1.000
   6 0.017 0.072 0.210 0.481 0.830 1.000
   7 0.009 0.036 0.107 0.262 0.533 0.852 1.000
   8 0.004 0.019 0.056 0.141 0.308 0.576 0.869 1.000
   9 0.002 0.010 0.030 0.077 0.173 0.349 0.611 0.882 1.000
  10 0.001 0.005 0.017 0.043 0.098 0.204 0.385 0.640 0.892 1.000
  11 0.001 0.003 0.009 0.024 0.056 0.119 0.232 0.416 0.664 0.901 1.000
  12 0.000 0.002 0.005 0.014 0.032 0.069 0.138 0.257 0.442 0.682 0.906 1.000
  13 0.000 0.001 0.003 0.008 0.018 0.039 0.077 0.147 0.264 0.442 0.671 0.892 1.000
  14 0.000 0.001 0.002 0.005 0.010 0.022 0.045 0.087 0.159 0.276 0.451 0.674 0.908 1.000
  15 0.000 0.000 0.001 0.003 0.006 0.013 0.026 0.050 0.093 0.165 0.279 0.449 0.690 0.904 1.000
  16 0.000 0.000 0.001 0.001 0.003 0.007 0.014 0.028 0.052 0.093 0.160 0.268 0.447 0.668 0.891 1.000
  17 0.000 0.000 0.000 0.001 0.002 0.004 0.008 0.015 0.028 0.051 0.089 0.152 0.265 0.426 0.646 0.888 1.000
  18 0.000 0.000 0.000 0.000 0.001 0.001 0.003 0.006 0.011 0.020 0.035 0.060 0.107 0.181 0.303 0.499 0.753 1.000
  19 0.000 0.000 0.000 0.000 0.000 0.001 0.002 0.004 0.007 0.012 0.021 0.036 0.065 0.110 0.188 0.325 0.534 0.916 1.000
  20 0.000 0.000 0.000 0.000 0.000 0.000 0.001 0.002 0.003 0.006 0.011 0.019 0.034 0.058 0.101 0.179 0.313 0.662 0.874 1.000
 P       1     2     3     4     5     6     7     8     9    10    11    12    13    14    15
   1 1.000
   2 0.549 1.000
   3 0.190 0.687 1.000
   4 0.064 0.311 0.757 1.000
   5 0.023 0.125 0.399 0.799 1.000
   6 0.009 0.050 0.181 0.464 0.827 1.000
   7 0.003 0.020 0.079 0.229 0.512 0.845 1.000
   8 0.001 0.009 0.034 0.105 0.267 0.544 0.857 1.000
   9 0.001 0.004 0.014 0.047 0.127 0.293 0.564 0.862 1.000
  10 0.000 0.001 0.006 0.019 0.055 0.136 0.298 0.558 0.851 1.000
  11 0.000 0.001 0.002 0.008 0.022 0.058 0.136 0.288 0.537 0.844 1.000
  12 0.000 0.000 0.001 0.003 0.009 0.023 0.056 0.127 0.267 0.519 0.835 1.000
  13 0.000 0.000 0.000 0.001 0.002 0.007 0.016 0.039 0.088 0.197 0.411 0.732 1.000
  14 0.000 0.000 0.000 0.000 0.001 0.002 0.005 0.013 0.030 0.070 0.164 0.360 0.777 1.000
  15 0.000 0.000 0.000 0.000 0.000 0.001 0.002 0.004 0.009 0.022 0.055 0.134 0.383 0.761 1.000
 D       1     2     3     4     5     6     7     8     9
   1 1.000
   2 0.550 1.000
   3 0.177 0.682 1.000
   4 0.050 0.286 0.740 1.000
   5 0.014 0.097 0.353 0.772 1.000
   6 0.004 0.029 0.129 0.389 0.782 1.000
   7 0.001 0.008 0.039 0.143 0.392 0.776 1.000
   8 0.000 0.002 0.011 0.042 0.138 0.373 0.760 1.000
   9 0.000 0.000 0.002 0.009 0.034 0.112 0.319 0.708 1.000
-------------------------------------------------------------------------------------------------------      SELENIUM   K(2)L(8)M(18)4S(2)4P(4), 3P                                          

      CHARGE = 34.000000

      SYMMETRY SPECIES               S     P     D 
      NUMBER OF BASIS FUNCTIONS     20    15     9
      NUMBER OF CLOSED SHELLS        4     2     1
      NUMBER OF OPEN SHELLS          0     1     0
      OPEN SHELL OCCUPATION NUMBER   0     4     0

      OPEN-SHELL ENERGY COEFFICIENTS
      J(  1,  1,  0) =  0.00000000     K(  1,  1,  0) = -0.16666667
      J(  1,  1,  2) =  0.00000000     K(  1,  1,  2) = -0.01666667
 
  *** FINAL SCF RESULTS ***
   E = -2399.866872999
   T =  2399.866864508     V = -4799.733737507     V/T =    -2.000000004
 
  ORBITAL ENERGIES AND EXPANSION COEFFICIENTS
        S                    1S             2S             3S             4S 
  BASIS/ORB.ENERGY     -460.8671578    -60.6686559     -8.9318846     -0.8372461
  1S   9.5272220d+06      0.0000063     -0.0000020      0.0000008     -0.0000002
  1S   1.4265106d+06      0.0000492     -0.0000154      0.0000061     -0.0000018
  1S   3.2453567d+05      0.0002588     -0.0000811      0.0000319     -0.0000093
  1S   9.1885397d+04      0.0010928     -0.0003421      0.0001346     -0.0000394
  1S   2.9959899d+04      0.0039677     -0.0012484      0.0004918     -0.0001438
  1S   1.0808862d+04      0.0128030     -0.0040494      0.0015946     -0.0004664
  1S   4.2129114d+03      0.0370191     -0.0119671      0.0047313     -0.0013837
  1S   1.7462539d+03      0.0946151     -0.0318031      0.0126181     -0.0036951
  1S   7.6108305d+02      0.2030790     -0.0752099      0.0302684     -0.0088732
  1S   3.4589400d+02      0.3290863     -0.1460489      0.0600951     -0.0177000
  1S   1.6283245d+02      0.3227822     -0.2039322      0.0885502     -0.0262274
  1S   7.8559081d+01      0.1331418     -0.0763655      0.0352797     -0.0106833
  1S   3.5363506d+01      0.0112574      0.3878389     -0.2259365      0.0703862
  1S   1.7227960d+01     -0.0002497      0.5852983     -0.5123318      0.1683970
  1S   8.3380646d+00      0.0001221      0.1949909     -0.1042874      0.0333283
  1S   3.7298682d+00     -0.0000991      0.0097184      0.6949890     -0.2991056
  1S   1.6850739d+00      0.0000122      0.0013463      0.5535482     -0.4309889
  1S   5.0649917d-01     -0.0000078     -0.0002229      0.0405625      0.2691081
  1S   2.5379967d-01      0.0000058      0.0001190     -0.0113889      0.6727958
  1S   1.0619782d-01     -0.0000013     -0.0000400      0.0024434      0.2929984
        P                    2P             3P             4P 
  BASIS/ORB.ENERGY      -54.2686841     -6.6613191     -0.4027274
  2P   1.8841530d+04      0.0001015     -0.0000402      0.0000097
  2P   4.4621928d+03      0.0008981     -0.0003564      0.0000865
  2P   1.4491146d+03      0.0051072     -0.0020339      0.0004897
  2P   5.5369408d+02      0.0218044     -0.0087922      0.0021386
  2P   2.3428261d+02      0.0728573     -0.0300665      0.0072681
  2P   1.0638915d+02      0.1851902     -0.0798083      0.0195958
  2P   5.0616325d+01      0.3327651     -0.1515119      0.0369659
  2P   2.4888628d+01      0.3621639     -0.1704176      0.0428829
  2P   1.2408559d+01      0.1783395      0.0283201     -0.0141974
  2P   6.0245685d+00      0.0267889      0.3810673     -0.1104920
  2P   2.8810551d+00      0.0014265      0.4902217     -0.1714293
  2P   1.3574593d+00      0.0003352      0.2166542     -0.0427057
  2P   5.1735620d-01     -0.0000040      0.0167376      0.3564810
  2P   2.0680968d-01     -0.0000051     -0.0007186      0.5473822
  2P   7.8719188d-02     -0.0000026      0.0004657      0.2532309
        D                    3D 
  BASIS/ORB.ENERGY       -2.6494115
  3D   5.3981730d+02      0.0006663
  3D   1.6223827d+02      0.0060317
  3D   6.2704225d+01      0.0302019
  3D   2.7096724d+01      0.0991632
  3D   1.2492626d+01      0.2234158
  3D   5.8911851d+00      0.3356813
  3D   2.7538584d+00      0.3456885
  3D   1.2507583d+00      0.2123449
  3D   5.1191776d-01      0.0501683
 
 *** Overlap Matrix ***
 S       1     2     3     4     5     6     7     8     9    10    11    12    13    14    15    16    17    18    19    20
   1 1.000
   2 0.552 1.000
   3 0.213 0.685 1.000
   4 0.086 0.329 0.755 1.000
   5 0.037 0.151 0.415 0.799 1.000
   6 0.017 0.072 0.210 0.481 0.829 1.000
   7 0.009 0.036 0.107 0.262 0.533 0.852 1.000
   8 0.004 0.018 0.056 0.141 0.308 0.576 0.869 1.000
   9 0.002 0.010 0.030 0.077 0.173 0.349 0.611 0.882 1.000
  10 0.001 0.005 0.017 0.043 0.098 0.204 0.385 0.640 0.893 1.000
  11 0.001 0.003 0.009 0.024 0.056 0.119 0.233 0.418 0.665 0.901 1.000
  12 0.000 0.002 0.005 0.014 0.033 0.070 0.139 0.259 0.445 0.685 0.907 1.000
  13 0.000 0.001 0.003 0.008 0.018 0.039 0.077 0.147 0.264 0.442 0.670 0.890 1.000
  14 0.000 0.001 0.002 0.005 0.010 0.023 0.045 0.087 0.160 0.277 0.451 0.673 0.909 1.000
  15 0.000 0.000 0.001 0.003 0.006 0.013 0.026 0.051 0.094 0.167 0.282 0.452 0.697 0.908 1.000
  16 0.000 0.000 0.001 0.001 0.003 0.007 0.014 0.028 0.052 0.093 0.161 0.268 0.450 0.669 0.889 1.000
  17 0.000 0.000 0.000 0.001 0.002 0.004 0.008 0.015 0.029 0.052 0.090 0.154 0.269 0.430 0.647 0.891 1.000
  18 0.000 0.000 0.000 0.000 0.001 0.002 0.003 0.006 0.012 0.021 0.037 0.064 0.115 0.192 0.317 0.523 0.774 1.000
  19 0.000 0.000 0.000 0.000 0.000 0.001 0.002 0.004 0.007 0.013 0.022 0.038 0.069 0.117 0.197 0.341 0.554 0.916 1.000
  20 0.000 0.000 0.000 0.000 0.000 0.000 0.001 0.002 0.004 0.007 0.012 0.020 0.036 0.062 0.105 0.188 0.325 0.659 0.871 1.000
 P       1     2     3     4     5     6     7     8     9    10    11    12    13    14    15
   1 1.000
   2 0.549 1.000
   3 0.190 0.687 1.000
   4 0.064 0.311 0.757 1.000
   5 0.023 0.125 0.399 0.799 1.000
   6 0.009 0.050 0.181 0.464 0.827 1.000
   7 0.003 0.020 0.078 0.228 0.511 0.845 1.000
   8 0.001 0.009 0.034 0.105 0.267 0.544 0.857 1.000
   9 0.001 0.004 0.014 0.046 0.126 0.293 0.564 0.862 1.000
  10 0.000 0.001 0.006 0.019 0.055 0.136 0.299 0.559 0.852 1.000
  11 0.000 0.001 0.002 0.008 0.022 0.058 0.137 0.290 0.541 0.847 1.000
  12 0.000 0.000 0.001 0.003 0.009 0.024 0.057 0.131 0.275 0.528 0.841 1.000
  13 0.000 0.000 0.000 0.001 0.003 0.007 0.018 0.042 0.096 0.214 0.438 0.756 1.000
  14 0.000 0.000 0.000 0.000 0.001 0.002 0.006 0.014 0.033 0.077 0.177 0.378 0.776 1.000
  15 0.000 0.000 0.000 0.000 0.000 0.001 0.002 0.004 0.010 0.024 0.059 0.140 0.377 0.755 1.000
 D       1     2     3     4     5     6     7     8     9
   1 1.000
   2 0.550 1.000
   3 0.178 0.683 1.000
   4 0.051 0.288 0.741 1.000
   5 0.014 0.098 0.356 0.774 1.000
   6 0.004 0.030 0.132 0.393 0.785 1.000
   7 0.001 0.009 0.041 0.147 0.400 0.781 1.000
   8 0.000 0.002 0.011 0.044 0.144 0.383 0.767 1.000
   9 0.000 0.000 0.002 0.010 0.037 0.118 0.328 0.713 1.000
-------------------------------------------------------------------------------------------------------      BROMINE   K(2)L(8)M(18)4S(2)4P(5), 2P                                           

      CHARGE = 35.000000

      SYMMETRY SPECIES               S     P     D 
      NUMBER OF BASIS FUNCTIONS     20    15     9
      NUMBER OF CLOSED SHELLS        4     2     1
      NUMBER OF OPEN SHELLS          0     1     0
      OPEN SHELL OCCUPATION NUMBER   0     5     0

      OPEN-SHELL ENERGY COEFFICIENTS
      J(  1,  1,  0) =  0.00000000     K(  1,  1,  0) = -0.06666667
      J(  1,  1,  2) =  0.00000000     K(  1,  1,  2) =  0.00533333

  *** FINAL SCF RESULTS ***
   E = -2572.440568389
   T =  2572.440565305     V = -5144.881133693     V/T =    -2.000000001

  ORBITAL ENERGIES AND EXPANSION COEFFICIENTS
        S                    1S             2S             3S             4S 
  BASIS/ORB.ENERGY     -490.0600958    -65.1997423     -9.8716725     -0.9925412
  1S   1.0789920D+07      0.0000058     -0.0000018      0.0000007     -0.0000002
  1S   1.6157361D+06      0.0000453     -0.0000142      0.0000056     -0.0000017
  1S   3.6767869D+05      0.0002381     -0.0000748      0.0000297     -0.0000091
  1S   1.0414678D+05      0.0010048     -0.0003154      0.0001253     -0.0000384
  1S   3.3979893D+04      0.0036460     -0.0011503      0.0004578     -0.0001403
  1S   1.2266863D+04      0.0117708     -0.0037301      0.0014830     -0.0004547
  1S   4.7834875D+03      0.0341174     -0.0110407      0.0044094     -0.0013519
  1S   1.9833744D+03      0.0877780     -0.0294447      0.0117876     -0.0036182
  1S   8.6459644D+02      0.1911166     -0.0702677      0.0285449     -0.0087722
  1S   3.9300403D+02      0.3189971     -0.1388529      0.0575081     -0.0177504
  1S   1.8511421D+02      0.3317287     -0.2028156      0.0886208     -0.0275151
  1S   8.9349687D+01      0.1533166     -0.1002229      0.0463519     -0.0146552
  1S   3.9563136D+01      0.0158642      0.3500224     -0.2019300      0.0658589
  1S   1.9381419D+01     -0.0010947      0.5937074     -0.5120029      0.1764134
  1S   9.4814407D+00      0.0005212      0.2259412     -0.1577508      0.0552854
  1S   4.1784767D+00     -0.0002758      0.0143756      0.6762451     -0.3057109
  1S   1.9061843D+00      0.0000897      0.0007570      0.5856026     -0.4717455
  1S   6.0650417D-01     -0.0000447     -0.0000105      0.0475912      0.2500108
  1S   3.0303735D-01      0.0000290     -0.0000290     -0.0114798      0.6993405
  1S   1.2570869D-01     -0.0000068     -0.0000075      0.0024893      0.3004030
        P                    2P             3P             4P 
  BASIS/ORB.ENERGY      -58.5540039     -7.4780035     -0.4569523
  2P   1.9427349D+04      0.0001071     -0.0000429      0.0000111
  2P   4.6020228D+03      0.0009469     -0.0003808      0.0000989
  2P   1.4946586D+03      0.0053784     -0.0021724      0.0005606
  2P   5.7110053D+02      0.0229175     -0.0093710      0.0024391
  2P   2.4166463D+02      0.0762427     -0.0319595      0.0082838
  2P   1.0974796D+02      0.1921197     -0.0841322      0.0221156
  2P   5.2209957D+01      0.3398454     -0.1577079      0.0413287
  2P   2.5667872D+01      0.3583472     -0.1693678      0.0454986
  2P   1.2774278D+01      0.1668198      0.0478163     -0.0212786
  2P   6.2138925D+00      0.0228564      0.4032535     -0.1273620
  2P   2.9890652D+00      0.0014291      0.4831397     -0.1868374
  2P   1.4250955D+00      0.0001776      0.1891925     -0.0213513
  2P   5.7758742D-01      0.0000256      0.0134650      0.3877266
  2P   2.3352162D-01     -0.0000266      0.0004591      0.5341185
  2P   8.9550980D-02      0.0000004      0.0003941      0.2320180
        D                    3D 
  BASIS/ORB.ENERGY       -3.2199583
  3D   6.0154601D+02      0.0006276
  3D   1.8089393D+02      0.0057180
  3D   7.0001891D+01      0.0289904
  3D   3.0332280D+01      0.0964078
  3D   1.4031632D+01      0.2206091
  3D   6.6524441D+00      0.3366220
  3D   3.1353718D+00      0.3488291
  3D   1.4390345D+00      0.2098337
  3D   5.9328107D-01      0.0469243

 *** Overlap Matrix ***
 S       1     2     3     4     5     6     7     8     9    10    11    12    13    14    15    16    17    18    19    20
   1 1.000
   2 0.552 1.000
   3 0.213 0.685 1.000
   4 0.086 0.329 0.755 1.000
   5 0.037 0.151 0.415 0.799 1.000
   6 0.017 0.072 0.210 0.481 0.830 1.000
   7 0.009 0.036 0.107 0.262 0.534 0.852 1.000
   8 0.004 0.019 0.056 0.141 0.308 0.576 0.869 1.000
   9 0.002 0.010 0.030 0.077 0.174 0.349 0.611 0.882 1.000
  10 0.001 0.006 0.017 0.043 0.098 0.204 0.386 0.641 0.893 1.000
  11 0.001 0.003 0.009 0.024 0.056 0.119 0.233 0.418 0.665 0.901 1.000
  12 0.000 0.002 0.006 0.014 0.033 0.070 0.139 0.259 0.445 0.685 0.907 1.000
  13 0.000 0.001 0.003 0.008 0.018 0.038 0.077 0.146 0.262 0.438 0.665 0.886 1.000
  14 0.000 0.001 0.002 0.005 0.010 0.022 0.045 0.087 0.159 0.275 0.448 0.670 0.911 1.000
  15 0.000 0.000 0.001 0.003 0.006 0.013 0.026 0.051 0.094 0.167 0.283 0.452 0.702 0.910 1.000
  16 0.000 0.000 0.001 0.001 0.003 0.007 0.014 0.028 0.051 0.092 0.159 0.266 0.451 0.668 0.885 1.000
  17 0.000 0.000 0.000 0.001 0.002 0.004 0.008 0.015 0.029 0.052 0.090 0.153 0.271 0.432 0.645 0.893 1.000
  18 0.000 0.000 0.000 0.000 0.001 0.002 0.003 0.007 0.012 0.022 0.039 0.066 0.120 0.201 0.328 0.543 0.792 1.000
  19 0.000 0.000 0.000 0.000 0.000 0.001 0.002 0.004 0.007 0.013 0.023 0.040 0.072 0.122 0.204 0.356 0.571 0.915 1.000
  20 0.000 0.000 0.000 0.000 0.000 0.001 0.001 0.002 0.004 0.007 0.012 0.021 0.038 0.064 0.108 0.195 0.334 0.655 0.869 1.000
 P       1     2     3     4     5     6     7     8     9    10    11    12    13    14    15
   1 1.000
   2 0.549 1.000
   3 0.190 0.687 1.000
   4 0.064 0.311 0.757 1.000
   5 0.023 0.125 0.399 0.799 1.000
   6 0.009 0.050 0.181 0.464 0.827 1.000
   7 0.003 0.020 0.078 0.229 0.511 0.845 1.000
   8 0.001 0.009 0.034 0.105 0.267 0.544 0.857 1.000
   9 0.001 0.004 0.014 0.046 0.126 0.292 0.563 0.861 1.000
  10 0.000 0.001 0.006 0.019 0.055 0.136 0.299 0.559 0.853 1.000
  11 0.000 0.001 0.002 0.008 0.023 0.059 0.138 0.292 0.544 0.849 1.000
  12 0.000 0.000 0.001 0.003 0.009 0.024 0.059 0.133 0.280 0.536 0.846 1.000
  13 0.000 0.000 0.000 0.001 0.003 0.008 0.020 0.047 0.106 0.232 0.466 0.781 1.000
  14 0.000 0.000 0.000 0.000 0.001 0.003 0.006 0.016 0.036 0.085 0.194 0.404 0.780 1.000
  15 0.000 0.000 0.000 0.000 0.000 0.001 0.002 0.005 0.011 0.027 0.065 0.153 0.384 0.758 1.000
 D       1     2     3     4     5     6     7     8     9
   1 1.000
   2 0.550 1.000
   3 0.178 0.684 1.000
   4 0.051 0.289 0.743 1.000
   5 0.015 0.099 0.358 0.776 1.000
   6 0.004 0.031 0.134 0.397 0.788 1.000
   7 0.001 0.009 0.042 0.151 0.406 0.785 1.000
   8 0.000 0.002 0.012 0.046 0.149 0.391 0.772 1.000
   9 0.000 0.001 0.003 0.011 0.039 0.122 0.335 0.717 1.000
-------------------------------------------------------------------------------------------------------      KRYPTON   K(2)L(8)M(18)4S(2)4P(6), 1S                                           

      CHARGE = 36.000000

      SYMMETRY SPECIES               S     P     D 
      NUMBER OF BASIS FUNCTIONS     20    15     9
      NUMBER OF CLOSED SHELLS        4     3     1
      NUMBER OF OPEN SHELLS          0     0     0
      OPEN SHELL OCCUPATION NUMBER   0     0     0
 
  *** FINAL SCF RESULTS ***
   E = -2752.054192801
   T =  2752.054192846     V = -5504.108385648     V/T =    -2.000000000
 
  ORBITAL ENERGIES AND EXPANSION COEFFICIENTS
        S                    1S             2S             3S             4S 
  BASIS/ORB.ENERGY     -520.1652318    -69.9028750    -10.8492560     -1.1528031
  1S   1.1707591d+07      0.0000056     -0.0000018      0.0000007     -0.0000002
  1S   1.7530660d+06      0.0000439     -0.0000138      0.0000055     -0.0000018
  1S   3.9894461d+05      0.0002308     -0.0000727      0.0000292     -0.0000093
  1S   1.1299920d+05      0.0009741     -0.0003066      0.0001229     -0.0000392
  1S   3.6864908d+04      0.0035354     -0.0011182      0.0004493     -0.0001431
  1S   1.3308700d+04      0.0114161     -0.0036268      0.0014556     -0.0004639
  1S   5.1908150d+03      0.0331093     -0.0107357      0.0043289     -0.0013792
  1S   2.1530297d+03      0.0853396     -0.0286620      0.0115812     -0.0036954
  1S   9.3903602d+02      0.1866453     -0.0685593      0.0281140     -0.0089782
  1S   4.2714550d+02      0.3146619     -0.1363202      0.0569476     -0.0182752
  1S   2.0138050d+02      0.3344405     -0.2021452      0.0890833     -0.0287395
  1S   9.7253536d+01      0.1613657     -0.1095727      0.0510691     -0.0168071
  1S   4.3055680d+01      0.0179759      0.3307738     -0.1913381      0.0649794
  1S   2.1209810d+01     -0.0014023      0.5948699     -0.5117319      0.1832959
  1S   1.0445680d+01      0.0006683      0.2434528     -0.1872205      0.0697892
  1S   4.5907630d+00     -0.0003436      0.0173972      0.6643073     -0.3149039
  1S   2.1202840d+00      0.0001234      0.0003447      0.6035601     -0.5036122
  1S   7.0817700d-01     -0.0000601      0.0001214      0.0525755      0.2460656
  1S   3.5037800d-01      0.0000374     -0.0001216     -0.0107816      0.7176460
  1S   1.4518900d-01     -0.0000087      0.0000104      0.0024487      0.3007860
        P                    2P             3P             4P 
  BASIS/ORB.ENERGY      -63.0095722     -8.3313041     -0.5240595
  2P   2.0288003d+04      0.0001102     -0.0000448      0.0000121
  2P   4.8044380d+03      0.0009747     -0.0003971      0.0001082
  2P   1.5600440d+03      0.0055358     -0.0022668      0.0006150
  2P   5.9601679d+02      0.0235727     -0.0097711      0.0026694
  2P   2.5221070d+02      0.0782660     -0.0332934      0.0090775
  2P   1.1453100d+02      0.1963813     -0.0873100      0.0240984
  2P   5.4473227d+01      0.3443702     -0.1625901      0.0449062
  2P   2.6767730d+01      0.3559750     -0.1692333      0.0475537
  2P   1.3294320d+01      0.1596144      0.0623720     -0.0271154
  2P   6.4650530d+00      0.0203466      0.4225261     -0.1431523
  2P   3.1176790d+00      0.0014078      0.4784363     -0.1990515
  2P   1.4886490d+00      0.0000566      0.1657695      0.0031580
  2P   6.3560500d-01      0.0000603      0.0096580      0.4128424
  2P   2.6124400d-01     -0.0000302      0.0005008      0.5203862
  2P   1.0160800d-01      0.0000081     -0.0000366      0.2118899
        D                    3D 
  BASIS/ORB.ENERGY       -3.8250272
  3D   6.6548530d+02      0.0005956
  3D   2.0021573d+02      0.0054574
  3D   7.7557880d+01      0.0279723
  3D   3.3683689d+01      0.0940940
  3D   1.5627280d+01      0.2182380
  3D   7.4430590d+00      0.3374701
  3D   3.5330890d+00      0.3514810
  3D   1.6359300d+00      0.2075156
  3D   6.7822592d-01      0.0443415
 
 *** Overlap Matrix ***
 S       1     2     3     4     5     6     7     8     9    10    11    12    13    14    15    16    17    18    19    20
   1 1.000
   2 0.552 1.000
   3 0.213 0.685 1.000
   4 0.086 0.329 0.755 1.000
   5 0.037 0.151 0.415 0.799 1.000
   6 0.017 0.072 0.210 0.481 0.830 1.000
   7 0.009 0.036 0.107 0.262 0.534 0.852 1.000
   8 0.004 0.019 0.056 0.141 0.309 0.576 0.869 1.000
   9 0.002 0.010 0.030 0.077 0.174 0.350 0.611 0.882 1.000
  10 0.001 0.006 0.017 0.043 0.098 0.205 0.386 0.641 0.893 1.000
  11 0.001 0.003 0.010 0.024 0.056 0.119 0.234 0.418 0.666 0.902 1.000
  12 0.000 0.002 0.006 0.014 0.033 0.070 0.139 0.259 0.445 0.685 0.907 1.000
  13 0.000 0.001 0.003 0.008 0.018 0.038 0.077 0.146 0.262 0.438 0.665 0.886 1.000
  14 0.000 0.001 0.002 0.005 0.010 0.023 0.045 0.087 0.159 0.277 0.450 0.671 0.912 1.000
  15 0.000 0.000 0.001 0.003 0.006 0.013 0.027 0.052 0.095 0.169 0.285 0.455 0.706 0.912 1.000
  16 0.000 0.000 0.001 0.001 0.003 0.007 0.014 0.028 0.052 0.093 0.160 0.267 0.453 0.669 0.884 1.000
  17 0.000 0.000 0.000 0.001 0.002 0.004 0.008 0.016 0.029 0.053 0.092 0.155 0.275 0.436 0.648 0.897 1.000
  18 0.000 0.000 0.000 0.000 0.001 0.002 0.004 0.007 0.013 0.023 0.041 0.070 0.127 0.210 0.341 0.561 0.807 1.000
  19 0.000 0.000 0.000 0.000 0.000 0.001 0.002 0.004 0.008 0.014 0.024 0.041 0.076 0.127 0.211 0.368 0.583 0.913 1.000
  20 0.000 0.000 0.000 0.000 0.000 0.001 0.001 0.002 0.004 0.007 0.012 0.021 0.039 0.067 0.112 0.202 0.343 0.651 0.868 1.000
 P       1     2     3     4     5     6     7     8     9    10    11    12    13    14    15
   1 1.000
   2 0.549 1.000
   3 0.190 0.687 1.000
   4 0.064 0.311 0.757 1.000
   5 0.023 0.125 0.399 0.799 1.000
   6 0.009 0.050 0.181 0.464 0.827 1.000
   7 0.003 0.020 0.078 0.228 0.511 0.845 1.000
   8 0.001 0.008 0.034 0.105 0.266 0.544 0.857 1.000
   9 0.001 0.004 0.014 0.046 0.126 0.291 0.562 0.861 1.000
  10 0.000 0.001 0.006 0.019 0.054 0.136 0.298 0.558 0.853 1.000
  11 0.000 0.001 0.002 0.008 0.023 0.058 0.138 0.292 0.545 0.850 1.000
  12 0.000 0.000 0.001 0.003 0.009 0.024 0.059 0.133 0.281 0.537 0.846 1.000
  13 0.000 0.000 0.000 0.001 0.003 0.008 0.021 0.050 0.113 0.246 0.487 0.803 1.000
  14 0.000 0.000 0.000 0.000 0.001 0.003 0.007 0.017 0.040 0.093 0.209 0.429 0.787 1.000
  15 0.000 0.000 0.000 0.000 0.000 0.001 0.002 0.005 0.013 0.030 0.072 0.167 0.395 0.764 1.000
 D       1     2     3     4     5     6     7     8     9
   1 1.000
   2 0.551 1.000
   3 0.179 0.684 1.000
   4 0.051 0.290 0.744 1.000
   5 0.015 0.100 0.361 0.777 1.000
   6 0.004 0.031 0.136 0.401 0.790 1.000
   7 0.001 0.009 0.043 0.154 0.411 0.789 1.000
   8 0.000 0.002 0.012 0.048 0.154 0.398 0.776 1.000
   9 0.000 0.001 0.003 0.011 0.040 0.126 0.341 0.720 1.000
-------------------------------------------------------------------------------------------------------