--------------------------------------------------------------------------------------------------------      YTTRIUM   K(2)L(8)M(18)4S(2)4P(6)5S(2)4D(1), 2D                                 

      CHARGE = 39.000000

      SYMMETRY SPECIES               S     P     D 
      NUMBER OF BASIS FUNCTIONS     22    15    12
      NUMBER OF CLOSED SHELLS        5     3     1
      NUMBER OF OPEN SHELLS          0     0     1
      OPEN SHELL OCCUPATION NUMBER   0     0     1

      OPEN-SHELL ENERGY COEFFICIENTS
      J(  2,  2,  0) =  0.00000000     K(  2,  2,  0) = -1.80000000
      J(  2,  2,  2) =  0.00000000     K(  2,  2,  2) =  0.05714286
      J(  2,  2,  4) =  0.00000000     K(  2,  2,  4) =  0.05714286
 
  *** FINAL SCF RESULTS ***
   E = -3331.683473177
   T =  3331.683416527     V = -6663.366889704     V/T =    -2.000000017
 
  ORBITAL ENERGIES AND EXPANSION COEFFICIENTS
        S                    1S             2S             3S             4S             5S 
  BASIS/ORB.ENERGY     -616.7490495    -85.8106733    -14.7586370     -2.1686248     -0.1960120
  1S   1.7240879d+07      0.0000043     -0.0000013      0.0000006     -0.0000002      0.0000001
  1S   2.5809635d+06      0.0000331     -0.0000105      0.0000043     -0.0000016      0.0000004
  1S   5.8702322d+05      0.0001742     -0.0000553      0.0000228     -0.0000084      0.0000022
  1S   1.6617815d+05      0.0007361     -0.0002335      0.0000962     -0.0000353      0.0000094
  1S   5.4193105d+04      0.0026761     -0.0008515      0.0003512     -0.0001294      0.0000343
  1S   1.9562755d+04      0.0086666     -0.0027700      0.0011415     -0.0004194      0.0001113
  1S   7.6314315d+03      0.0253290     -0.0082203      0.0034004     -0.0012545      0.0003329
  1S   3.1666636d+03      0.0664392     -0.0222150      0.0092063     -0.0033827      0.0008976
  1S   1.3819307d+03      0.1511769     -0.0542458      0.0227518     -0.0084218      0.0022359
  1S   6.2862879d+02      0.2769021     -0.1139573      0.0485434     -0.0178940      0.0047513
  1S   2.9573978d+02      0.3487249     -0.1891674      0.0842438     -0.0315914      0.0083996
  1S   1.4182739d+02      0.2272836     -0.1704250      0.0804142     -0.0298869      0.0079531
  1S   6.4184567d+01      0.0422753      0.1538027     -0.0846698      0.0315683     -0.0084236
  1S   3.2609865d+01     -0.0031629      0.5641642     -0.4330528      0.1806001     -0.0486801
  1S   1.6362525d+01      0.0019138      0.4075678     -0.4179107      0.1759372     -0.0477170
  1S   7.3497438d+00     -0.0010516      0.0619491      0.3489209     -0.1649223      0.0453738
  1S   3.7358389d+00      0.0006165     -0.0045870      0.7450441     -0.6080663      0.1818850
  1S   1.8751344d+00     -0.0003032      0.0025402      0.2372280     -0.2390164      0.0722829
  1S   7.6915955d-01      0.0001148     -0.0008683      0.0101341      0.7811067     -0.3010103
  1S   3.3761751d-01     -0.0000385      0.0002312      0.0001497      0.5586268     -0.3832091
  1S   6.5178353d-02      0.0000092     -0.0000593      0.0001430      0.0164684      0.6772449
  1S   2.6263236d-02     -0.0000040      0.0000259     -0.0000585     -0.0046556      0.5150387
        P                    2P             3P             4P 
  BASIS/ORB.ENERGY      -78.1641902    -11.8539152     -1.3009540
  2P   2.6800607d+04      0.0000910     -0.0000383      0.0000128
  2P   6.3473099d+03      0.0008062     -0.0003401      0.0001146
  2P   2.0617740d+03      0.0046009     -0.0019487      0.0006539
  2P   7.8850106d+02      0.0197821     -0.0084796      0.0028635
  2P   3.3426555d+02      0.0668797     -0.0293406      0.0098971
  2P   1.5224880d+02      0.1734790     -0.0794835      0.0271322
  2P   7.2793738d+01      0.3213916     -0.1559766      0.0533953
  2P   3.6032592d+01      0.3665908     -0.1850271      0.0646085
  2P   1.8132409d+01      0.1961055      0.0065297     -0.0123713
  2P   8.9417922d+00      0.0337196      0.3793956     -0.1642146
  2P   4.4106478d+00      0.0013267      0.5059141     -0.2636783
  2P   2.1728163d+00      0.0003749      0.2069817     -0.0322776
  2P   9.8711008d-01     -0.0000700      0.0166411      0.4676366
  2P   4.4122297d-01      0.0000159      0.0003044      0.5434597
  2P   1.8117128d-01     -0.0000051     -0.0000350      0.1409936
        D                    3D             4D 
  BASIS/ORB.ENERGY       -6.5991991     -0.2497539
  3D   9.6500292d+02      0.0004220     -0.0000910
  3D   2.9085451d+02      0.0039559     -0.0008601
  3D   1.1306106d+02      0.0212633     -0.0046166
  3D   4.9550808d+01      0.0755527     -0.0166149
  3D   2.3250887d+01      0.1887203     -0.0416918
  3D   1.1298295d+01      0.3182985     -0.0694425
  3D   5.5227246d+00      0.3611281     -0.0726266
  3D   2.6790916d+00      0.2353514     -0.0159968
  3D   1.2366727d+00      0.0609605      0.1734347
  3D   5.0568625d-01      0.0026872      0.4007613
  3D   1.9429665d-01      0.0002603      0.4495282
  3D   6.8666438d-02     -0.0000405      0.2271120
 
 *** Overlap Matrix ***
 S       1     2     3     4     5     6     7     8     9    10    11    12    13    14    15    16    17    18    19    20    21    22
   1 1.000
   2 0.552 1.000
   3 0.213 0.685 1.000
   4 0.086 0.329 0.755 1.000
   5 0.037 0.151 0.415 0.799 1.000
   6 0.017 0.072 0.210 0.481 0.830 1.000
   7 0.009 0.036 0.107 0.262 0.534 0.852 1.000
   8 0.004 0.019 0.056 0.141 0.309 0.576 0.869 1.000
   9 0.002 0.010 0.030 0.077 0.174 0.350 0.612 0.882 1.000
  10 0.001 0.006 0.017 0.043 0.098 0.205 0.386 0.641 0.893 1.000
  11 0.001 0.003 0.010 0.024 0.056 0.119 0.233 0.418 0.665 0.901 1.000
  12 0.000 0.002 0.005 0.014 0.033 0.070 0.138 0.258 0.443 0.682 0.906 1.000
  13 0.000 0.001 0.003 0.008 0.018 0.039 0.078 0.147 0.264 0.442 0.670 0.891 1.000
  14 0.000 0.001 0.002 0.005 0.011 0.023 0.047 0.090 0.164 0.285 0.463 0.689 0.919 1.000
  15 0.000 0.000 0.001 0.003 0.006 0.014 0.028 0.054 0.100 0.176 0.298 0.475 0.722 0.916 1.000
  16 0.000 0.000 0.001 0.002 0.004 0.008 0.015 0.030 0.055 0.099 0.171 0.285 0.473 0.682 0.890 1.000
  17 0.000 0.000 0.000 0.001 0.002 0.005 0.009 0.018 0.033 0.060 0.105 0.178 0.308 0.473 0.686 0.919 1.000
  18 0.000 0.000 0.000 0.001 0.001 0.003 0.006 0.011 0.020 0.036 0.063 0.108 0.191 0.305 0.473 0.722 0.916 1.000
  19 0.000 0.000 0.000 0.000 0.001 0.001 0.003 0.006 0.010 0.018 0.032 0.056 0.101 0.164 0.267 0.448 0.653 0.866 1.000
  20 0.000 0.000 0.000 0.000 0.000 0.001 0.002 0.003 0.006 0.010 0.018 0.030 0.055 0.090 0.149 0.262 0.409 0.610 0.884 1.000
  21 0.000 0.000 0.000 0.000 0.000 0.000 0.000 0.001 0.002 0.003 0.005 0.009 0.016 0.027 0.045 0.081 0.132 0.216 0.393 0.632 1.000
  22 0.000 0.000 0.000 0.000 0.000 0.000 0.000 0.000 0.001 0.001 0.003 0.004 0.008 0.014 0.023 0.041 0.068 0.113 0.214 0.372 0.861 1.000
 P       1     2     3     4     5     6     7     8     9    10    11    12    13    14    15
   1 1.000
   2 0.549 1.000
   3 0.190 0.687 1.000
   4 0.064 0.311 0.757 1.000
   5 0.023 0.126 0.400 0.800 1.000
   6 0.009 0.050 0.182 0.466 0.828 1.000
   7 0.003 0.021 0.079 0.231 0.514 0.847 1.000
   8 0.001 0.009 0.034 0.107 0.271 0.549 0.859 1.000
   9 0.001 0.004 0.015 0.048 0.130 0.299 0.571 0.865 1.000
  10 0.000 0.002 0.006 0.020 0.057 0.142 0.308 0.569 0.858 1.000
  11 0.000 0.001 0.003 0.009 0.024 0.063 0.147 0.307 0.561 0.858 1.000
  12 0.000 0.000 0.001 0.004 0.010 0.027 0.065 0.146 0.301 0.560 0.858 1.000
  13 0.000 0.000 0.000 0.001 0.004 0.010 0.025 0.059 0.130 0.277 0.526 0.827 1.000
  14 0.000 0.000 0.000 0.000 0.001 0.004 0.009 0.022 0.051 0.117 0.251 0.486 0.821 1.000
  15 0.000 0.000 0.000 0.000 0.000 0.001 0.003 0.007 0.017 0.041 0.095 0.207 0.446 0.787 1.000
 D       1     2     3     4     5     6     7     8     9    10    11    12
   1 1.000
   2 0.552 1.000
   3 0.180 0.686 1.000
   4 0.053 0.295 0.749 1.000
   5 0.015 0.104 0.369 0.783 1.000
   6 0.005 0.034 0.144 0.415 0.800 1.000
   7 0.001 0.010 0.049 0.168 0.434 0.803 1.000
   8 0.000 0.003 0.015 0.057 0.176 0.433 0.799 1.000
   9 0.000 0.001 0.004 0.016 0.056 0.164 0.407 0.775 1.000
  10 0.000 0.000 0.001 0.004 0.013 0.042 0.127 0.334 0.713 1.000
  11 0.000 0.000 0.000 0.001 0.003 0.009 0.029 0.090 0.266 0.680 1.000
  12 0.000 0.000 0.000 0.000 0.000 0.001 0.005 0.017 0.059 0.220 0.635 1.000
--------------------------------------------------------------------------------------------------------      ZIRCONIUM   K(2)L(8)M(18)4S(2)4P(6)5S(2)4D(2), 3F                               

      CHARGE = 40.000000

      SYMMETRY SPECIES               S     P     D 
      NUMBER OF BASIS FUNCTIONS     22    15    12
      NUMBER OF CLOSED SHELLS        5     3     1
      NUMBER OF OPEN SHELLS          0     0     1
      OPEN SHELL OCCUPATION NUMBER   0     0     2

      OPEN-SHELL ENERGY COEFFICIENTS
      J(  2,  2,  0) =  0.00000000     K(  2,  2,  0) = -0.80000000
      J(  2,  2,  2) =  0.00000000     K(  2,  2,  2) = -0.10612245
      J(  2,  2,  4) =  0.00000000     K(  2,  2,  4) =  0.03673469
 
  *** FINAL SCF RESULTS ***
   E = -3538.994341559
   T =  3538.994329576     V = -7077.988671134     V/T =    -2.000000003
 
  ORBITAL ENERGIES AND EXPANSION COEFFICIENTS
        S                    1S             2S             3S             4S             5S 
  BASIS/ORB.ENERGY     -650.7047082    -91.3774458    -16.0547779     -2.4189736     -0.2071712
  1S   1.8079256d+07      0.0000043     -0.0000014      0.0000006     -0.0000002      0.0000001
  1S   2.7066830d+06      0.0000332     -0.0000106      0.0000044     -0.0000017      0.0000004
  1S   6.1629791d+05      0.0001746     -0.0000555      0.0000231     -0.0000087      0.0000023
  1S   1.7461932d+05      0.0007368     -0.0002342      0.0000972     -0.0000367      0.0000097
  1S   5.6992652d+04      0.0026759     -0.0008534      0.0003547     -0.0001342      0.0000356
  1S   2.0585958d+04      0.0086609     -0.0027744      0.0011523     -0.0004347      0.0001153
  1S   8.0345424d+03      0.0252979     -0.0082287      0.0034307     -0.0012993      0.0003444
  1S   3.3355317d+03      0.0663294     -0.0222290      0.0092845     -0.0035041      0.0009295
  1S   1.4561797d+03      0.1509403     -0.0542845      0.0229493     -0.0087196      0.0023115
  1S   6.6254304d+02      0.2766495     -0.1141194      0.0490041     -0.0185611      0.0049286
  1S   3.1172936d+02      0.3487694     -0.1895980      0.0851429     -0.0327704      0.0086962
  1S   1.4953217d+02      0.2276465     -0.1710671      0.0814323     -0.0311631      0.0083122
  1S   6.7736190d+01      0.0424391      0.1540202     -0.0857449      0.0330586     -0.0088844
  1S   3.4438308d+01     -0.0031699      0.5649475     -0.4388168      0.1880810     -0.0505553
  1S   1.7286459d+01      0.0019096      0.4075346     -0.4210873      0.1838446     -0.0502137
  1S   7.7547931d+00     -0.0010587      0.0616272      0.3628469     -0.1804060      0.0505227
  1S   3.9505259d+00      0.0006296     -0.0048952      0.7523305     -0.6479274      0.1939809
  1S   1.9717829d+00     -0.0003190      0.0026401      0.2221531     -0.2164857      0.0668407
  1S   8.4828858d-01      0.0001273     -0.0009674      0.0083212      0.8060225     -0.3193870
  1S   3.7395040d-01     -0.0000410      0.0002480      0.0006568      0.5463077     -0.3680449
  1S   7.3200095d-02      0.0000094     -0.0000609      0.0000585      0.0159890      0.6642417
  1S   2.8873769d-02     -0.0000040      0.0000259     -0.0000212     -0.0043581      0.5274896
        P                    2P             3P             4P 
  BASIS/ORB.ENERGY      -83.4782896    -13.0195198     -1.4873881
  2P   2.9117555d+04      0.0000864     -0.0000367      0.0000127
  2P   6.8948734d+03      0.0007662     -0.0003266      0.0001138
  2P   2.2391278d+03      0.0043812     -0.0018742      0.0006508
  2P   8.5613861d+02      0.0189031     -0.0081831      0.0028595
  2P   3.6288546d+02      0.0642670     -0.0284571      0.0099342
  2P   1.6529388d+02      0.1682228     -0.0777776      0.0274783
  2P   7.9073010d+01      0.3159818     -0.1546968      0.0548323
  2P   3.9173637d+01      0.3685716     -0.1885957      0.0682298
  2P   1.9746296d+01      0.2045590     -0.0051449     -0.0082797
  2P   9.7584383d+00      0.0371855      0.3711844     -0.1678086
  2P   4.8346489d+00      0.0013269      0.5118831     -0.2779655
  2P   2.3958152d+00      0.0004467      0.2135071     -0.0361084
  2P   1.1017333d+00     -0.0001102      0.0177606      0.4790992
  2P   4.9575782d-01      0.0000261      0.0003921      0.5404671
  2P   2.0405572d-01     -0.0000093     -0.0000135      0.1369073
        D                    3D             4D 
  BASIS/ORB.ENERGY       -7.5155868     -0.3366230
  3D   1.0137636d+03      0.0004374     -0.0001073
  3D   3.0559140d+02      0.0041018     -0.0010054
  3D   1.1880362d+02      0.0220467     -0.0054443
  3D   5.2081177d+01      0.0782983     -0.0194410
  3D   2.4452496d+01      0.1946759     -0.0490325
  3D   1.1883780d+01      0.3255892     -0.0797596
  3D   5.8132403d+00      0.3624187     -0.0832510
  3D   2.8196568d+00      0.2235104     -0.0015052
  3D   1.2897970d+00      0.0508938      0.2150224
  3D   5.5441574d-01      0.0013047      0.4209764
  3D   2.2596856d-01      0.0005328      0.4125829
  3D   8.4433235d-02     -0.0001004      0.1745148
 
 *** Overlap Matrix ***
 S       1     2     3     4     5     6     7     8     9    10    11    12    13    14    15    16    17    18    19    20    21    22
   1 1.000
   2 0.552 1.000
   3 0.213 0.685 1.000
   4 0.086 0.330 0.756 1.000
   5 0.037 0.152 0.415 0.800 1.000
   6 0.018 0.072 0.210 0.481 0.830 1.000
   7 0.009 0.036 0.107 0.263 0.534 0.852 1.000
   8 0.004 0.019 0.056 0.141 0.309 0.577 0.869 1.000
   9 0.002 0.010 0.030 0.077 0.174 0.350 0.612 0.882 1.000
  10 0.001 0.006 0.017 0.043 0.098 0.205 0.386 0.641 0.893 1.000
  11 0.001 0.003 0.010 0.024 0.056 0.119 0.234 0.418 0.665 0.901 1.000
  12 0.000 0.002 0.005 0.014 0.033 0.070 0.139 0.258 0.443 0.683 0.906 1.000
  13 0.000 0.001 0.003 0.008 0.018 0.039 0.078 0.148 0.265 0.442 0.670 0.892 1.000
  14 0.000 0.001 0.002 0.005 0.011 0.023 0.047 0.090 0.165 0.285 0.463 0.689 0.919 1.000
  15 0.000 0.000 0.001 0.003 0.006 0.014 0.028 0.054 0.100 0.177 0.298 0.476 0.722 0.916 1.000
  16 0.000 0.000 0.001 0.002 0.004 0.008 0.015 0.030 0.055 0.099 0.171 0.285 0.473 0.682 0.889 1.000
  17 0.000 0.000 0.000 0.001 0.002 0.005 0.009 0.018 0.033 0.060 0.105 0.178 0.308 0.474 0.687 0.920 1.000
  18 0.000 0.000 0.000 0.001 0.001 0.003 0.006 0.011 0.020 0.036 0.063 0.108 0.191 0.305 0.472 0.721 0.915 1.000
  19 0.000 0.000 0.000 0.000 0.001 0.001 0.003 0.006 0.011 0.019 0.034 0.058 0.104 0.170 0.274 0.460 0.666 0.878 1.000
  20 0.000 0.000 0.000 0.000 0.000 0.001 0.002 0.003 0.006 0.010 0.018 0.032 0.057 0.094 0.155 0.271 0.421 0.626 0.885 1.000
  21 0.000 0.000 0.000 0.000 0.000 0.000 0.000 0.001 0.002 0.003 0.005 0.009 0.017 0.028 0.047 0.084 0.138 0.226 0.398 0.637 1.000
  22 0.000 0.000 0.000 0.000 0.000 0.000 0.000 0.000 0.001 0.002 0.003 0.005 0.008 0.014 0.023 0.042 0.070 0.116 0.213 0.371 0.855 1.000
 P       1     2     3     4     5     6     7     8     9    10    11    12    13    14    15
   1 1.000
   2 0.549 1.000
   3 0.190 0.687 1.000
   4 0.064 0.311 0.757 1.000
   5 0.023 0.125 0.400 0.800 1.000
   6 0.009 0.050 0.182 0.466 0.828 1.000
   7 0.003 0.021 0.079 0.231 0.514 0.847 1.000
   8 0.001 0.009 0.034 0.107 0.271 0.550 0.860 1.000
   9 0.001 0.004 0.015 0.048 0.130 0.300 0.572 0.866 1.000
  10 0.000 0.002 0.006 0.020 0.058 0.143 0.309 0.571 0.859 1.000
  11 0.000 0.001 0.003 0.009 0.025 0.064 0.148 0.309 0.563 0.860 1.000
  12 0.000 0.000 0.001 0.004 0.010 0.027 0.066 0.148 0.304 0.565 0.860 1.000
  13 0.000 0.000 0.000 0.001 0.004 0.011 0.026 0.061 0.134 0.283 0.533 0.832 1.000
  14 0.000 0.000 0.000 0.001 0.001 0.004 0.010 0.023 0.053 0.121 0.257 0.493 0.823 1.000
  15 0.000 0.000 0.000 0.000 0.000 0.001 0.003 0.008 0.018 0.043 0.098 0.212 0.449 0.788 1.000
 D       1     2     3     4     5     6     7     8     9    10    11    12
   1 1.000
   2 0.552 1.000
   3 0.180 0.686 1.000
   4 0.053 0.295 0.749 1.000
   5 0.015 0.104 0.370 0.783 1.000
   6 0.005 0.034 0.144 0.415 0.800 1.000
   7 0.001 0.010 0.049 0.168 0.434 0.803 1.000
   8 0.000 0.003 0.015 0.057 0.176 0.433 0.799 1.000
   9 0.000 0.001 0.004 0.016 0.055 0.162 0.402 0.770 1.000
  10 0.000 0.000 0.001 0.004 0.014 0.045 0.135 0.350 0.739 1.000
  11 0.000 0.000 0.000 0.001 0.003 0.010 0.034 0.104 0.305 0.711 1.000
  12 0.000 0.000 0.000 0.000 0.001 0.002 0.007 0.022 0.077 0.256 0.665 1.000
--------------------------------------------------------------------------------------------------------      NIOBIUM   K(2)L(8)M(18)4S(2)4P(6)5S(1)4D(4), 6D                                 

      CHARGE = 41.000000

      SYMMETRY SPECIES               S     P     D 
      NUMBER OF BASIS FUNCTIONS     22    15    12
      NUMBER OF CLOSED SHELLS        4     3     1
      NUMBER OF OPEN SHELLS          1     0     1
      OPEN SHELL OCCUPATION NUMBER   1     0     4

      OPEN-SHELL ENERGY COEFFICIENTS
      J(  0,  0,  0) =  0.00000000     K(  0,  0,  0) = -1.00000000
      J(  2,  0,  0) =  0.00000000     K(  2,  0,  2) = -0.20000000
      J(  2,  2,  0) =  0.00000000     K(  2,  2,  0) = -0.30000000
      J(  2,  2,  2) =  0.00000000     K(  2,  2,  2) = -0.05000000
      J(  2,  2,  4) =  0.00000000     K(  2,  2,  4) = -0.05000000
 
  *** FINAL SCF RESULTS ***
   E = -3753.596881481
   T =  3753.596757184     V = -7507.193638665     V/T =    -2.000000033
 
  ORBITAL ENERGIES AND EXPANSION COEFFICIENTS
        S                    1S             2S             3S             4S             5S 
  BASIS/ORB.ENERGY     -685.4436532    -96.9744998    -17.2467238     -2.5371680     -0.2154395
  1S   1.7645889d+07      0.0000047     -0.0000015      0.0000006     -0.0000002      0.0000001
  1S   2.6424671d+06      0.0000364     -0.0000116      0.0000048     -0.0000019      0.0000005
  1S   6.0170035d+05      0.0001913     -0.0000610      0.0000255     -0.0000098      0.0000025
  1S   1.7057610d+05      0.0008068     -0.0002570      0.0001074     -0.0000412      0.0000106
  1S   5.5692148d+04      0.0029282     -0.0009362      0.0003920     -0.0001507      0.0000388
  1S   2.0119726d+04      0.0094675     -0.0030407      0.0012721     -0.0004883      0.0001259
  1S   7.8534158d+03      0.0275854     -0.0090097      0.0037846     -0.0014556      0.0003746
  1S   3.2612546d+03      0.0718815     -0.0242330      0.0101998     -0.0039184      0.0010106
  1S   1.4253988d+03      0.1612439     -0.0586652      0.0250168     -0.0096511      0.0024838
  1S   6.5029750d+02      0.2875135     -0.1209711      0.0524599     -0.0202495      0.0052309
  1S   3.0734076d+02      0.3452200     -0.1943620      0.0884148     -0.0345410      0.0088920
  1S   1.4830282d+02      0.2088693     -0.1572089      0.0759019     -0.0297756      0.0077573
  1S   6.6948245d+01      0.0344634      0.2007409     -0.1156747      0.0466132     -0.0122607
  1S   3.3997695d+01     -0.0028805      0.5784402     -0.4719855      0.2059481     -0.0536637
  1S   1.7118754d+01      0.0015861      0.3655098     -0.3753940      0.1705771     -0.0458511
  1S   7.6542389d+00     -0.0008684      0.0471850      0.4688978     -0.2574140      0.0717265
  1S   3.8463801d+00      0.0004925     -0.0035836      0.7364961     -0.6974249      0.2034988
  1S   1.8047345d+00     -0.0002683      0.0019556      0.1506899     -0.0722401      0.0226272
  1S   8.6700335d-01      0.0001291     -0.0009146     -0.0012813      0.8441758     -0.3418553
  1S   3.8018301d-01     -0.0000379      0.0002137      0.0020843      0.4775932     -0.3181128
  1S   7.7677453d-02      0.0000086     -0.0000547     -0.0002130      0.0112898      0.6468727
  1S   3.0645170d-02     -0.0000036      0.0000191      0.0000716     -0.0060054      0.5402727
        P                    2P             3P             4P 
  BASIS/ORB.ENERGY      -88.8227829    -14.0810878     -1.5566960
  2P   2.9414795d+04      0.0000929     -0.0000399      0.0000141
  2P   6.9651459d+03      0.0008238     -0.0003544      0.0001258
  2P   2.2621674d+03      0.0047018     -0.0020315      0.0007193
  2P   8.6532558d+02      0.0202021     -0.0088346      0.0031441
  2P   3.6710468d+02      0.0681662     -0.0305372      0.0108753
  2P   1.6740818d+02      0.1761298     -0.0824637      0.0296869
  2P   8.0195688d+01      0.3239681     -0.1609861      0.0583019
  2P   3.9804018d+01      0.3647163     -0.1873921      0.0688960
  2P   2.0085812d+01      0.1917484      0.0144072     -0.0167817
  2P   9.9549514d+00      0.0321525      0.3942824     -0.1845522
  2P   4.9577227d+00      0.0012254      0.5051957     -0.2847854
  2P   2.4607295d+00      0.0002869      0.1891550      0.0004288
  2P   1.1583033d+00     -0.0000712      0.0133696      0.5017396
  2P   5.2197733d-01      0.0000020      0.0009059      0.5132940
  2P   2.1414891d-01     -0.0000062     -0.0000311      0.1292689
        D                    3D             4D 
  BASIS/ORB.ENERGY       -8.3289451     -0.3004224
  3D   1.0106797d+03      0.0005054     -0.0001245
  3D   3.0466078d+02      0.0047188     -0.0011550
  3D   1.1837803d+02      0.0251038     -0.0062229
  3D   5.1785158d+01      0.0880785     -0.0218770
  3D   2.4247686d+01      0.2136232     -0.0540797
  3D   1.1719929d+01      0.3441819     -0.0835368
  3D   5.7056657d+00      0.3583561     -0.0809514
  3D   2.7491874d+00      0.1913367      0.0319593
  3D   1.2229055d+00      0.0330557      0.2650829
  3D   5.1911332d-01      0.0000323      0.4184820
  3D   2.0729325d-01      0.0004921      0.3774031
  3D   7.6350240d-02     -0.0000985      0.1641893
 
 *** Overlap Matrix ***
 S       1     2     3     4     5     6     7     8     9    10    11    12    13    14    15    16    17    18    19    20    21    22
   1 1.000
   2 0.552 1.000
   3 0.213 0.685 1.000
   4 0.086 0.330 0.756 1.000
   5 0.037 0.152 0.416 0.800 1.000
   6 0.018 0.072 0.211 0.482 0.830 1.000
   7 0.009 0.036 0.107 0.263 0.534 0.852 1.000
   8 0.004 0.019 0.056 0.141 0.309 0.577 0.869 1.000
   9 0.002 0.010 0.030 0.077 0.174 0.351 0.612 0.883 1.000
  10 0.001 0.006 0.017 0.043 0.099 0.206 0.387 0.643 0.893 1.000
  11 0.001 0.003 0.010 0.025 0.057 0.120 0.235 0.420 0.668 0.902 1.000
  12 0.000 0.002 0.006 0.014 0.033 0.070 0.140 0.261 0.447 0.686 0.907 1.000
  13 0.000 0.001 0.003 0.008 0.018 0.039 0.078 0.149 0.266 0.444 0.671 0.891 1.000
  14 0.000 0.001 0.002 0.005 0.011 0.024 0.047 0.091 0.166 0.286 0.464 0.688 0.919 1.000
  15 0.000 0.000 0.001 0.003 0.007 0.014 0.028 0.055 0.101 0.178 0.299 0.475 0.723 0.917 1.000
  16 0.000 0.000 0.001 0.002 0.004 0.008 0.016 0.030 0.056 0.099 0.171 0.284 0.473 0.682 0.888 1.000
  17 0.000 0.000 0.000 0.001 0.002 0.005 0.009 0.018 0.033 0.060 0.104 0.176 0.305 0.470 0.681 0.917 1.000
  18 0.000 0.000 0.000 0.001 0.001 0.003 0.005 0.010 0.019 0.034 0.059 0.102 0.181 0.289 0.450 0.697 0.900 1.000
  19 0.000 0.000 0.000 0.000 0.001 0.002 0.003 0.006 0.011 0.020 0.034 0.059 0.107 0.174 0.280 0.470 0.682 0.906 1.000
  20 0.000 0.000 0.000 0.000 0.000 0.001 0.002 0.003 0.006 0.011 0.019 0.032 0.058 0.096 0.157 0.277 0.433 0.660 0.883 1.000
  21 0.000 0.000 0.000 0.000 0.000 0.000 0.000 0.001 0.002 0.003 0.006 0.010 0.018 0.029 0.049 0.089 0.147 0.251 0.407 0.650 1.000
  22 0.000 0.000 0.000 0.000 0.000 0.000 0.000 0.000 0.001 0.002 0.003 0.005 0.009 0.015 0.025 0.045 0.075 0.130 0.219 0.381 0.855 1.000
 P       1     2     3     4     5     6     7     8     9    10    11    12    13    14    15
   1 1.000
   2 0.549 1.000
   3 0.190 0.687 1.000
   4 0.064 0.311 0.757 1.000
   5 0.023 0.126 0.400 0.800 1.000
   6 0.009 0.050 0.183 0.466 0.829 1.000
   7 0.004 0.021 0.080 0.232 0.516 0.847 1.000
   8 0.001 0.009 0.035 0.108 0.272 0.551 0.860 1.000
   9 0.001 0.004 0.015 0.048 0.131 0.301 0.573 0.866 1.000
  10 0.000 0.002 0.006 0.021 0.058 0.144 0.311 0.573 0.860 1.000
  11 0.000 0.001 0.003 0.009 0.025 0.065 0.150 0.312 0.567 0.862 1.000
  12 0.000 0.000 0.001 0.004 0.011 0.028 0.067 0.150 0.307 0.568 0.860 1.000
  13 0.000 0.000 0.000 0.001 0.004 0.011 0.027 0.063 0.139 0.292 0.544 0.841 1.000
  14 0.000 0.000 0.000 0.001 0.002 0.004 0.010 0.024 0.055 0.125 0.264 0.503 0.824 1.000
  15 0.000 0.000 0.000 0.000 0.001 0.001 0.003 0.008 0.019 0.044 0.100 0.217 0.449 0.786 1.000
 D       1     2     3     4     5     6     7     8     9    10    11    12
   1 1.000
   2 0.552 1.000
   3 0.180 0.686 1.000
   4 0.052 0.294 0.748 1.000
   5 0.015 0.103 0.368 0.782 1.000
   6 0.004 0.033 0.142 0.411 0.797 1.000
   7 0.001 0.010 0.048 0.165 0.429 0.801 1.000
   8 0.000 0.003 0.014 0.055 0.172 0.428 0.796 1.000
   9 0.000 0.001 0.004 0.015 0.051 0.153 0.387 0.756 1.000
  10 0.000 0.000 0.001 0.003 0.013 0.042 0.126 0.334 0.732 1.000
  11 0.000 0.000 0.000 0.001 0.003 0.009 0.030 0.095 0.293 0.700 1.000
  12 0.000 0.000 0.000 0.000 0.000 0.002 0.006 0.019 0.071 0.244 0.657 1.000
--------------------------------------------------------------------------------------------------------      MOLYBDENUM   K(2)L(8)M(18)4S(2)4P(6)5S(1)4D(5), 7S                              

      CHARGE = 42.000000

      SYMMETRY SPECIES               S     P     D 
      NUMBER OF BASIS FUNCTIONS     22    15    12
      NUMBER OF CLOSED SHELLS        4     3     1
      NUMBER OF OPEN SHELLS          1     0     1
      OPEN SHELL OCCUPATION NUMBER   1     0     5

      OPEN-SHELL ENERGY COEFFICIENTS
      J(  0,  0,  0) =  0.00000000     K(  0,  0,  0) = -1.00000000
      J(  2,  0,  0) =  0.00000000     K(  2,  0,  2) = -0.20000000
      J(  2,  2,  0) =  0.00000000     K(  2,  2,  0) = -0.20000000
      J(  2,  2,  2) =  0.00000000     K(  2,  2,  2) = -0.05714286
      J(  2,  2,  4) =  0.00000000     K(  2,  2,  4) = -0.05714286
 
  *** FINAL SCF RESULTS ***
   E = -3975.548630861
   T =  3975.548213816     V = -7951.096844677     V/T =    -2.000000105
 
  ORBITAL ENERGIES AND EXPANSION COEFFICIENTS
        S                    1S             2S             3S             4S             5S 
  BASIS/ORB.ENERGY     -721.2018791   -102.8503194    -18.5842399     -2.7626474     -0.2225938
  1S   1.8435659d+07      0.0000047     -0.0000015      0.0000006     -0.0000002      0.0000001
  1S   2.7608035d+06      0.0000366     -0.0000117      0.0000049     -0.0000019      0.0000005
  1S   6.2872428d+05      0.0001924     -0.0000614      0.0000259     -0.0000101      0.0000026
  1S   1.7829947d+05      0.0008105     -0.0002587      0.0001089     -0.0000426      0.0000109
  1S   5.8266229d+04      0.0029363     -0.0009407      0.0003966     -0.0001552      0.0000397
  1S   2.1088040d+04      0.0094616     -0.0030452      0.0012828     -0.0005016      0.0001284
  1S   8.2532743d+03      0.0274562     -0.0089857      0.0038008     -0.0014887      0.0003803
  1S   3.4377952d+03      0.0712816     -0.0240765      0.0102042     -0.0039934      0.0010230
  1S   1.5070362d+03      0.1596207     -0.0581512      0.0249704     -0.0098097      0.0025056
  1S   6.8913864d+02      0.2852431     -0.1200127      0.0524014     -0.0206101      0.0052891
  1S   3.2610987d+02      0.3452963     -0.1938928      0.0887954     -0.0353218      0.0090218
  1S   1.5738867d+02      0.2120836     -0.1599895      0.0777891     -0.0311426      0.0080720
  1S   7.1090573d+01      0.0357989      0.1941342     -0.1126540      0.0463873     -0.0121656
  1S   3.6152330d+01     -0.0030121      0.5773874     -0.4733676      0.2104789     -0.0543989
  1S   1.8210269d+01      0.0016645      0.3715732     -0.3854956      0.1799412     -0.0482713
  1S   8.1536922d+00     -0.0009168      0.0488169      0.4678125     -0.2654303      0.0741513
  1S   4.1187752d+00      0.0005254     -0.0038634      0.7424765     -0.7227584      0.2094191
  1S   1.9292291d+00     -0.0002868      0.0020356      0.1502653     -0.0516863      0.0175788
  1S   9.3776122d-01      0.0001395     -0.0009664     -0.0017897      0.8535707     -0.3527864
  1S   4.1221189d-01     -0.0000405      0.0002245      0.0022306      0.4660491     -0.3000559
  1S   8.4850416d-02      0.0000090     -0.0000569     -0.0002242      0.0104686      0.6341094
  1S   3.2709483d-02     -0.0000037      0.0000179      0.0000791     -0.0060339      0.5505146
        P                    2P             3P             4P 
  BASIS/ORB.ENERGY      -94.4437999    -15.2862713     -1.7233747
  2P   3.2079536d+04      0.0000873     -0.0000378      0.0000137
  2P   7.5979414d+03      0.0007733     -0.0003357      0.0001219
  2P   2.4687078d+03      0.0044175     -0.0019250      0.0006976
  2P   9.4457435d+02      0.0190512     -0.0084024      0.0030603
  2P   4.0059023d+02      0.0648024     -0.0292512      0.0106605
  2P   1.8249651d+02      0.1697784     -0.0800750      0.0295030
  2P   8.7304541d+01      0.3184750     -0.1593276      0.0590665
  2P   4.3268495d+01      0.3683345     -0.1918430      0.0722913
  2P   2.1822943d+01      0.2010769      0.0019483     -0.0120659
  2P   1.0810892d+01      0.0354611      0.3876124     -0.1871350
  2P   5.3946421d+00      0.0011861      0.5121184     -0.2967952
  2P   2.6859031d+00      0.0003571      0.1943896     -0.0007499
  2P   1.2726028d+00     -0.0001135      0.0141119      0.5089683
  2P   5.7494207d-01      0.0000117      0.0010113      0.5105182
  2P   2.3641713d-01     -0.0000103     -0.0000132      0.1276009
        D                    3D             4D 
  BASIS/ORB.ENERGY       -9.2839205     -0.3577102
  3D   1.0283760d+03      0.0005559     -0.0001470
  3D   3.1027569d+02      0.0051630     -0.0013609
  3D   1.2073579d+02      0.0271825     -0.0072440
  3D   5.2922175d+01      0.0940717     -0.0251959
  3D   2.4865989d+01      0.2231708     -0.0607699
  3D   1.2069919d+01      0.3503116     -0.0914179
  3D   5.9224418d+00      0.3508001     -0.0828373
  3D   2.8872542d+00      0.1753406      0.0481875
  3D   1.3150854d+00      0.0283735      0.2880341
  3D   5.7148268d-01      0.0002306      0.4220530
  3D   2.3401053d-01      0.0002829      0.3530590
  3D   8.8072760d-02     -0.0000804      0.1402185
 
 *** Overlap Matrix ***
 S       1     2     3     4     5     6     7     8     9    10    11    12    13    14    15    16    17    18    19    20    21    22
   1 1.000
   2 0.552 1.000
   3 0.213 0.685 1.000
   4 0.086 0.330 0.756 1.000
   5 0.038 0.152 0.416 0.800 1.000
   6 0.018 0.072 0.211 0.482 0.830 1.000
   7 0.009 0.036 0.108 0.264 0.535 0.853 1.000
   8 0.005 0.019 0.056 0.142 0.311 0.579 0.870 1.000
   9 0.002 0.010 0.031 0.078 0.176 0.352 0.614 0.883 1.000
  10 0.001 0.006 0.017 0.044 0.100 0.207 0.390 0.644 0.894 1.000
  11 0.001 0.003 0.010 0.025 0.057 0.121 0.237 0.422 0.669 0.902 1.000
  12 0.000 0.002 0.006 0.014 0.033 0.071 0.141 0.262 0.448 0.686 0.907 1.000
  13 0.000 0.001 0.003 0.008 0.018 0.039 0.079 0.150 0.267 0.444 0.671 0.891 1.000
  14 0.000 0.001 0.002 0.005 0.011 0.024 0.048 0.091 0.166 0.287 0.464 0.688 0.919 1.000
  15 0.000 0.000 0.001 0.003 0.007 0.014 0.029 0.055 0.101 0.178 0.299 0.476 0.723 0.917 1.000
  16 0.000 0.000 0.001 0.002 0.004 0.008 0.016 0.030 0.056 0.100 0.171 0.285 0.474 0.682 0.889 1.000
  17 0.000 0.000 0.000 0.001 0.002 0.005 0.009 0.018 0.034 0.060 0.105 0.177 0.307 0.472 0.683 0.918 1.000
  18 0.000 0.000 0.000 0.001 0.001 0.003 0.005 0.010 0.019 0.034 0.060 0.102 0.182 0.290 0.452 0.698 0.900 1.000
  19 0.000 0.000 0.000 0.000 0.001 0.002 0.003 0.006 0.011 0.020 0.035 0.060 0.108 0.176 0.284 0.474 0.685 0.909 1.000
  20 0.000 0.000 0.000 0.000 0.000 0.001 0.002 0.003 0.006 0.011 0.019 0.033 0.059 0.097 0.160 0.280 0.436 0.665 0.884 1.000
  21 0.000 0.000 0.000 0.000 0.000 0.000 0.001 0.001 0.002 0.003 0.006 0.010 0.018 0.030 0.050 0.091 0.149 0.255 0.410 0.653 1.000
  22 0.000 0.000 0.000 0.000 0.000 0.000 0.000 0.000 0.001 0.002 0.003 0.005 0.009 0.015 0.025 0.045 0.074 0.130 0.217 0.377 0.849 1.000
 P       1     2     3     4     5     6     7     8     9    10    11    12    13    14    15
   1 1.000
   2 0.549 1.000
   3 0.190 0.687 1.000
   4 0.064 0.312 0.757 1.000
   5 0.023 0.126 0.400 0.800 1.000
   6 0.009 0.050 0.182 0.466 0.828 1.000
   7 0.003 0.021 0.080 0.231 0.515 0.847 1.000
   8 0.001 0.009 0.035 0.107 0.271 0.550 0.860 1.000
   9 0.001 0.004 0.015 0.048 0.130 0.300 0.572 0.866 1.000
  10 0.000 0.002 0.006 0.021 0.058 0.143 0.310 0.572 0.860 1.000
  11 0.000 0.001 0.003 0.009 0.025 0.064 0.150 0.312 0.568 0.862 1.000
  12 0.000 0.000 0.001 0.004 0.011 0.028 0.068 0.151 0.309 0.570 0.862 1.000
  13 0.000 0.000 0.000 0.001 0.004 0.011 0.028 0.064 0.141 0.295 0.548 0.843 1.000
  14 0.000 0.000 0.000 0.001 0.002 0.004 0.010 0.025 0.056 0.127 0.267 0.507 0.825 1.000
  15 0.000 0.000 0.000 0.000 0.001 0.001 0.003 0.008 0.019 0.045 0.102 0.220 0.451 0.787 1.000
 D       1     2     3     4     5     6     7     8     9    10    11    12
   1 1.000
   2 0.552 1.000
   3 0.181 0.687 1.000
   4 0.053 0.295 0.749 1.000
   5 0.015 0.104 0.370 0.784 1.000
   6 0.005 0.034 0.144 0.415 0.800 1.000
   7 0.001 0.010 0.049 0.169 0.435 0.805 1.000
   8 0.000 0.003 0.015 0.058 0.178 0.437 0.802 1.000
   9 0.000 0.001 0.004 0.016 0.055 0.163 0.403 0.768 1.000
  10 0.000 0.000 0.001 0.004 0.014 0.046 0.137 0.353 0.744 1.000
  11 0.000 0.000 0.000 0.001 0.003 0.011 0.035 0.106 0.311 0.713 1.000
  12 0.000 0.000 0.000 0.000 0.001 0.002 0.007 0.023 0.080 0.260 0.669 1.000
--------------------------------------------------------------------------------------------------------      TECHNETIUM   K(2)L(8)M(18)4S(2)4P(6)5S(2)4D(5), 6S                              

      CHARGE = 43.000000

      SYMMETRY SPECIES               S     P     D 
      NUMBER OF BASIS FUNCTIONS     22    15    12
      NUMBER OF CLOSED SHELLS        5     3     1
      NUMBER OF OPEN SHELLS          0     0     1
      OPEN SHELL OCCUPATION NUMBER   0     0     5

      OPEN-SHELL ENERGY COEFFICIENTS
      J(  2,  2,  0) =  0.00000000     K(  2,  2,  0) = -0.20000000
      J(  2,  2,  2) =  0.00000000     K(  2,  2,  2) = -0.05714286
      J(  2,  2,  4) =  0.00000000     K(  2,  2,  4) = -0.05714286

  *** FINAL SCF RESULTS ***
   E = -4204.787928522
   T =  4204.787911030     V = -8409.575839552     V/T =    -2.000000004

  ORBITAL ENERGIES AND EXPANSION COEFFICIENTS
        S                    1S             2S             3S             4S             5S 
  BASIS/ORB.ENERGY     -758.0427677   -109.0695492    -20.1315900     -3.1519783     -0.2311444
  1S   2.1090582E+07      0.0000042     -0.0000014      0.0000006     -0.0000002      0.0000001
  1S   3.1585172E+06      0.0000328     -0.0000105      0.0000044     -0.0000018      0.0000005
  1S   7.1901558E+05      0.0001727     -0.0000552      0.0000234     -0.0000094      0.0000024
  1S   2.0370546E+05      0.0007289     -0.0002331      0.0000988     -0.0000394      0.0000101
  1S   6.6459435E+04      0.0026496     -0.0008502      0.0003608     -0.0001442      0.0000367
  1S   2.3988569E+04      0.0085867     -0.0027675      0.0011735     -0.0004684      0.0001195
  1S   9.3543508E+03      0.0251202     -0.0082207      0.0034994     -0.0014000      0.0003566
  1S   3.8799742E+03      0.0659686     -0.0222430      0.0094859     -0.0037888      0.0009673
  1S   1.6928040E+03      0.1503395     -0.0544003      0.0234889     -0.0094259      0.0024006
  1S   7.7001968E+02      0.2760325     -0.1145766      0.0502642     -0.0201684      0.0051575
  1S   3.6232284E+02      0.3489533     -0.1908177      0.0876211     -0.0356087      0.0090720
  1S   1.7388120E+02      0.2287638     -0.1728552      0.0842534     -0.0343543      0.0088583
  1S   7.8872904E+01      0.0428716      0.1553393     -0.0892089      0.0370976     -0.0097111
  1S   4.0173556E+01     -0.0032514      0.5675236     -0.4553474      0.2067481     -0.0533131
  1S   2.0190215E+01      0.0019263      0.4065123     -0.4292142      0.2038292     -0.0543117
  1S   9.0542227E+00     -0.0010861      0.0602607      0.4027000     -0.2272360      0.0631543
  1S   4.6456740E+00      0.0006561     -0.0053607      0.7657973     -0.7422380      0.2154377
  1S   2.2644248E+00     -0.0003494      0.0027031      0.1872967     -0.1262943      0.0367684
  1S   1.0678730E+00      0.0001560     -0.0011493      0.0030711      0.8572953     -0.3410653
  1S   4.7421202E-01     -0.0000456      0.0002687      0.0017510      0.4998583     -0.3175758
  1S   9.2050744E-02      0.0000095     -0.0000590     -0.0001060      0.0131520      0.6401216
  1S   3.4700898E-02     -0.0000039      0.0000241      0.0000460     -0.0034580      0.5415712
        P                    2P             3P             4P 
  BASIS/ORB.ENERGY     -100.4058451    -16.6993360     -2.0410155
  2P   3.5339346E+04      0.0000803     -0.0000351      0.0000131
  2P   8.3674283E+03      0.0007129     -0.0003121      0.0001167
  2P   2.7173458E+03      0.0040853     -0.0017946      0.0006692
  2P   1.0391741E+03      0.0177070     -0.0078710      0.0029515
  2P   4.4065136E+02      0.0606814     -0.0275772      0.0103417
  2P   2.0084747E+02      0.1609949     -0.0763957      0.0289794
  2P   9.6213681E+01      0.3084933     -0.1550949      0.0591583
  2P   4.7763105E+01      0.3707289     -0.1957396      0.0761179
  2P   2.4156870E+01      0.2159740     -0.0200839     -0.0028997
  2P   1.2006638E+01      0.0421622      0.3656933     -0.1825175
  2P   6.0207561E+00      0.0012882      0.5212393     -0.3108521
  2P   3.0223104E+00      0.0005113      0.2145878     -0.0249574
  2P   1.4357827E+00     -0.0001835      0.0180412      0.5078542
  2P   6.5493847E-01      0.0000335      0.0008911      0.5245230
  2P   2.7254097E-01     -0.0000159      0.0000001      0.1263469
        D                    3D             4D 
  BASIS/ORB.ENERGY      -10.4443911     -0.5437810
  3D   1.2357458E+03      0.0004241     -0.0001258
  3D   3.7280133E+02      0.0040031     -0.0011818
  3D   1.4508285E+02      0.0217587     -0.0064963
  3D   6.3769842E+01      0.0783338     -0.0234804
  3D   3.0059017E+01      0.1967264     -0.0601339
  3D   1.4695955E+01      0.3313017     -0.0980387
  3D   7.2673455E+00      0.3639917     -0.1001254
  3D   3.5874371E+00      0.2108672      0.0182548
  3D   1.6791697E+00      0.0433401      0.2724062
  3D   7.5680520E-01      0.0009377      0.4383598
  3D   3.2495985E-01      0.0004375      0.3569316
  3D   1.2726985E-01     -0.0001064      0.1224304

 *** Overlap Matrix ***
 S       1     2     3     4     5     6     7     8     9    10    11    12    13    14    15    16    17    18    19    20    21    22
   1 1.000
   2 0.552 1.000
   3 0.213 0.685 1.000
   4 0.086 0.330 0.756 1.000
   5 0.037 0.151 0.415 0.799 1.000
   6 0.017 0.072 0.210 0.481 0.830 1.000
   7 0.009 0.036 0.107 0.262 0.533 0.852 1.000
   8 0.004 0.019 0.056 0.141 0.309 0.576 0.869 1.000
   9 0.002 0.010 0.030 0.077 0.174 0.350 0.611 0.882 1.000
  10 0.001 0.006 0.017 0.043 0.098 0.205 0.386 0.641 0.893 1.000
  11 0.001 0.003 0.010 0.024 0.056 0.119 0.233 0.418 0.665 0.901 1.000
  12 0.000 0.002 0.005 0.014 0.033 0.070 0.139 0.258 0.443 0.683 0.906 1.000
  13 0.000 0.001 0.003 0.008 0.018 0.039 0.078 0.148 0.265 0.442 0.671 0.892 1.000
  14 0.000 0.001 0.002 0.005 0.011 0.023 0.047 0.090 0.165 0.286 0.464 0.690 0.920 1.000
  15 0.000 0.000 0.001 0.003 0.007 0.014 0.028 0.054 0.100 0.177 0.299 0.477 0.723 0.917 1.000
  16 0.000 0.000 0.001 0.002 0.004 0.008 0.015 0.030 0.055 0.099 0.171 0.286 0.474 0.682 0.889 1.000
  17 0.000 0.000 0.000 0.001 0.002 0.005 0.009 0.018 0.034 0.061 0.106 0.180 0.310 0.476 0.689 0.921 1.000
  18 0.000 0.000 0.000 0.001 0.001 0.003 0.005 0.011 0.020 0.036 0.062 0.107 0.189 0.301 0.467 0.716 0.910 1.000
  19 0.000 0.000 0.000 0.000 0.001 0.002 0.003 0.006 0.011 0.020 0.036 0.061 0.110 0.179 0.289 0.482 0.688 0.902 1.000
  20 0.000 0.000 0.000 0.000 0.000 0.001 0.002 0.003 0.006 0.011 0.019 0.034 0.061 0.100 0.164 0.287 0.441 0.658 0.887 1.000
  21 0.000 0.000 0.000 0.000 0.000 0.000 0.000 0.001 0.002 0.003 0.006 0.010 0.018 0.030 0.049 0.089 0.145 0.241 0.397 0.634 1.000
  22 0.000 0.000 0.000 0.000 0.000 0.000 0.000 0.000 0.001 0.002 0.003 0.005 0.009 0.014 0.024 0.043 0.071 0.120 0.206 0.358 0.842 1.000
 P       1     2     3     4     5     6     7     8     9    10    11    12    13    14    15
   1 1.000
   2 0.549 1.000
   3 0.190 0.687 1.000
   4 0.064 0.311 0.757 1.000
   5 0.023 0.126 0.400 0.800 1.000
   6 0.009 0.050 0.182 0.466 0.828 1.000
   7 0.003 0.021 0.080 0.232 0.515 0.847 1.000
   8 0.001 0.009 0.035 0.108 0.272 0.551 0.861 1.000
   9 0.001 0.004 0.015 0.048 0.131 0.302 0.574 0.867 1.000
  10 0.000 0.002 0.006 0.021 0.059 0.145 0.313 0.575 0.861 1.000
  11 0.000 0.001 0.003 0.009 0.026 0.066 0.152 0.316 0.571 0.864 1.000
  12 0.000 0.000 0.001 0.004 0.011 0.029 0.069 0.154 0.313 0.575 0.865 1.000
  13 0.000 0.000 0.000 0.002 0.004 0.012 0.028 0.066 0.144 0.300 0.552 0.844 1.000
  14 0.000 0.000 0.000 0.001 0.002 0.004 0.011 0.026 0.058 0.131 0.273 0.512 0.829 1.000
  15 0.000 0.000 0.000 0.000 0.001 0.001 0.004 0.009 0.020 0.047 0.106 0.225 0.459 0.792 1.000
 D       1     2     3     4     5     6     7     8     9    10    11    12
   1 1.000
   2 0.552 1.000
   3 0.181 0.687 1.000
   4 0.053 0.296 0.750 1.000
   5 0.016 0.105 0.372 0.785 1.000
   6 0.005 0.034 0.147 0.420 0.803 1.000
   7 0.001 0.011 0.051 0.173 0.442 0.808 1.000
   8 0.000 0.003 0.016 0.061 0.185 0.447 0.808 1.000
   9 0.000 0.001 0.004 0.018 0.060 0.174 0.421 0.782 1.000
  10 0.000 0.000 0.001 0.005 0.017 0.053 0.153 0.380 0.763 1.000
  11 0.000 0.000 0.000 0.001 0.004 0.013 0.042 0.125 0.344 0.738 1.000
  12 0.000 0.000 0.000 0.000 0.001 0.003 0.009 0.029 0.096 0.290 0.690 1.000
--------------------------------------------------------------------------------------------------------      RUTHENIUM   K(2)L(8)M(18)4S(2)4P(6)5S(1)4D(7), 5F                               

      CHARGE = 44.000000

      SYMMETRY SPECIES               S     P     D 
      NUMBER OF BASIS FUNCTIONS     22    15    12
      NUMBER OF CLOSED SHELLS        4     3     1
      NUMBER OF OPEN SHELLS          1     0     1
      OPEN SHELL OCCUPATION NUMBER   1     0     7

      OPEN-SHELL ENERGY COEFFICIENTS
      J(  0,  0,  0) =  0.00000000     K(  0,  0,  0) = -1.00000000
      J(  2,  0,  0) =  0.00000000     K(  2,  0,  2) = -0.08571429
      J(  2,  2,  0) =  0.00000000     K(  2,  2,  0) = -0.08571429
      J(  2,  2,  2) =  0.00000000     K(  2,  2,  2) = -0.01449396
      J(  2,  2,  4) =  0.00000000     K(  2,  2,  4) = -0.00283215
 
  *** FINAL SCF RESULTS ***
   E = -4441.538533307
   T =  4441.538503445     V = -8883.077036751     V/T =    -2.000000007
 
  ORBITAL ENERGIES AND EXPANSION COEFFICIENTS
        S                    1S             2S             3S             4S             5S 
  BASIS/ORB.ENERGY     -795.5131013   -115.1584635    -21.4135429     -3.2568208     -0.2222777
  1S   2.1413164d+07      0.0000044     -0.0000014      0.0000006     -0.0000002      0.0000001
  1S   3.2068909d+06      0.0000341     -0.0000109      0.0000047     -0.0000019      0.0000004
  1S   7.2995195d+05      0.0001795     -0.0000575      0.0000245     -0.0000099      0.0000024
  1S   2.0685946d+05      0.0007571     -0.0002426      0.0001034     -0.0000417      0.0000099
  1S   6.7538250d+04      0.0027480     -0.0008835      0.0003773     -0.0001521      0.0000362
  1S   2.4408012d+04      0.0088835     -0.0028690      0.0012239     -0.0004930      0.0001177
  1S   9.5348521d+03      0.0258899     -0.0084948      0.0036387     -0.0014680      0.0003497
  1S   3.9636689d+03      0.0676636     -0.0228865      0.0098208     -0.0039601      0.0009459
  1S   1.7332105d+03      0.1532786     -0.0557407      0.0242288     -0.0098032      0.0023349
  1S   7.9004317d+02      0.2790742     -0.1166809      0.0515416     -0.0208918      0.0049986
  1S   3.7244963d+02      0.3480640     -0.1926167      0.0891787     -0.0365313      0.0087024
  1S   1.7904361d+02      0.2233614     -0.1691634      0.0831619     -0.0343700      0.0082999
  1S   8.0997291d+01      0.0402798      0.1711921     -0.0999758      0.0425117     -0.0104144
  1S   4.1253400d+01     -0.0032588      0.5734648     -0.4706765      0.2157010     -0.0520224
  1S   2.0752754d+01      0.0018455      0.3921087     -0.4148366      0.2018170     -0.0504838
  1S   9.2821441d+00     -0.0010277      0.0544853      0.4524235     -0.2696493      0.0705202
  1S   4.7421409d+00      0.0006034     -0.0048530      0.7577541     -0.7664425      0.2083261
  1S   2.2366673d+00     -0.0003230      0.0023486      0.1563583     -0.0279771      0.0051445
  1S   1.0870325d+00      0.0001528     -0.0010863     -0.0012248      0.8733770     -0.3330553
  1S   4.7652461d-01     -0.0000427      0.0002440      0.0022267      0.4445494     -0.2619909
  1S   8.9292550d-02      0.0000087     -0.0000551     -0.0001874      0.0101073      0.6090778
  1S   3.3512398d-02     -0.0000036      0.0000194      0.0000795     -0.0038801      0.5541250
        P                    2P             3P             4P 
  BASIS/ORB.ENERGY     -106.2390549    -17.8484134     -2.1009517
  2P   3.7000982d+04      0.0000807     -0.0000355      0.0000134
  2P   8.7603195d+03      0.0007158     -0.0003158      0.0001193
  2P   2.8446723d+03      0.0041033     -0.0018168      0.0006847
  2P   1.0877700d+03      0.0177925     -0.0079727      0.0030204
  2P   4.6125737d+02      0.0609896     -0.0279451      0.0105944
  2P   2.1025558d+02      0.1617993     -0.0774432      0.0296864
  2P   1.0072479d+02      0.3098154     -0.1572077      0.0606665
  2P   4.9997233d+01      0.3709279     -0.1974128      0.0775431
  2P   2.5275172d+01      0.2142075     -0.0161866     -0.0048450
  2P   1.2550431d+01      0.0409705      0.3761213     -0.1916944
  2P   6.3020064d+00      0.0011374      0.5217731     -0.3174243
  2P   3.1610224d+00      0.0004746      0.2031471     -0.0022096
  2P   1.5129961d+00     -0.0001905      0.0156834      0.5211142
  2P   6.8695063d-01      0.0000280      0.0011632      0.5069783
  2P   2.8321028d-01     -0.0000179      0.0000406      0.1233683
        D                    3D             4D 
  BASIS/ORB.ENERGY      -11.3429921     -0.4125234
  3D   1.1860795d+03      0.0005257     -0.0001536
  3D   3.5771649d+02      0.0049239     -0.0014361
  3D   1.3911871d+02      0.0262940     -0.0077458
  3D   6.0997233d+01      0.0924760     -0.0274426
  3D   2.8670356d+01      0.2229491     -0.0672261
  3D   1.3930264d+01      0.3545278     -0.1028208
  3D   6.8564789d+00      0.3527203     -0.0900587
  3D   3.3645738d+00      0.1682678      0.0658878
  3D   1.5639242d+00      0.0256564      0.3158846
  3D   6.8882363d-01      0.0007310      0.4219944
  3D   2.8410416d-01      0.0003361      0.3262617
  3D   1.0656507d-01      0.0000299      0.1227362
 
 *** Overlap Matrix ***
 S       1     2     3     4     5     6     7     8     9    10    11    12    13    14    15    16    17    18    19    20    21    22
   1 1.000
   2 0.552 1.000
   3 0.213 0.685 1.000
   4 0.086 0.330 0.756 1.000
   5 0.037 0.152 0.416 0.800 1.000
   6 0.018 0.072 0.211 0.482 0.830 1.000
   7 0.009 0.036 0.107 0.263 0.534 0.852 1.000
   8 0.004 0.019 0.056 0.142 0.310 0.577 0.869 1.000
   9 0.002 0.010 0.030 0.077 0.175 0.351 0.613 0.883 1.000
  10 0.001 0.006 0.017 0.043 0.099 0.206 0.388 0.642 0.893 1.000
  11 0.001 0.003 0.010 0.025 0.057 0.120 0.235 0.420 0.667 0.902 1.000
  12 0.000 0.002 0.006 0.014 0.033 0.070 0.140 0.259 0.445 0.684 0.906 1.000
  13 0.000 0.001 0.003 0.008 0.018 0.039 0.078 0.148 0.265 0.443 0.671 0.891 1.000
  14 0.000 0.001 0.002 0.005 0.011 0.024 0.047 0.091 0.165 0.286 0.464 0.689 0.920 1.000
  15 0.000 0.000 0.001 0.003 0.007 0.014 0.028 0.055 0.101 0.178 0.299 0.477 0.723 0.917 1.000
  16 0.000 0.000 0.001 0.002 0.004 0.008 0.016 0.030 0.056 0.099 0.171 0.285 0.473 0.682 0.888 1.000
  17 0.000 0.000 0.000 0.001 0.002 0.005 0.009 0.018 0.034 0.060 0.105 0.179 0.309 0.474 0.687 0.920 1.000
  18 0.000 0.000 0.000 0.001 0.001 0.003 0.005 0.010 0.019 0.035 0.060 0.104 0.184 0.294 0.456 0.704 0.902 1.000
  19 0.000 0.000 0.000 0.000 0.001 0.002 0.003 0.006 0.011 0.020 0.035 0.061 0.109 0.178 0.287 0.480 0.688 0.909 1.000
  20 0.000 0.000 0.000 0.000 0.000 0.001 0.002 0.003 0.006 0.011 0.019 0.033 0.060 0.098 0.161 0.283 0.437 0.664 0.883 1.000
  21 0.000 0.000 0.000 0.000 0.000 0.000 0.000 0.001 0.002 0.003 0.005 0.009 0.017 0.028 0.047 0.086 0.140 0.238 0.386 0.623 1.000
  22 0.000 0.000 0.000 0.000 0.000 0.000 0.000 0.000 0.001 0.001 0.003 0.005 0.008 0.014 0.023 0.041 0.068 0.118 0.199 0.349 0.841 1.000
 P       1     2     3     4     5     6     7     8     9    10    11    12    13    14    15
   1 1.000
   2 0.549 1.000
   3 0.190 0.687 1.000
   4 0.064 0.311 0.757 1.000
   5 0.023 0.125 0.400 0.800 1.000
   6 0.009 0.050 0.182 0.466 0.829 1.000
   7 0.003 0.021 0.080 0.232 0.515 0.847 1.000
   8 0.001 0.009 0.035 0.108 0.272 0.551 0.860 1.000
   9 0.001 0.004 0.015 0.048 0.131 0.301 0.574 0.867 1.000
  10 0.000 0.002 0.006 0.021 0.058 0.144 0.312 0.574 0.861 1.000
  11 0.000 0.001 0.003 0.009 0.026 0.066 0.152 0.316 0.571 0.865 1.000
  12 0.000 0.000 0.001 0.004 0.011 0.029 0.069 0.154 0.313 0.576 0.864 1.000
  13 0.000 0.000 0.000 0.002 0.004 0.012 0.029 0.066 0.145 0.302 0.555 0.847 1.000
  14 0.000 0.000 0.000 0.001 0.002 0.004 0.011 0.026 0.058 0.131 0.274 0.513 0.827 1.000
  15 0.000 0.000 0.000 0.000 0.001 0.001 0.004 0.009 0.020 0.047 0.105 0.224 0.454 0.788 1.000
 D       1     2     3     4     5     6     7     8     9    10    11    12
   1 1.000
   2 0.552 1.000
   3 0.180 0.686 1.000
   4 0.053 0.295 0.749 1.000
   5 0.015 0.104 0.370 0.784 1.000
   6 0.005 0.034 0.144 0.416 0.800 1.000
   7 0.001 0.010 0.049 0.170 0.437 0.806 1.000
   8 0.000 0.003 0.015 0.059 0.181 0.442 0.805 1.000
   9 0.000 0.001 0.004 0.017 0.058 0.170 0.415 0.778 1.000
  10 0.000 0.000 0.001 0.004 0.015 0.050 0.145 0.367 0.751 1.000
  11 0.000 0.000 0.000 0.001 0.003 0.012 0.037 0.113 0.319 0.717 1.000
  12 0.000 0.000 0.000 0.000 0.001 0.002 0.007 0.024 0.082 0.261 0.667 1.000
--------------------------------------------------------------------------------------------------------      RHODIUM   K(2)L(8)M(18)4S(2)4P(6)5S(1)4D(8), 4F                                 

      CHARGE = 45.000000

      SYMMETRY SPECIES               S     P     D 
      NUMBER OF BASIS FUNCTIONS     22    15    12
      NUMBER OF CLOSED SHELLS        4     3     1
      NUMBER OF OPEN SHELLS          1     0     1
      OPEN SHELL OCCUPATION NUMBER   1     0     8

      OPEN-SHELL ENERGY COEFFICIENTS
      J(  0,  0,  0) =  0.00000000     K(  0,  0,  0) = -1.00000000
      J(  2,  0,  0) =  0.00000000     K(  2,  0,  2) = -0.05000000
      J(  2,  2,  0) =  0.00000000     K(  2,  2,  0) = -0.05000000
      J(  2,  2,  2) =  0.00000000     K(  2,  2,  2) = -0.00663265
      J(  2,  2,  4) =  0.00000000     K(  2,  2,  4) =  0.00229592
 
  *** FINAL SCF RESULTS ***
   E = -4685.880710414
   T =  4685.880580372     V = -9371.761290786     V/T =    -2.000000028
 
  ORBITAL ENERGIES AND EXPANSION COEFFICIENTS
        S                    1S             2S             3S             4S             5S 
  BASIS/ORB.ENERGY     -834.0391107   -121.5633285    -22.8792791     -3.5035932     -0.2214749
  1S   2.2336709d+07      0.0000044     -0.0000014      0.0000006     -0.0000002      0.0000001
  1S   3.3449464d+06      0.0000343     -0.0000110      0.0000047     -0.0000019      0.0000004
  1S   7.6154530d+05      0.0001801     -0.0000578      0.0000248     -0.0000101      0.0000023
  1S   2.1590070d+05      0.0007591     -0.0002437      0.0001045     -0.0000426      0.0000098
  1S   7.0518584d+04      0.0027539     -0.0008870      0.0003810     -0.0001554      0.0000356
  1S   2.5489586d+04      0.0089025     -0.0028804      0.0012359     -0.0005041      0.0001155
  1S   9.9564115d+03      0.0259558     -0.0085321      0.0036761     -0.0015008      0.0003432
  1S   4.1375934d+03      0.0678622     -0.0230003      0.0099277     -0.0040533      0.0009295
  1S   1.8088441d+03      0.1536832     -0.0560128      0.0244931     -0.0100283      0.0022929
  1S   8.2461568d+02      0.2794372     -0.1171668      0.0520755     -0.0213794      0.0049115
  1S   3.8897512d+02      0.3477425     -0.1930467      0.0899635     -0.0372902      0.0085275
  1S   1.8719105d+02      0.2226652     -0.1690389      0.0836766     -0.0350888      0.0081391
  1S   8.4887636d+01      0.0401380      0.1719929     -0.1013511      0.0438618     -0.0103258
  1S   4.3269347d+01     -0.0031952      0.5736967     -0.4752339      0.2205559     -0.0510700
  1S   2.1789121d+01      0.0018101      0.3918616     -0.4171276      0.2072542     -0.0498630
  1S   9.7596056d+00     -0.0010102      0.0542586      0.4627758     -0.2849639      0.0717922
  1S   5.0030469d+00      0.0005900     -0.0049184      0.7575269     -0.7838433      0.2050381
  1S   2.3472525d+00     -0.0003139      0.0023041      0.1510428      0.0070440     -0.0073213
  1S   1.1487685d+00      0.0001496     -0.0010837     -0.0018838      0.8787458     -0.3199866
  1S   5.0429277d-01     -0.0000410      0.0002382      0.0023076      0.4252285     -0.2423855
  1S   9.0534796d-02      0.0000080     -0.0000508     -0.0001918      0.0093219      0.5990920
  1S   3.3650936d-02     -0.0000034      0.0000190      0.0000837     -0.0030640      0.5548838
        P                    2P             3P             4P 
  BASIS/ORB.ENERGY     -112.3858518    -19.1792645     -2.2908612
  2P   3.9147329d+04      0.0000793     -0.0000352      0.0000135
  2P   9.2689544d+03      0.0007043     -0.0003131      0.0001202
  2P   3.0093944d+03      0.0040414     -0.0018026      0.0006904
  2P   1.1503140d+03      0.0175613     -0.0079272      0.0030506
  2P   4.8752160d+02      0.0603733     -0.0278671      0.0107367
  2P   2.2212183d+02      0.1607222     -0.0775023      0.0301850
  2P   1.0639954d+02      0.3088389     -0.1579497      0.0619803
  2P   5.2836084d+01      0.3712220     -0.1991993      0.0795062
  2P   2.6735734d+01      0.2158044     -0.0182095     -0.0041470
  2P   1.3302376d+01      0.0416930      0.3768879     -0.1968247
  2P   6.7048401d+00      0.0011159      0.5232027     -0.3252040
  2P   3.3729272d+00      0.0004703      0.2016763      0.0051135
  2P   1.6248919d+00     -0.0002047      0.0155320      0.5276775
  2P   7.4011537d-01      0.0000268      0.0012855      0.5014791
  2P   3.0600559d-01     -0.0000190      0.0000502      0.1202345
        D                    3D             4D 
  BASIS/ORB.ENERGY      -12.4209473     -0.4499433
  3D   1.2488648d+03      0.0005305     -0.0001609
  3D   3.7665294d+02      0.0049768     -0.0015103
  3D   1.4645134d+02      0.0266509     -0.0081588
  3D   6.4202623d+01      0.0939644     -0.0290356
  3D   3.0178403d+01      0.2264232     -0.0709856
  3D   1.4666433d+01      0.3585674     -0.1083248
  3D   7.2312332d+00      0.3507158     -0.0909176
  3D   3.5579847d+00      0.1604446      0.0787718
  3D   1.6718518d+00      0.0232321      0.3282281
  3D   7.4257580d-01      0.0009872      0.4191354
  3D   3.0862530d-01      0.0003416      0.3129160
  3D   1.1645194d-01      0.0000809      0.1134944
 
 *** Overlap Matrix ***
 S       1     2     3     4     5     6     7     8     9    10    11    12    13    14    15    16    17    18    19    20    21    22
   1 1.000
   2 0.552 1.000
   3 0.213 0.685 1.000
   4 0.086 0.330 0.756 1.000
   5 0.037 0.152 0.416 0.800 1.000
   6 0.018 0.072 0.211 0.482 0.830 1.000
   7 0.009 0.036 0.107 0.263 0.534 0.852 1.000
   8 0.004 0.019 0.056 0.142 0.310 0.577 0.869 1.000
   9 0.002 0.010 0.030 0.077 0.175 0.351 0.613 0.883 1.000
  10 0.001 0.006 0.017 0.043 0.099 0.206 0.388 0.642 0.893 1.000
  11 0.001 0.003 0.010 0.025 0.057 0.120 0.235 0.420 0.667 0.902 1.000
  12 0.000 0.002 0.006 0.014 0.033 0.070 0.140 0.260 0.445 0.684 0.907 1.000
  13 0.000 0.001 0.003 0.008 0.018 0.039 0.078 0.149 0.266 0.444 0.672 0.892 1.000
  14 0.000 0.001 0.002 0.005 0.011 0.024 0.048 0.091 0.166 0.287 0.465 0.690 0.920 1.000
  15 0.000 0.000 0.001 0.003 0.007 0.014 0.029 0.055 0.101 0.178 0.300 0.478 0.724 0.917 1.000
  16 0.000 0.000 0.001 0.002 0.004 0.008 0.016 0.030 0.056 0.100 0.172 0.286 0.474 0.682 0.889 1.000
  17 0.000 0.000 0.000 0.001 0.002 0.005 0.009 0.018 0.034 0.061 0.106 0.180 0.310 0.476 0.688 0.921 1.000
  18 0.000 0.000 0.000 0.001 0.001 0.003 0.005 0.010 0.019 0.035 0.061 0.104 0.184 0.294 0.456 0.703 0.900 1.000
  19 0.000 0.000 0.000 0.000 0.001 0.002 0.003 0.006 0.011 0.020 0.036 0.061 0.110 0.179 0.288 0.481 0.688 0.910 1.000
  20 0.000 0.000 0.000 0.000 0.000 0.001 0.002 0.003 0.006 0.011 0.019 0.033 0.060 0.099 0.162 0.284 0.438 0.667 0.884 1.000
  21 0.000 0.000 0.000 0.000 0.000 0.000 0.000 0.001 0.002 0.003 0.005 0.009 0.017 0.028 0.046 0.083 0.136 0.233 0.375 0.609 1.000
  22 0.000 0.000 0.000 0.000 0.000 0.000 0.000 0.000 0.001 0.001 0.003 0.004 0.008 0.013 0.022 0.040 0.066 0.115 0.192 0.337 0.838 1.000
 P       1     2     3     4     5     6     7     8     9    10    11    12    13    14    15
   1 1.000
   2 0.549 1.000
   3 0.190 0.686 1.000
   4 0.064 0.311 0.757 1.000
   5 0.023 0.125 0.399 0.800 1.000
   6 0.009 0.050 0.182 0.466 0.828 1.000
   7 0.003 0.021 0.080 0.231 0.515 0.847 1.000
   8 0.001 0.009 0.035 0.108 0.272 0.551 0.861 1.000
   9 0.001 0.004 0.015 0.048 0.131 0.302 0.575 0.867 1.000
  10 0.000 0.002 0.006 0.021 0.059 0.145 0.313 0.575 0.861 1.000
  11 0.000 0.001 0.003 0.009 0.026 0.066 0.153 0.318 0.574 0.866 1.000
  12 0.000 0.000 0.001 0.004 0.011 0.029 0.070 0.156 0.316 0.579 0.865 1.000
  13 0.000 0.000 0.000 0.002 0.004 0.012 0.029 0.068 0.147 0.306 0.559 0.849 1.000
  14 0.000 0.000 0.000 0.001 0.002 0.004 0.011 0.026 0.060 0.134 0.277 0.517 0.828 1.000
  15 0.000 0.000 0.000 0.000 0.001 0.001 0.004 0.009 0.021 0.048 0.107 0.227 0.456 0.790 1.000
 D       1     2     3     4     5     6     7     8     9    10    11    12
   1 1.000
   2 0.552 1.000
   3 0.180 0.686 1.000
   4 0.053 0.295 0.749 1.000
   5 0.015 0.104 0.370 0.784 1.000
   6 0.005 0.034 0.144 0.416 0.800 1.000
   7 0.001 0.010 0.049 0.171 0.438 0.807 1.000
   8 0.000 0.003 0.016 0.059 0.182 0.444 0.806 1.000
   9 0.000 0.001 0.004 0.017 0.059 0.173 0.421 0.784 1.000
  10 0.000 0.000 0.001 0.004 0.016 0.051 0.150 0.376 0.755 1.000
  11 0.000 0.000 0.000 0.001 0.004 0.012 0.039 0.117 0.325 0.721 1.000
  12 0.000 0.000 0.000 0.000 0.001 0.002 0.008 0.025 0.084 0.266 0.670 1.000
--------------------------------------------------------------------------------------------------------      PALLADIUM   K(2)L(8)M(18)4S(2)4P(6)5S(0)4D(10), 1S                              

      CHARGE = 46.000000

      SYMMETRY SPECIES               S     P     D 
      NUMBER OF BASIS FUNCTIONS     20    15    12
      NUMBER OF CLOSED SHELLS        4     3     2
      NUMBER OF OPEN SHELLS          0     0     0
      OPEN SHELL OCCUPATION NUMBER   0     0     0
 
  *** FINAL SCF RESULTS ***
   E = -4937.919802200
   T =  4937.919776691     V = -9875.839578891     V/T =    -2.000000005
 
  ORBITAL ENERGIES AND EXPANSION COEFFICIENTS
        S                    1S             2S             3S             4S 
  BASIS/ORB.ENERGY     -873.3154200   -127.9661018    -24.2086106     -3.5868513
  1S   2.2791560d+07      0.0000045     -0.0000015      0.0000006     -0.0000003
  1S   3.4126346d+06      0.0000353     -0.0000113      0.0000049     -0.0000020
  1S   7.7672429d+05      0.0001857     -0.0000597      0.0000258     -0.0000106
  1S   2.2009425d+05      0.0007834     -0.0002519      0.0001086     -0.0000446
  1S   7.1852877d+04      0.0028431     -0.0009176      0.0003963     -0.0001626
  1S   2.5964149d+04      0.0091911     -0.0029789      0.0012848     -0.0005279
  1S   1.0137784d+04      0.0267963     -0.0088318      0.0038274     -0.0015706
  1S   4.2093298d+03      0.0700520     -0.0238122      0.0103330     -0.0042528
  1S   1.8374663d+03      0.1583128     -0.0580433      0.0255453     -0.0105076
  1S   8.3603847d+02      0.2856676     -0.1209071      0.0540768     -0.0224088
  1S   3.9363466d+02      0.3479568     -0.1969491      0.0926355     -0.0385266
  1S   1.8917133d+02      0.2132488     -0.1614421      0.0805836     -0.0344019
  1S   8.4734860d+01      0.0351004      0.2085839     -0.1259192      0.0561335
  1S   4.2987615d+01     -0.0032282      0.5864498     -0.5062121      0.2358951
  1S   2.1623412d+01      0.0016624      0.3567774     -0.3717527      0.1928710
  1S   9.6110682d+00     -0.0008796      0.0417476      0.5722089     -0.3854781
  1S   4.8463822d+00      0.0004577     -0.0034095      0.7116618     -0.7732674
  1S   2.0719674d+00     -0.0002188      0.0013209      0.0970279      0.2792732
  1S   1.0092441d+00      0.0001049     -0.0006873     -0.0058801      0.8592474
  1S   4.2695238d-01     -0.0000232      0.0001181      0.0020158      0.2587164
        P                    2P             3P             4P 
  BASIS/ORB.ENERGY     -118.5306246    -20.3737991     -2.3296496
  2P   4.0159454d+04      0.0000822     -0.0000367      0.0000142
  2P   9.5099171d+03      0.0007294     -0.0003265      0.0001263
  2P   3.0890599d+03      0.0041782     -0.0018770      0.0007249
  2P   1.1817315d+03      0.0181037     -0.0082324      0.0031925
  2P   5.0136308d+02      0.0619879     -0.0288414      0.0112083
  2P   2.2868333d+02      0.1640582     -0.0797970      0.0313291
  2P   1.0965896d+02      0.3125180     -0.1613904      0.0639389
  2P   5.4512120d+01      0.3700483     -0.1997060      0.0802530
  2P   2.7600325d+01      0.2101223     -0.0089729     -0.0085581
  2P   1.3741355d+01      0.0390344      0.3914790     -0.2084409
  2P   6.9423451d+00      0.0009816      0.5201692     -0.3283975
  2P   3.4856966d+00      0.0003882      0.1873988      0.0350631
  2P   1.6870165d+00     -0.0001909      0.0129603      0.5401781
  2P   7.6450286d-01      0.0000151      0.0014755      0.4816972
  2P   3.1136194d-01     -0.0000185      0.0000791      0.1146457
        D                    3D             4D 
  BASIS/ORB.ENERGY      -13.3629310     -0.3356207
  3D   1.2122767d+03      0.0006371     -0.0001904
  3D   3.6556477d+02      0.0059322     -0.0017827
  3D   1.4207662d+02      0.0312575     -0.0094423
  3D   6.2182457d+01      0.1077989     -0.0330544
  3D   2.9157384d+01      0.2502867     -0.0772928
  3D   1.4087426d+01      0.3766733     -0.1120809
  3D   6.9035644d+00      0.3334376     -0.0740150
  3D   3.3460859d+00      0.1246164      0.1282191
  3D   1.5610854d+00      0.0122816      0.3543613
  3D   6.8102136d-01      0.0007599      0.3987832
  3D   2.7352247d-01     -0.0001023      0.2884587
  3D   9.8647524d-02      0.0000418      0.1141843
 
 *** Overlap Matrix ***
 S       1     2     3     4     5     6     7     8     9    10    11    12    13    14    15    16    17    18    19    20
   1 1.000
   2 0.552 1.000
   3 0.213 0.685 1.000
   4 0.086 0.330 0.756 1.000
   5 0.037 0.152 0.415 0.800 1.000
   6 0.018 0.072 0.210 0.482 0.830 1.000
   7 0.009 0.036 0.107 0.263 0.534 0.852 1.000
   8 0.004 0.019 0.056 0.141 0.309 0.577 0.869 1.000
   9 0.002 0.010 0.030 0.077 0.174 0.350 0.612 0.882 1.000
  10 0.001 0.006 0.017 0.043 0.098 0.205 0.386 0.641 0.893 1.000
  11 0.001 0.003 0.010 0.025 0.056 0.119 0.234 0.418 0.666 0.901 1.000
  12 0.000 0.002 0.006 0.014 0.033 0.070 0.139 0.258 0.444 0.683 0.906 1.000
  13 0.000 0.001 0.003 0.008 0.018 0.038 0.077 0.147 0.263 0.440 0.667 0.889 1.000
  14 0.000 0.001 0.002 0.005 0.011 0.023 0.047 0.089 0.163 0.283 0.460 0.685 0.919 1.000
  15 0.000 0.000 0.001 0.003 0.006 0.014 0.028 0.054 0.099 0.176 0.296 0.473 0.722 0.917 1.000
  16 0.000 0.000 0.001 0.002 0.004 0.008 0.015 0.029 0.055 0.098 0.168 0.281 0.471 0.679 0.887 1.000
  17 0.000 0.000 0.000 0.001 0.002 0.005 0.009 0.018 0.033 0.059 0.103 0.174 0.304 0.469 0.680 0.917 1.000
  18 0.000 0.000 0.000 0.000 0.001 0.002 0.005 0.009 0.017 0.031 0.055 0.094 0.169 0.271 0.425 0.668 0.877 1.000
  19 0.000 0.000 0.000 0.000 0.001 0.001 0.003 0.005 0.010 0.018 0.032 0.055 0.100 0.164 0.265 0.449 0.657 0.909 1.000
  20 0.000 0.000 0.000 0.000 0.000 0.001 0.001 0.003 0.005 0.010 0.017 0.029 0.053 0.088 0.145 0.256 0.403 0.653 0.874 1.000
 P       1     2     3     4     5     6     7     8     9    10    11    12    13    14    15
   1 1.000
   2 0.549 1.000
   3 0.190 0.687 1.000
   4 0.064 0.311 0.757 1.000
   5 0.023 0.126 0.400 0.800 1.000
   6 0.009 0.050 0.183 0.467 0.829 1.000
   7 0.004 0.021 0.080 0.232 0.516 0.848 1.000
   8 0.001 0.009 0.035 0.108 0.273 0.552 0.861 1.000
   9 0.001 0.004 0.015 0.049 0.132 0.303 0.575 0.868 1.000
  10 0.000 0.002 0.006 0.021 0.059 0.145 0.314 0.576 0.862 1.000
  11 0.000 0.001 0.003 0.009 0.026 0.067 0.154 0.319 0.575 0.867 1.000
  12 0.000 0.000 0.001 0.004 0.011 0.029 0.070 0.156 0.316 0.579 0.865 1.000
  13 0.000 0.000 0.000 0.002 0.005 0.012 0.030 0.068 0.148 0.308 0.560 0.851 1.000
  14 0.000 0.000 0.000 0.001 0.002 0.005 0.011 0.026 0.060 0.133 0.276 0.517 0.826 1.000
  15 0.000 0.000 0.000 0.000 0.001 0.001 0.004 0.009 0.020 0.047 0.105 0.223 0.448 0.783 1.000
 D       1     2     3     4     5     6     7     8     9    10    11    12
   1 1.000
   2 0.552 1.000
   3 0.180 0.686 1.000
   4 0.053 0.294 0.748 1.000
   5 0.015 0.104 0.368 0.783 1.000
   6 0.004 0.033 0.142 0.412 0.797 1.000
   7 0.001 0.010 0.048 0.167 0.432 0.804 1.000
   8 0.000 0.003 0.015 0.057 0.175 0.434 0.799 1.000
   9 0.000 0.001 0.004 0.016 0.056 0.167 0.411 0.780 1.000
  10 0.000 0.000 0.001 0.004 0.015 0.048 0.141 0.365 0.746 1.000
  11 0.000 0.000 0.000 0.001 0.003 0.011 0.035 0.107 0.305 0.703 1.000
  12 0.000 0.000 0.000 0.000 0.001 0.002 0.006 0.021 0.073 0.240 0.646 1.000
--------------------------------------------------------------------------------------------------------      SILVER   K(2)L(8)M(18)4S(2)4P(6)5S(1)4D(10), 2S                                 

      CHARGE = 47.000000

      SYMMETRY SPECIES               S     P     D 
      NUMBER OF BASIS FUNCTIONS     22    15    12
      NUMBER OF CLOSED SHELLS        4     3     2
      NUMBER OF OPEN SHELLS          1     0     0
      OPEN SHELL OCCUPATION NUMBER   1     0     0

      OPEN-SHELL ENERGY COEFFICIENTS
      J(  0,  0,  0) =  0.00000000     K(  0,  0,  0) = -1.00000000
 
  *** FINAL SCF RESULTS ***
   E = -5197.697406057
   T =  5197.697462405     V =-10395.394868461     V/T =    -1.999999989
 
  ORBITAL ENERGIES AND EXPANSION COEFFICIENTS
        S                    1S             2S             3S             4S             5S 
  BASIS/ORB.ENERGY     -913.8352282   -134.8780899    -25.9174880     -4.0011957     -0.2198435
  1S   2.5797979d+07      0.0000041     -0.0000013      0.0000006     -0.0000002      0.0000001
  1S   3.8622911d+06      0.0000319     -0.0000103      0.0000045     -0.0000019      0.0000004
  1S   8.7891034d+05      0.0001680     -0.0000541      0.0000235     -0.0000098      0.0000021
  1S   2.4891530d+05      0.0007095     -0.0002285      0.0000990     -0.0000412      0.0000087
  1S   8.1189713d+04      0.0025800     -0.0008336      0.0003619     -0.0001507      0.0000316
  1S   2.9302147d+04      0.0083643     -0.0027145      0.0011771     -0.0004900      0.0001029
  1S   1.1423713d+04      0.0245025     -0.0080719      0.0035148     -0.0014643      0.0003071
  1S   4.7349488d+03      0.0645578     -0.0219041      0.0095531     -0.0039813      0.0008369
  1S   2.0629587d+03      0.1479754     -0.0538354      0.0237818     -0.0099351      0.0020833
  1S   9.3664355d+02      0.2739326     -0.1141989      0.0512496     -0.0214795      0.0045224
  1S   4.3985749d+02      0.3501397     -0.1918868      0.0902351     -0.0381591      0.0080058
  1S   2.1077337d+02      0.2327589     -0.1768386      0.0883419     -0.0378627      0.0080387
  1S   9.5678005d+01      0.0443412      0.1524496     -0.0903089      0.0399999     -0.0086284
  1S   4.8778781d+01     -0.0033536      0.5701405     -0.4729976      0.2240666     -0.0476356
  1S   2.4517174d+01      0.0019527      0.4091014     -0.4420852      0.2261927     -0.0497993
  1S   1.0967218d+01     -0.0010990      0.0590362      0.4521421     -0.2898680      0.0669728
  1S   5.6705273d+00      0.0006516     -0.0057847      0.7694748     -0.8163689      0.1967060
  1S   2.6707649d+00     -0.0003389      0.0025382      0.1549870      0.0324018     -0.0178314
  1S   1.3001433d+00      0.0001570     -0.0011626     -0.0013485      0.8895679     -0.2889585
  1S   5.6787132d-01     -0.0000418      0.0002488      0.0022820      0.4075411     -0.2181072
  1S   9.1614424d-02      0.0000076     -0.0000474     -0.0001748      0.0082668      0.5845280
  1S   3.3662661d-02     -0.0000033      0.0000207      0.0000741     -0.0021784      0.5530077
        P                    2P             3P             4P 
  BASIS/ORB.ENERGY     -125.1812538    -21.9451019     -2.6765289
  2P   4.3727584d+04      0.0000767     -0.0000344      0.0000135
  2P   1.0350978d+04      0.0006809     -0.0003068      0.0001209
  2P   3.3615766d+03      0.0039079     -0.0017666      0.0006948
  2P   1.2859097d+03      0.0169894     -0.0077726      0.0030710
  2P   5.4568195d+02      0.0585173     -0.0273682      0.0108298
  2P   2.4899916d+02      0.1566100     -0.0765137      0.0306039
  2P   1.1948921d+02      0.3039941     -0.1575481      0.0635428
  2P   5.9450269d+01      0.3718225     -0.2027508      0.0831821
  2P   3.0154917d+01      0.2227067     -0.0279298      0.0000109
  2P   1.5057584d+01      0.0449797      0.3714388     -0.2019085
  2P   7.6400592d+00      0.0011079      0.5282144     -0.3397784
  2P   3.8670166d+00      0.0005136      0.2053605      0.0093628
  2P   1.8764365d+00     -0.0002526      0.0164783      0.5350541
  2P   8.5786063d-01      0.0000316      0.0014408      0.4968457
  2P   3.5636271d-01     -0.0000232      0.0000909      0.1182786
        D                    3D             4D 
  BASIS/ORB.ENERGY      -14.6778533     -0.5371408
  3D   1.4002676d+03      0.0005219     -0.0001675
  3D   4.2253902d+02      0.0049096     -0.0015799
  3D   1.6444393d+02      0.0264311     -0.0085698
  3D   7.2230892d+01      0.0937576     -0.0307566
  3D   3.4037540d+01      0.2272520     -0.0755617
  3D   1.6594821d+01      0.3615652     -0.1162767
  3D   8.2233339d+00      0.3504436     -0.0937284
  3D   4.0701047d+00      0.1544884      0.0938465
  3D   1.9428942d+00      0.0210671      0.3424193
  3D   8.7484038d-01      0.0008245      0.4147713
  3D   3.6819540d-01      0.0000154      0.2965475
  3D   1.4033442d-01      0.0000112      0.1022394
 
 *** Overlap Matrix ***
 S       1     2     3     4     5     6     7     8     9    10    11    12    13    14    15    16    17    18    19    20    21    22
   1 1.000
   2 0.552 1.000
   3 0.213 0.685 1.000
   4 0.086 0.329 0.755 1.000
   5 0.037 0.151 0.415 0.799 1.000
   6 0.017 0.072 0.210 0.481 0.830 1.000
   7 0.009 0.036 0.107 0.262 0.533 0.852 1.000
   8 0.004 0.018 0.056 0.141 0.308 0.576 0.869 1.000
   9 0.002 0.010 0.030 0.077 0.173 0.349 0.611 0.882 1.000
  10 0.001 0.005 0.017 0.043 0.098 0.204 0.385 0.640 0.892 1.000
  11 0.001 0.003 0.009 0.024 0.056 0.119 0.232 0.417 0.664 0.901 1.000
  12 0.000 0.002 0.005 0.014 0.032 0.069 0.138 0.257 0.442 0.682 0.906 1.000
  13 0.000 0.001 0.003 0.008 0.018 0.038 0.077 0.147 0.264 0.442 0.671 0.892 1.000
  14 0.000 0.001 0.002 0.005 0.011 0.023 0.047 0.090 0.165 0.286 0.464 0.691 0.920 1.000
  15 0.000 0.000 0.001 0.003 0.006 0.014 0.028 0.054 0.100 0.177 0.299 0.478 0.723 0.917 1.000
  16 0.000 0.000 0.001 0.002 0.004 0.008 0.015 0.030 0.055 0.099 0.171 0.286 0.473 0.681 0.889 1.000
  17 0.000 0.000 0.000 0.001 0.002 0.005 0.009 0.018 0.034 0.061 0.106 0.181 0.312 0.477 0.690 0.923 1.000
  18 0.000 0.000 0.000 0.001 0.001 0.003 0.005 0.010 0.019 0.035 0.061 0.105 0.185 0.296 0.459 0.707 0.901 1.000
  19 0.000 0.000 0.000 0.000 0.001 0.002 0.003 0.006 0.011 0.020 0.036 0.062 0.110 0.179 0.289 0.483 0.688 0.909 1.000
  20 0.000 0.000 0.000 0.000 0.000 0.001 0.002 0.003 0.006 0.011 0.019 0.033 0.060 0.099 0.162 0.285 0.436 0.663 0.882 1.000
  21 0.000 0.000 0.000 0.000 0.000 0.000 0.000 0.001 0.002 0.003 0.005 0.009 0.015 0.025 0.043 0.077 0.125 0.214 0.349 0.575 1.000
  22 0.000 0.000 0.000 0.000 0.000 0.000 0.000 0.000 0.001 0.001 0.002 0.004 0.007 0.012 0.020 0.037 0.060 0.104 0.176 0.312 0.835 1.000
 P       1     2     3     4     5     6     7     8     9    10    11    12    13    14    15
   1 1.000
   2 0.549 1.000
   3 0.190 0.687 1.000
   4 0.064 0.311 0.757 1.000
   5 0.023 0.126 0.400 0.800 1.000
   6 0.009 0.050 0.183 0.467 0.829 1.000
   7 0.004 0.021 0.080 0.232 0.517 0.848 1.000
   8 0.001 0.009 0.035 0.108 0.273 0.553 0.861 1.000
   9 0.001 0.004 0.015 0.049 0.132 0.304 0.576 0.868 1.000
  10 0.000 0.002 0.006 0.021 0.059 0.146 0.316 0.578 0.863 1.000
  11 0.000 0.001 0.003 0.009 0.026 0.067 0.156 0.322 0.578 0.868 1.000
  12 0.000 0.000 0.001 0.004 0.011 0.030 0.072 0.159 0.321 0.584 0.867 1.000
  13 0.000 0.000 0.000 0.002 0.005 0.012 0.030 0.070 0.151 0.312 0.565 0.852 1.000
  14 0.000 0.000 0.000 0.001 0.002 0.005 0.012 0.027 0.062 0.137 0.282 0.522 0.830 1.000
  15 0.000 0.000 0.000 0.000 0.001 0.002 0.004 0.009 0.021 0.050 0.109 0.230 0.459 0.792 1.000
 D       1     2     3     4     5     6     7     8     9    10    11    12
   1 1.000
   2 0.552 1.000
   3 0.181 0.687 1.000
   4 0.053 0.296 0.750 1.000
   5 0.016 0.105 0.372 0.785 1.000
   6 0.005 0.034 0.146 0.418 0.802 1.000
   7 0.001 0.011 0.050 0.173 0.442 0.809 1.000
   8 0.000 0.003 0.016 0.061 0.185 0.449 0.809 1.000
   9 0.000 0.001 0.005 0.018 0.062 0.180 0.431 0.791 1.000
  10 0.000 0.000 0.001 0.005 0.017 0.055 0.157 0.388 0.762 1.000
  11 0.000 0.000 0.000 0.001 0.004 0.013 0.042 0.125 0.335 0.728 1.000
  12 0.000 0.000 0.000 0.000 0.001 0.003 0.009 0.028 0.089 0.273 0.676 1.000
--------------------------------------------------------------------------------------------------------      CADMIUM   K(2)L(8)M(18)4S(2)4P(6)5S(2)4D(10), 1S                                

      CHARGE = 48.000000

      SYMMETRY SPECIES               S     P     D 
      NUMBER OF BASIS FUNCTIONS     22    15    12
      NUMBER OF CLOSED SHELLS        5     3     2
      NUMBER OF OPEN SHELLS          0     0     0
      OPEN SHELL OCCUPATION NUMBER   0     0     0

  *** FINAL SCF RESULTS ***
   E = -5465.132106618
   T =  5465.132162837     V =-10930.264269456     V/T =    -1.999999990

  ORBITAL ENERGIES AND EXPANSION COEFFICIENTS
        S                    1S             2S             3S             4S             5S 
  BASIS/ORB.ENERGY     -955.3150079   -142.0065285    -27.7083162     -4.4502631     -0.2646838
  1S   2.7798601D+07      0.0000039     -0.0000013      0.0000006     -0.0000002      0.0000001
  1S   4.1614937D+06      0.0000307     -0.0000099      0.0000043     -0.0000018      0.0000004
  1S   9.4663915D+05      0.0001614     -0.0000521      0.0000227     -0.0000096      0.0000023
  1S   2.6811296D+05      0.0006816     -0.0002199      0.0000958     -0.0000404      0.0000096
  1S   8.7479457D+04      0.0024776     -0.0008016      0.0003497     -0.0001478      0.0000351
  1S   3.1578049D+04      0.0080355     -0.0026116      0.0011383     -0.0004807      0.0001144
  1S   1.2309912D+04      0.0235721     -0.0077710      0.0034002     -0.0014380      0.0003412
  1S   5.1009277D+03      0.0622730     -0.0211333      0.0092635     -0.0039161      0.0009322
  1S   2.2216338D+03      0.1435182     -0.0520965      0.0231154     -0.0098048      0.0023257
  1S   1.0082215D+03      0.2684798     -0.1113275      0.0501836     -0.0213285      0.0050872
  1S   4.7315851D+02      0.3502555     -0.1894814      0.0893567     -0.0383812      0.0091046
  1S   2.2661180D+02      0.2412280     -0.1829236      0.0917057     -0.0397866      0.0095863
  1S   1.0365508D+02      0.0491248      0.1280243     -0.0755862      0.0336542     -0.0083148
  1S   5.2902584D+01     -0.0032456      0.5603011     -0.4585378      0.2206924     -0.0529845
  1S   2.6589232D+01      0.0020647      0.4316950     -0.4717510      0.2435186     -0.0610303
  1S   1.2000641D+01     -0.0012014      0.0684465      0.3926609     -0.2487808      0.0661383
  1S   6.2932217D+00      0.0007428     -0.0067636      0.7889614     -0.8330981      0.2265322
  1S   3.0755272D+00     -0.0003878      0.0030283      0.1896550     -0.0594460      0.0119585
  1S   1.4801296D+00      0.0001722     -0.0013007      0.0028534      0.8887053     -0.3357399
  1S   6.5817762D-01     -0.0000479      0.0002892      0.0020842      0.4619672     -0.2699140
  1S   1.2110287D-01      0.0000090     -0.0000573     -0.0001244      0.0107561      0.6146245
  1S   4.3345704D-02     -0.0000036      0.0000230      0.0000533     -0.0028299      0.5518834
        P                    2P             3P             4P 
  BASIS/ORB.ENERGY     -132.0467128    -23.5969314     -3.0532430
  2P   4.6576029D+04      0.0000741     -0.0000335      0.0000134
  2P   1.1028745D+04      0.0006582     -0.0002984      0.0001198
  2P   3.5821094D+03      0.0037803     -0.0017196      0.0006891
  2P   1.3702464D+03      0.0164701     -0.0075807      0.0030516
  2P   5.8134960D+02      0.0569505     -0.0267891      0.0108012
  2P   2.6523227D+02      0.1533158     -0.0753163      0.0306955
  2P   1.2731727D+02      0.3001330     -0.1563897      0.0642850
  2P   6.3392482D+01      0.3722451     -0.2045667      0.0855827
  2P   3.2200453D+01      0.2283040     -0.0362756      0.0038881
  2P   1.6121989D+01      0.0478909      0.3631622     -0.2023124
  2P   8.2122755D+00      0.0011876      0.5314647     -0.3492531
  2P   4.1755461D+00      0.0005597      0.2126001      0.0014782
  2P   2.0356164D+00     -0.0002841      0.0180461      0.5384198
  2P   9.3921773D-01      0.0000386      0.0014630      0.5019393
  2P   3.9410101D-01     -0.0000242      0.0000555      0.1136196
        D                    3D             4D 
  BASIS/ORB.ENERGY      -16.0716584     -0.7634136
  3D   1.5762473D+03      0.0004506     -0.0001534
  3D   4.7586314D+02      0.0042706     -0.0014544
  3D   1.8535717D+02      0.0233444     -0.0080210
  3D   8.1626757D+01      0.0845182     -0.0293287
  3D   3.8598673D+01      0.2111189     -0.0745143
  3D   1.8940042D+01      0.3493713     -0.1197370
  3D   9.4586447D+00      0.3596405     -0.1073069
  3D   4.7421020D+00      0.1762827      0.0703800
  3D   2.3008192D+00      0.0289768      0.3337358
  3D   1.0598989D+00      0.0010483      0.4263689
  3D   4.6063145D-01      0.0000957      0.3004679
  3D   1.8170410D-01     -0.0000106      0.0937834

 *** Overlap Matrix ***
 S       1     2     3     4     5     6     7     8     9    10    11    12    13    14    15    16    17    18    19    20    21    22
   1 1.000
   2 0.552 1.000
   3 0.213 0.685 1.000
   4 0.086 0.329 0.755 1.000
   5 0.037 0.151 0.415 0.799 1.000
   6 0.017 0.072 0.210 0.481 0.830 1.000
   7 0.009 0.036 0.107 0.262 0.533 0.852 1.000
   8 0.004 0.018 0.056 0.141 0.308 0.576 0.868 1.000
   9 0.002 0.010 0.030 0.077 0.173 0.349 0.611 0.882 1.000
  10 0.001 0.005 0.017 0.043 0.098 0.204 0.385 0.640 0.892 1.000
  11 0.001 0.003 0.009 0.024 0.056 0.118 0.232 0.416 0.664 0.900 1.000
  12 0.000 0.002 0.005 0.014 0.032 0.069 0.138 0.256 0.441 0.681 0.905 1.000
  13 0.000 0.001 0.003 0.008 0.018 0.039 0.078 0.148 0.265 0.443 0.673 0.894 1.000
  14 0.000 0.001 0.002 0.005 0.011 0.023 0.047 0.091 0.166 0.287 0.467 0.693 0.920 1.000
  15 0.000 0.000 0.001 0.003 0.007 0.014 0.028 0.054 0.101 0.178 0.301 0.480 0.724 0.917 1.000
  16 0.000 0.000 0.001 0.002 0.004 0.008 0.016 0.030 0.056 0.100 0.173 0.289 0.476 0.684 0.891 1.000
  17 0.000 0.000 0.000 0.001 0.002 0.005 0.010 0.019 0.035 0.062 0.109 0.185 0.317 0.484 0.698 0.926 1.000
  18 0.000 0.000 0.000 0.001 0.001 0.003 0.006 0.011 0.020 0.037 0.064 0.110 0.194 0.308 0.476 0.724 0.910 1.000
  19 0.000 0.000 0.000 0.000 0.001 0.002 0.003 0.006 0.012 0.021 0.037 0.064 0.114 0.186 0.299 0.494 0.696 0.907 1.000
  20 0.000 0.000 0.000 0.000 0.000 0.001 0.002 0.003 0.006 0.012 0.020 0.035 0.063 0.103 0.170 0.296 0.448 0.665 0.887 1.000
  21 0.000 0.000 0.000 0.000 0.000 0.000 0.000 0.001 0.002 0.003 0.006 0.010 0.018 0.029 0.049 0.089 0.142 0.236 0.385 0.617 1.000
  22 0.000 0.000 0.000 0.000 0.000 0.000 0.000 0.000 0.001 0.002 0.003 0.005 0.008 0.014 0.023 0.041 0.067 0.113 0.192 0.334 0.827 1.000
 P       1     2     3     4     5     6     7     8     9    10    11    12    13    14    15
   1 1.000
   2 0.549 1.000
   3 0.190 0.687 1.000
   4 0.064 0.311 0.757 1.000
   5 0.023 0.126 0.400 0.800 1.000
   6 0.009 0.050 0.183 0.467 0.829 1.000
   7 0.004 0.021 0.080 0.232 0.517 0.848 1.000
   8 0.001 0.009 0.035 0.108 0.274 0.553 0.862 1.000
   9 0.001 0.004 0.015 0.049 0.133 0.304 0.577 0.869 1.000
  10 0.000 0.002 0.007 0.021 0.060 0.147 0.317 0.580 0.864 1.000
  11 0.000 0.001 0.003 0.009 0.027 0.068 0.157 0.324 0.581 0.870 1.000
  12 0.000 0.000 0.001 0.004 0.012 0.030 0.073 0.161 0.325 0.588 0.869 1.000
  13 0.000 0.000 0.000 0.002 0.005 0.013 0.031 0.071 0.154 0.316 0.569 0.854 1.000
  14 0.000 0.000 0.000 0.001 0.002 0.005 0.012 0.028 0.063 0.141 0.287 0.528 0.833 1.000
  15 0.000 0.000 0.000 0.000 0.001 0.002 0.004 0.010 0.022 0.051 0.113 0.236 0.467 0.796 1.000
 D       1     2     3     4     5     6     7     8     9    10    11    12
   1 1.000
   2 0.553 1.000
   3 0.181 0.687 1.000
   4 0.053 0.297 0.751 1.000
   5 0.016 0.106 0.375 0.787 1.000
   6 0.005 0.035 0.149 0.423 0.805 1.000
   7 0.001 0.011 0.052 0.177 0.448 0.813 1.000
   8 0.000 0.003 0.017 0.064 0.192 0.459 0.815 1.000
   9 0.000 0.001 0.005 0.020 0.066 0.189 0.445 0.799 1.000
  10 0.000 0.000 0.001 0.005 0.019 0.060 0.169 0.406 0.774 1.000
  11 0.000 0.000 0.000 0.001 0.005 0.016 0.048 0.138 0.358 0.744 1.000
  12 0.000 0.000 0.000 0.000 0.001 0.003 0.010 0.033 0.102 0.297 0.694 1.000
--------------------------------------------------------------------------------------------------------