---------------------------------------------------------------------------------------------------------      INDIUM   K(2)L(8)M(18)4S(2)4P(6)5S(2)4D(10)5P(1), 2P                            

      CHARGE = 49.000000

      SYMMETRY SPECIES               S     P     D 
      NUMBER OF BASIS FUNCTIONS     22    18    12
      NUMBER OF CLOSED SHELLS        5     3     2
      NUMBER OF OPEN SHELLS          0     1     0
      OPEN SHELL OCCUPATION NUMBER   0     1     0

      OPEN-SHELL ENERGY COEFFICIENTS
      J(  1,  1,  0) =  0.00000000     K(  1,  1,  0) = -1.66666667
      J(  1,  1,  2) =  0.00000000     K(  1,  1,  2) =  0.13333333

  *** FINAL SCF RESULTS ***
   E = -5740.168301741
   T =  5740.168413580     V =-11480.336715320     V/T =    -1.999999981

  ORBITAL ENERGIES AND EXPANSION COEFFICIENTS
        S                    1S             2S             3S             4S             5S 
  BASIS/ORB.ENERGY     -997.8001305   -149.3951754    -29.6243916     -4.9764470     -0.3724838
  1S   2.9886704E+07      0.0000038     -0.0000012      0.0000005     -0.0000002      0.0000001
  1S   4.4747457E+06      0.0000295     -0.0000095      0.0000042     -0.0000018      0.0000005
  1S   1.0180330E+06      0.0001552     -0.0000502      0.0000220     -0.0000094      0.0000025
  1S   2.8823744E+05      0.0006560     -0.0002120      0.0000928     -0.0000397      0.0000107
  1S   9.3987180E+04      0.0023873     -0.0007734      0.0003390     -0.0001453      0.0000391
  1S   3.3908184E+04      0.0077494     -0.0025223      0.0011048     -0.0004730      0.0001276
  1S   1.3213658E+04      0.0227597     -0.0075088      0.0033005     -0.0014159      0.0003810
  1S   5.4741443E+03      0.0602560     -0.0204558      0.0090097     -0.0038611      0.0010423
  1S   2.3837391E+03      0.1395106     -0.0505451      0.0225216     -0.0096910      0.0026070
  1S   1.0815475E+03      0.2633528     -0.1086981      0.0492088     -0.0211961      0.0057333
  1S   5.0744852E+02      0.3497788     -0.1870063      0.0884338     -0.0385432      0.0103708
  1S   2.4310267E+02      0.2487710     -0.1879985      0.0945594     -0.0415257      0.0113434
  1S   1.1222396E+02      0.0540424      0.1048674     -0.0617264      0.0275674     -0.0077685
  1S   5.7265982E+01     -0.0029233      0.5490437     -0.4434533      0.2165517     -0.0590060
  1S   2.8779303E+01      0.0021095      0.4530433     -0.4983552      0.2597152     -0.0738184
  1S   1.3117661E+01     -0.0012624      0.0785957      0.3323656     -0.2073293      0.0629691
  1S   6.9608236E+00      0.0007999     -0.0075091      0.8045122     -0.8435135      0.2610071
  1S   3.4879437E+00     -0.0004169      0.0034416      0.2264278     -0.1418197      0.0429926
  1S   1.6580234E+00      0.0001804     -0.0014157      0.0073352      0.8831508     -0.3828447
  1S   7.4957531E-01     -0.0000530      0.0003321      0.0018421      0.5063308     -0.3386362
  1S   1.5580777E-01      0.0000108     -0.0000706     -0.0000905      0.0135824      0.6747795
  1S   5.7715677E-02     -0.0000042      0.0000276      0.0000343     -0.0031880      0.5269292
        P                    2P             3P             4P             5P 
  BASIS/ORB.ENERGY     -139.1716617    -25.3740165     -3.5069729     -0.1971608
  2P   6.4965451E+04      0.0000447     -0.0000203      0.0000083     -0.0000016
  2P   1.5375020E+04      0.0003984     -0.0001816      0.0000743     -0.0000148
  2P   4.9921173E+03      0.0023087     -0.0010551      0.0004303     -0.0000855
  2P   1.9096934E+03      0.0102535     -0.0047262      0.0019383     -0.0003864
  2P   8.1076503E+02      0.0367268     -0.0172171      0.0070553     -0.0014031
  2P   3.7034637E+02      0.1057775     -0.0513279      0.0212615     -0.0042445
  2P   1.7837893E+02      0.2327791     -0.1189320      0.0495099     -0.0098632
  2P   8.9167587E+01      0.3555204     -0.1943771      0.0827873     -0.0166105
  2P   4.5744201E+01      0.3099402     -0.1480456      0.0590946     -0.0116148
  2P   2.3569043E+01      0.1155411      0.1583588     -0.0928649      0.0191065
  2P   1.2106238E+01      0.0110274      0.5072336     -0.3138988      0.0667557
  2P   6.2983732E+00      0.0009699      0.3995447     -0.2487246      0.0506933
  2P   3.1249257E+00     -0.0003540      0.0825951      0.3039749     -0.0793703
  2P   1.5204764E+00      0.0000790      0.0018535      0.5994805     -0.1610211
  2P   7.0238558E-01     -0.0000741      0.0011948      0.3032940     -0.0872151
  2P   2.4465466E-01      0.0000190     -0.0002122      0.0243642      0.2315528
  2P   9.4735165E-02     -0.0000093      0.0000959     -0.0022694      0.5695461
  2P   3.5451232E-02      0.0000030     -0.0000324      0.0008060      0.3554629
        D                    3D             4D 
  BASIS/ORB.ENERGY      -17.5892844     -1.0628994
  3D   1.7575304E+03      0.0003960     -0.0001418
  3D   5.3077940E+02      0.0037771     -0.0013519
  3D   2.0685161E+02      0.0209220     -0.0075622
  3D   9.1263894E+01      0.0771412     -0.0281239
  3D   4.3262475E+01      0.1977436     -0.0734995
  3D   2.1329964E+01      0.3385089     -0.1226516
  3D   1.0712563E+01      0.3658410     -0.1185488
  3D   5.4195857E+00      0.1945706      0.0509496
  3D   2.6634652E+00      0.0366206      0.3261046
  3D   1.2493339E+00      0.0014217      0.4367731
  3D   5.5727238E-01      0.0001488      0.3037728
  3D   2.2563314E-01     -0.0000288      0.0851517

 *** Overlap Matrix ***
 S       1     2     3     4     5     6     7     8     9    10    11    12    13    14    15    16    17    18    19    20    21    22
   1 1.000
   2 0.552 1.000
   3 0.213 0.685 1.000
   4 0.086 0.329 0.755 1.000
   5 0.037 0.151 0.415 0.799 1.000
   6 0.017 0.072 0.210 0.481 0.829 1.000
   7 0.009 0.036 0.107 0.262 0.533 0.852 1.000
   8 0.004 0.018 0.056 0.141 0.308 0.576 0.868 1.000
   9 0.002 0.010 0.030 0.077 0.173 0.349 0.610 0.882 1.000
  10 0.001 0.005 0.017 0.043 0.098 0.204 0.385 0.640 0.892 1.000
  11 0.001 0.003 0.009 0.024 0.056 0.118 0.232 0.416 0.664 0.900 1.000
  12 0.000 0.002 0.005 0.014 0.032 0.069 0.137 0.256 0.441 0.681 0.905 1.000
  13 0.000 0.001 0.003 0.008 0.018 0.039 0.078 0.149 0.267 0.446 0.676 0.896 1.000
  14 0.000 0.001 0.002 0.005 0.011 0.024 0.047 0.091 0.167 0.289 0.469 0.696 0.920 1.000
  15 0.000 0.000 0.001 0.003 0.007 0.014 0.028 0.055 0.101 0.179 0.303 0.483 0.724 0.917 1.000
  16 0.000 0.000 0.001 0.002 0.004 0.008 0.016 0.031 0.057 0.102 0.175 0.293 0.479 0.687 0.893 1.000
  17 0.000 0.000 0.000 0.001 0.002 0.005 0.010 0.019 0.035 0.064 0.111 0.189 0.321 0.490 0.705 0.929 1.000
  18 0.000 0.000 0.000 0.001 0.001 0.003 0.006 0.011 0.021 0.038 0.067 0.115 0.200 0.317 0.489 0.735 0.916 1.000
  19 0.000 0.000 0.000 0.000 0.001 0.002 0.003 0.006 0.012 0.022 0.038 0.066 0.117 0.190 0.306 0.502 0.700 0.904 1.000
  20 0.000 0.000 0.000 0.000 0.000 0.001 0.002 0.004 0.007 0.012 0.021 0.037 0.065 0.107 0.176 0.304 0.456 0.667 0.891 1.000
  21 0.000 0.000 0.000 0.000 0.000 0.000 0.001 0.001 0.002 0.004 0.007 0.011 0.020 0.034 0.056 0.100 0.158 0.257 0.420 0.656 1.000
  22 0.000 0.000 0.000 0.000 0.000 0.000 0.000 0.001 0.001 0.002 0.003 0.005 0.010 0.016 0.027 0.048 0.077 0.127 0.217 0.370 0.837 1.000
 P       1     2     3     4     5     6     7     8     9    10    11    12    13    14    15    16    17    18
   1 1.000
   2 0.549 1.000
   3 0.190 0.686 1.000
   4 0.064 0.311 0.757 1.000
   5 0.023 0.126 0.400 0.800 1.000
   6 0.009 0.051 0.183 0.467 0.829 1.000
   7 0.004 0.021 0.080 0.234 0.518 0.849 1.000
   8 0.001 0.009 0.035 0.110 0.276 0.556 0.863 1.000
   9 0.001 0.004 0.016 0.050 0.136 0.310 0.583 0.872 1.000
  10 0.000 0.002 0.007 0.023 0.063 0.155 0.330 0.596 0.874 1.000
  11 0.000 0.001 0.003 0.010 0.028 0.073 0.166 0.339 0.597 0.873 1.000
  12 0.000 0.000 0.001 0.004 0.013 0.033 0.079 0.174 0.344 0.601 0.877 1.000
  13 0.000 0.000 0.001 0.002 0.005 0.014 0.035 0.079 0.167 0.332 0.586 0.860 1.000
  14 0.000 0.000 0.000 0.001 0.002 0.006 0.014 0.033 0.074 0.157 0.315 0.557 0.853 1.000
  15 0.000 0.000 0.000 0.000 0.001 0.002 0.006 0.013 0.029 0.065 0.140 0.280 0.527 0.834 1.000
  16 0.000 0.000 0.000 0.000 0.000 0.001 0.001 0.004 0.008 0.018 0.041 0.089 0.194 0.397 0.717 1.000
  17 0.000 0.000 0.000 0.000 0.000 0.000 0.000 0.001 0.002 0.006 0.013 0.029 0.066 0.151 0.337 0.762 1.000
  18 0.000 0.000 0.000 0.000 0.000 0.000 0.000 0.000 0.001 0.002 0.004 0.009 0.020 0.049 0.120 0.361 0.748 1.000
 D       1     2     3     4     5     6     7     8     9    10    11    12
   1 1.000
   2 0.553 1.000
   3 0.181 0.687 1.000
   4 0.054 0.298 0.752 1.000
   5 0.016 0.107 0.376 0.788 1.000
   6 0.005 0.036 0.151 0.426 0.807 1.000
   7 0.001 0.011 0.053 0.181 0.453 0.816 1.000
   8 0.000 0.004 0.018 0.066 0.197 0.466 0.819 1.000
   9 0.000 0.001 0.005 0.021 0.070 0.197 0.455 0.805 1.000
  10 0.000 0.000 0.001 0.006 0.021 0.065 0.179 0.420 0.783 1.000
  11 0.000 0.000 0.000 0.001 0.005 0.018 0.054 0.150 0.377 0.758 1.000
  12 0.000 0.000 0.000 0.000 0.001 0.004 0.012 0.038 0.113 0.317 0.707 1.000
---------------------------------------------------------------------------------------------------------      TIN   K(2)L(8)M(18)4S(2)4P(6)5S(2)4D(10)5P(2), 3P                               

      CHARGE = 50.000000

      SYMMETRY SPECIES               S     P     D 
      NUMBER OF BASIS FUNCTIONS     22    18    12
      NUMBER OF CLOSED SHELLS        5     3     2
      NUMBER OF OPEN SHELLS          0     1     0
      OPEN SHELL OCCUPATION NUMBER   0     2     0

      OPEN-SHELL ENERGY COEFFICIENTS
      J(  1,  1,  0) =  0.00000000     K(  1,  1,  0) = -0.66666667
      J(  1,  1,  2) =  0.00000000     K(  1,  1,  2) = -0.06666667

  *** FINAL SCF RESULTS ***
   E = -6022.930864019
   T =  6022.930911737     V =-12045.861775756     V/T =    -1.999999992

  ORBITAL ENERGIES AND EXPANSION COEFFICIENTS
        S                    1S             2S             3S             4S             5S 
  BASIS/ORB.ENERGY    -1041.2230608   -156.9773539    -31.5987487     -5.5122856     -0.4762677
  1S   3.1559297D+07      0.0000037     -0.0000012      0.0000005     -0.0000002      0.0000001
  1S   4.7267616D+06      0.0000290     -0.0000094      0.0000041     -0.0000018      0.0000005
  1S   1.0760958D+06      0.0001523     -0.0000493      0.0000217     -0.0000094      0.0000028
  1S   3.0488724D+05      0.0006430     -0.0002081      0.0000915     -0.0000397      0.0000116
  1S   9.9487908D+04      0.0023377     -0.0007583      0.0003339     -0.0001451      0.0000424
  1S   3.5921108D+04      0.0075816     -0.0024713      0.0010875     -0.0004720      0.0001382
  1S   1.4008546D+04      0.0222590     -0.0073509      0.0032454     -0.0014116      0.0004121
  1S   5.8072677D+03      0.0589594     -0.0200312      0.0088638     -0.0038501      0.0011279
  1S   2.5302443D+03      0.1368115     -0.0495320      0.0221631     -0.0096701      0.0028220
  1S   1.1486446D+03      0.2596255     -0.1068894      0.0486011     -0.0212154      0.0062282
  1S   5.3922989D+02      0.3489130     -0.1851224      0.0878276     -0.0388215      0.0113308
  1S   2.5859858D+02      0.2538432     -0.1912311      0.0965448     -0.0429406      0.0127374
  1S   1.2031575D+02      0.0578894      0.0882429     -0.0519635      0.0233022     -0.0071981
  1S   6.1376570D+01     -0.0025613      0.5392566     -0.4320344      0.2139966     -0.0632427
  1S   3.0866518D+01      0.0021179      0.4682646     -0.5173092      0.2727660     -0.0843111
  1S   1.4210684D+01     -0.0012952      0.0871179      0.2846397     -0.1754780      0.0586693
  1S   7.6084510D+00      0.0008307     -0.0078270      0.8137011     -0.8515440      0.2860552
  1S   3.8715882D+00     -0.0004325      0.0036887      0.2574637     -0.2041857      0.0723212
  1S   1.8275356D+00      0.0001855     -0.0014889      0.0112980      0.8774208     -0.4199981
  1S   8.4030054D-01     -0.0000571      0.0003648      0.0015923      0.5382971     -0.3918170
  1S   1.9062751D-01      0.0000122     -0.0000802     -0.0000617      0.0161271      0.7082019
  1S   7.2084584D-02     -0.0000046      0.0000308      0.0000147     -0.0033969      0.5230102
        P                    2P             3P             4P             5P 
  BASIS/ORB.ENERGY     -146.4890432    -27.2088184     -3.9688515     -0.2649138
  2P   6.8665090D+04      0.0000437     -0.0000200      0.0000083     -0.0000019
  2P   1.6257881D+04      0.0003888     -0.0001782      0.0000742     -0.0000173
  2P   5.2834503D+03      0.0022495     -0.0010340      0.0004295     -0.0000999
  2P   2.0237745D+03      0.0099746     -0.0046232      0.0019304     -0.0004512
  2P   8.6056714D+02      0.0357058     -0.0168300      0.0070243     -0.0016349
  2P   3.9374671D+02      0.1030259     -0.0502400      0.0211880     -0.0049604
  2P   1.8997963D+02      0.2280079     -0.1170527      0.0496387     -0.0115715
  2P   9.5144887D+01      0.3522780     -0.1935080      0.0839106     -0.0197673
  2P   4.8925772D+01      0.3139446     -0.1539723      0.0631688     -0.0144764
  2P   2.5309350D+01      0.1217885      0.1444334     -0.0878495      0.0210647
  2P   1.3044914D+01      0.0125927      0.5009833     -0.3158896      0.0794386
  2P   6.8188240D+00      0.0009413      0.4101376     -0.2648746      0.0630119
  2P   3.4173481D+00     -0.0003356      0.0901360      0.2881468     -0.0886428
  2P   1.6789954D+00      0.0000671      0.0025036      0.6064248     -0.1976809
  2P   7.8903095D-01     -0.0000740      0.0012248      0.3120458     -0.1035380
  2P   2.8231913D-01      0.0000201     -0.0002380      0.0254699      0.2901444
  2P   1.1624965D-01     -0.0000101      0.0001086     -0.0025120      0.5777827
  2P   4.5876776D-02      0.0000032     -0.0000367      0.0008680      0.2919492
        D                    3D             4D 
  BASIS/ORB.ENERGY      -19.1631208     -1.3688425
  3D   1.9196291D+03      0.0003630     -0.0001358
  3D   5.7997749D+02      0.0034759     -0.0012984
  3D   2.2617335D+02      0.0194129     -0.0073261
  3D   9.9959808D+01      0.0724403     -0.0275598
  3D   4.7490879D+01      0.1888487     -0.0733412
  3D   2.3506179D+01      0.3306795     -0.1255795
  3D   1.1862477D+01      0.3688402     -0.1269352
  3D   6.0437095D+00      0.2066940      0.0382709
  3D   3.0015431D+00      0.0424432      0.3222709
  3D   1.4283046D+00      0.0018108      0.4452046
  3D   6.4975922D-01      0.0001698      0.3029865
  3D   2.6714650D-01     -0.0000414      0.0777589

 *** Overlap Matrix ***
 S       1     2     3     4     5     6     7     8     9    10    11    12    13    14    15    16    17    18    19    20    21    22
   1 1.000
   2 0.552 1.000
   3 0.213 0.685 1.000
   4 0.086 0.330 0.756 1.000
   5 0.037 0.151 0.415 0.799 1.000
   6 0.017 0.072 0.210 0.481 0.830 1.000
   7 0.009 0.036 0.107 0.262 0.534 0.852 1.000
   8 0.004 0.019 0.056 0.141 0.308 0.576 0.869 1.000
   9 0.002 0.010 0.030 0.077 0.173 0.349 0.611 0.882 1.000
  10 0.001 0.006 0.017 0.043 0.098 0.204 0.385 0.640 0.892 1.000
  11 0.001 0.003 0.009 0.024 0.056 0.119 0.232 0.416 0.664 0.901 1.000
  12 0.000 0.002 0.005 0.014 0.032 0.069 0.138 0.257 0.442 0.682 0.906 1.000
  13 0.000 0.001 0.003 0.008 0.018 0.039 0.079 0.150 0.269 0.448 0.679 0.898 1.000
  14 0.000 0.001 0.002 0.005 0.011 0.024 0.048 0.092 0.168 0.291 0.472 0.699 0.920 1.000
  15 0.000 0.000 0.001 0.003 0.007 0.014 0.029 0.055 0.102 0.180 0.304 0.485 0.724 0.917 1.000
  16 0.000 0.000 0.001 0.002 0.004 0.008 0.016 0.031 0.058 0.103 0.178 0.296 0.482 0.691 0.896 1.000
  17 0.000 0.000 0.000 0.001 0.002 0.005 0.010 0.019 0.036 0.065 0.113 0.192 0.325 0.496 0.711 0.931 1.000
  18 0.000 0.000 0.000 0.001 0.001 0.003 0.006 0.012 0.022 0.039 0.069 0.118 0.205 0.325 0.499 0.743 0.919 1.000
  19 0.000 0.000 0.000 0.000 0.001 0.002 0.003 0.007 0.012 0.022 0.040 0.068 0.120 0.194 0.311 0.507 0.703 0.902 1.000
  20 0.000 0.000 0.000 0.000 0.000 0.001 0.002 0.004 0.007 0.013 0.022 0.038 0.068 0.111 0.182 0.311 0.463 0.670 0.895 1.000
  21 0.000 0.000 0.000 0.000 0.000 0.000 0.001 0.001 0.002 0.004 0.007 0.013 0.022 0.037 0.062 0.109 0.172 0.275 0.447 0.684 1.000
  22 0.000 0.000 0.000 0.000 0.000 0.000 0.000 0.001 0.001 0.002 0.004 0.006 0.011 0.018 0.030 0.053 0.085 0.139 0.236 0.396 0.843 1.000
 P       1     2     3     4     5     6     7     8     9    10    11    12    13    14    15    16    17    18
   1 1.000
   2 0.549 1.000
   3 0.190 0.687 1.000
   4 0.064 0.312 0.758 1.000
   5 0.023 0.126 0.401 0.801 1.000
   6 0.009 0.051 0.184 0.469 0.830 1.000
   7 0.004 0.021 0.081 0.235 0.520 0.850 1.000
   8 0.002 0.009 0.036 0.110 0.277 0.558 0.864 1.000
   9 0.001 0.004 0.016 0.051 0.137 0.311 0.585 0.873 1.000
  10 0.000 0.002 0.007 0.023 0.064 0.157 0.333 0.599 0.875 1.000
  11 0.000 0.001 0.003 0.010 0.029 0.074 0.168 0.342 0.600 0.874 1.000
  12 0.000 0.000 0.001 0.005 0.013 0.034 0.081 0.176 0.348 0.605 0.879 1.000
  13 0.000 0.000 0.001 0.002 0.006 0.015 0.036 0.081 0.172 0.337 0.593 0.864 1.000
  14 0.000 0.000 0.000 0.001 0.002 0.006 0.015 0.035 0.077 0.162 0.322 0.566 0.857 1.000
  15 0.000 0.000 0.000 0.000 0.001 0.002 0.006 0.014 0.031 0.069 0.147 0.290 0.539 0.840 1.000
  16 0.000 0.000 0.000 0.000 0.000 0.001 0.002 0.004 0.009 0.020 0.045 0.095 0.205 0.413 0.729 1.000
  17 0.000 0.000 0.000 0.000 0.000 0.000 0.001 0.001 0.003 0.007 0.015 0.033 0.076 0.170 0.366 0.788 1.000
  18 0.000 0.000 0.000 0.000 0.000 0.000 0.000 0.000 0.001 0.002 0.005 0.011 0.025 0.059 0.140 0.401 0.770 1.000
 D       1     2     3     4     5     6     7     8     9    10    11    12
   1 1.000
   2 0.553 1.000
   3 0.182 0.688 1.000
   4 0.054 0.299 0.753 1.000
   5 0.016 0.108 0.378 0.789 1.000
   6 0.005 0.036 0.152 0.429 0.809 1.000
   7 0.002 0.012 0.054 0.183 0.458 0.818 1.000
   8 0.000 0.004 0.018 0.068 0.202 0.472 0.823 1.000
   9 0.000 0.001 0.006 0.022 0.073 0.203 0.464 0.811 1.000
  10 0.000 0.000 0.002 0.006 0.022 0.068 0.187 0.431 0.790 1.000
  11 0.000 0.000 0.000 0.002 0.006 0.019 0.058 0.160 0.391 0.767 1.000
  12 0.000 0.000 0.000 0.000 0.001 0.004 0.014 0.041 0.122 0.330 0.715 1.000
---------------------------------------------------------------------------------------------------------      ANTIMONY   K(2)L(8)M(18)4S(2)4P(6)5S(2)4D(10)5P(3), 4S                          

      CHARGE = 51.000000

      SYMMETRY SPECIES               S     P     D 
      NUMBER OF BASIS FUNCTIONS     22    18    12
      NUMBER OF CLOSED SHELLS        5     3     2
      NUMBER OF OPEN SHELLS          0     1     0
      OPEN SHELL OCCUPATION NUMBER   0     3     0

      OPEN-SHELL ENERGY COEFFICIENTS
      J(  1,  1,  0) =  0.00000000     K(  1,  1,  0) = -0.33333333
      J(  1,  1,  2) =  0.00000000     K(  1,  1,  2) = -0.13333333

  *** FINAL SCF RESULTS ***
   E = -6313.484499084
   T =  6313.484583912     V =-12626.969082995     V/T =    -1.999999987

  ORBITAL ENERGIES AND EXPANSION COEFFICIENTS
        S                    1S             2S             3S             4S             5S 
  BASIS/ORB.ENERGY    -1085.5887743   -164.7577500    -33.6360077     -6.0629876     -0.5816078
  1S   3.3913040D+07      0.0000036     -0.0000012      0.0000005     -0.0000002      0.0000001
  1S   5.0769007D+06      0.0000279     -0.0000090      0.0000040     -0.0000018      0.0000005
  1S   1.1550685D+06      0.0001466     -0.0000475      0.0000210     -0.0000092      0.0000029
  1S   3.2705633D+05      0.0006194     -0.0002008      0.0000887     -0.0000390      0.0000121
  1S   1.0664876D+05      0.0022544     -0.0007322      0.0003238     -0.0001426      0.0000442
  1S   3.8476717D+04      0.0073216     -0.0023897      0.0010563     -0.0004644      0.0001444
  1S   1.4992472D+04      0.0215391     -0.0071184      0.0031561     -0.0013911      0.0004312
  1S   6.2094007D+03      0.0572216     -0.0194474      0.0086433     -0.0038032      0.0011836
  1S   2.7029882D+03      0.1334199     -0.0482303      0.0216652     -0.0095797      0.0029686
  1S   1.2260565D+03      0.2552520     -0.1046876      0.0477882     -0.0211295      0.0065902
  1S   5.7521264D+02      0.3481702     -0.1829506      0.0870362     -0.0389925      0.0120839
  1S   2.7590593D+02      0.2600014     -0.1948433      0.0986617     -0.0444217      0.0140056
  1S   1.2933534D+02      0.0625488      0.0703404     -0.0414056      0.0185471     -0.0061829
  1S   6.5843376D+01     -0.0020651      0.5284444     -0.4195583      0.2106132     -0.0660663
  1S   3.3106117D+01      0.0021035      0.4840424     -0.5357389      0.2856569     -0.0939768
  1S   1.5379102D+01     -0.0013102      0.0963990      0.2371783     -0.1434974      0.0519936
  1S   8.2867830D+00      0.0008449     -0.0079758      0.8216596     -0.8584849      0.3061836
  1S   4.2587059D+00     -0.0004396      0.0039012      0.2877696     -0.2616154      0.1023752
  1S   1.9981149D+00      0.0001884     -0.0015603      0.0151940      0.8730304     -0.4519222
  1S   9.3288099D-01     -0.0000605      0.0003983      0.0013103      0.5643247     -0.4368503
  1S   2.2615431D-01      0.0000134     -0.0000891     -0.0000345      0.0185483      0.7321848
  1S   8.6866193D-02     -0.0000050      0.0000337     -0.0000059     -0.0035267      0.5249158
        P                    2P             3P             4P             5P 
  BASIS/ORB.ENERGY     -154.0035853    -29.1059417     -4.4445323     -0.3345850
  2P   7.4817476D+04      0.0000404     -0.0000186      0.0000079     -0.0000020
  2P   1.7708753D+04      0.0003602     -0.0001659      0.0000703     -0.0000182
  2P   5.7518192D+03      0.0020885     -0.0009652      0.0004080     -0.0001052
  2P   2.2014424D+03      0.0093023     -0.0043329      0.0018404     -0.0004768
  2P   9.3520349D+02      0.0335267     -0.0158746      0.0067424     -0.0017391
  2P   4.2747602D+02      0.0977366     -0.0478241      0.0205130     -0.0053236
  2P   2.0613543D+02      0.2196308     -0.1130788      0.0487995     -0.0126089
  2P   1.0323023D+02      0.3473498     -0.1913089      0.0843474     -0.0220308
  2P   5.3132580D+01      0.3215834     -0.1635430      0.0691813     -0.0176226
  2P   2.7571497D+01      0.1326917      0.1216106     -0.0777542      0.0207211
  2P   1.4230598D+01      0.0153783      0.4903229     -0.3136144      0.0877291
  2P   7.4614965D+00      0.0008961      0.4276483     -0.2879424      0.0768182
  2P   3.7716509D+00     -0.0002863      0.1019388      0.2615879     -0.0911895
  2P   1.8697625D+00      0.0000422      0.0034311      0.6139808     -0.2259541
  2P   8.9238553D-01     -0.0000698      0.0013045      0.3278324     -0.1242515
  2P   3.3272048D-01      0.0000191     -0.0002699      0.0282977      0.3185267
  2P   1.4154583D-01     -0.0000096      0.0001241     -0.0027765      0.5835318
  2P   5.7278680D-02      0.0000030     -0.0000389      0.0007693      0.2650737
        D                    3D             4D 
  BASIS/ORB.ENERGY      -20.7978600     -1.6876788
  3D   2.0856076D+03      0.0003358     -0.0001304
  3D   6.3029806D+02      0.0032269     -0.0012509
  3D   2.4590363D+02      0.0181566     -0.0071135
  3D   1.0882695D+02      0.0684928     -0.0270418
  3D   5.1798071D+01      0.1812393     -0.0731144
  3D   2.5718592D+01      0.3238113     -0.1280964
  3D   1.3028776D+01      0.3710398     -0.1342939
  3D   6.6745924D+00      0.2169687      0.0274503
  3D   3.3428521D+00      0.0477043      0.3193711
  3D   1.6094135D+00      0.0022180      0.4527937
  3D   7.4344069D-01      0.0001790      0.3014911
  3D   3.0871542D-01     -0.0000524      0.0721017

 *** Overlap Matrix ***
 S       1     2     3     4     5     6     7     8     9    10    11    12    13    14    15    16    17    18    19    20    21    22
   1 1.000
   2 0.552 1.000
   3 0.213 0.685 1.000
   4 0.086 0.329 0.755 1.000
   5 0.037 0.151 0.415 0.799 1.000
   6 0.017 0.072 0.210 0.481 0.829 1.000
   7 0.009 0.036 0.107 0.262 0.533 0.852 1.000
   8 0.004 0.018 0.056 0.141 0.308 0.575 0.868 1.000
   9 0.002 0.010 0.030 0.077 0.173 0.349 0.610 0.882 1.000
  10 0.001 0.005 0.017 0.043 0.098 0.204 0.384 0.639 0.892 1.000
  11 0.001 0.003 0.009 0.024 0.056 0.118 0.232 0.416 0.664 0.900 1.000
  12 0.000 0.002 0.005 0.014 0.032 0.069 0.138 0.256 0.441 0.682 0.906 1.000
  13 0.000 0.001 0.003 0.008 0.018 0.039 0.079 0.150 0.270 0.450 0.681 0.900 1.000
  14 0.000 0.001 0.002 0.005 0.011 0.024 0.048 0.092 0.168 0.292 0.473 0.701 0.920 1.000
  15 0.000 0.000 0.001 0.003 0.007 0.014 0.029 0.055 0.102 0.181 0.306 0.487 0.723 0.917 1.000
  16 0.000 0.000 0.001 0.002 0.004 0.008 0.016 0.031 0.058 0.104 0.180 0.299 0.484 0.694 0.898 1.000
  17 0.000 0.000 0.000 0.001 0.002 0.005 0.010 0.020 0.037 0.066 0.115 0.195 0.328 0.500 0.716 0.932 1.000
  18 0.000 0.000 0.000 0.001 0.001 0.003 0.006 0.012 0.022 0.040 0.071 0.121 0.208 0.330 0.507 0.748 0.922 1.000
  19 0.000 0.000 0.000 0.000 0.001 0.002 0.004 0.007 0.013 0.023 0.040 0.069 0.121 0.197 0.315 0.510 0.704 0.900 1.000
  20 0.000 0.000 0.000 0.000 0.000 0.001 0.002 0.004 0.007 0.013 0.023 0.039 0.069 0.114 0.187 0.316 0.468 0.673 0.899 1.000
  21 0.000 0.000 0.000 0.000 0.000 0.000 0.001 0.001 0.002 0.004 0.008 0.014 0.024 0.040 0.067 0.117 0.182 0.290 0.470 0.706 1.000
  22 0.000 0.000 0.000 0.000 0.000 0.000 0.000 0.001 0.001 0.002 0.004 0.007 0.012 0.020 0.033 0.058 0.091 0.148 0.253 0.417 0.847 1.000
 P       1     2     3     4     5     6     7     8     9    10    11    12    13    14    15    16    17    18
   1 1.000
   2 0.549 1.000
   3 0.190 0.687 1.000
   4 0.064 0.312 0.757 1.000
   5 0.023 0.126 0.401 0.801 1.000
   6 0.009 0.051 0.183 0.468 0.830 1.000
   7 0.004 0.021 0.081 0.234 0.519 0.850 1.000
   8 0.001 0.009 0.036 0.110 0.277 0.558 0.864 1.000
   9 0.001 0.004 0.016 0.051 0.137 0.311 0.586 0.873 1.000
  10 0.000 0.002 0.007 0.023 0.064 0.157 0.334 0.601 0.876 1.000
  11 0.000 0.001 0.003 0.010 0.029 0.074 0.169 0.344 0.602 0.874 1.000
  12 0.000 0.000 0.001 0.005 0.013 0.034 0.082 0.178 0.350 0.607 0.880 1.000
  13 0.000 0.000 0.001 0.002 0.006 0.015 0.036 0.083 0.175 0.342 0.598 0.867 1.000
  14 0.000 0.000 0.000 0.001 0.002 0.006 0.015 0.036 0.079 0.166 0.329 0.573 0.860 1.000
  15 0.000 0.000 0.000 0.000 0.001 0.003 0.006 0.015 0.033 0.072 0.152 0.300 0.549 0.846 1.000
  16 0.000 0.000 0.000 0.000 0.000 0.001 0.002 0.004 0.010 0.022 0.049 0.104 0.220 0.434 0.746 1.000
  17 0.000 0.000 0.000 0.000 0.000 0.000 0.001 0.001 0.003 0.008 0.017 0.038 0.085 0.187 0.392 0.801 1.000
  18 0.000 0.000 0.000 0.000 0.000 0.000 0.000 0.000 0.001 0.002 0.006 0.013 0.029 0.067 0.156 0.422 0.781 1.000
 D       1     2     3     4     5     6     7     8     9    10    11    12
   1 1.000
   2 0.553 1.000
   3 0.182 0.688 1.000
   4 0.054 0.300 0.754 1.000
   5 0.016 0.108 0.380 0.790 1.000
   6 0.005 0.036 0.154 0.431 0.810 1.000
   7 0.002 0.012 0.055 0.186 0.461 0.820 1.000
   8 0.000 0.004 0.019 0.069 0.205 0.476 0.825 1.000
   9 0.000 0.001 0.006 0.023 0.075 0.208 0.471 0.815 1.000
  10 0.000 0.000 0.002 0.007 0.023 0.072 0.194 0.441 0.796 1.000
  11 0.000 0.000 0.000 0.002 0.006 0.021 0.062 0.168 0.403 0.775 1.000
  12 0.000 0.000 0.000 0.000 0.001 0.005 0.015 0.045 0.128 0.340 0.721 1.000
---------------------------------------------------------------------------------------------------------      TELLURIUM   K(2)L(8)M(18)4S(2)4P(6)5S(2)4D(10)5P(4), 3P                         

      CHARGE = 52.000000

      SYMMETRY SPECIES               S     P     D 
      NUMBER OF BASIS FUNCTIONS     22    18    12
      NUMBER OF CLOSED SHELLS        5     3     2
      NUMBER OF OPEN SHELLS          0     1     0
      OPEN SHELL OCCUPATION NUMBER   0     4     0

      OPEN-SHELL ENERGY COEFFICIENTS
      J(  1,  1,  0) =  0.00000000     K(  1,  1,  0) = -0.16666667
      J(  1,  1,  2) =  0.00000000     K(  1,  1,  2) = -0.01666667

  *** FINAL SCF RESULTS ***
   E = -6611.783219552
   T =  6611.783263304     V =-13223.566482855     V/T =    -1.999999993

  ORBITAL ENERGIES AND EXPANSION COEFFICIENTS
        S                    1S             2S             3S             4S             5S 
  BASIS/ORB.ENERGY    -1130.9167298   -172.7551970    -35.7546792     -6.6468187     -0.7003764
  1S   3.5647426E+07      0.0000035     -0.0000011      0.0000005     -0.0000002      0.0000001
  1S   5.3352522E+06      0.0000275     -0.0000089      0.0000040     -0.0000018      0.0000006
  1S   1.2135226E+06      0.0001447     -0.0000469      0.0000208     -0.0000093      0.0000030
  1S   3.4354461E+05      0.0006116     -0.0001985      0.0000881     -0.0000392      0.0000128
  1S   1.1201270E+05      0.0022264     -0.0007241      0.0003215     -0.0001434      0.0000468
  1S   4.0408789E+04      0.0072325     -0.0023638      0.0010493     -0.0004672      0.0001529
  1S   1.5743788E+04      0.0212849     -0.0070424      0.0031353     -0.0013995      0.0004563
  1S   6.5206676E+03      0.0565720     -0.0192463      0.0085904     -0.0038277      0.0012536
  1S   2.8389280E+03      0.1320522     -0.0477517      0.0215375     -0.0096442      0.0031432
  1S   1.2881077E+03      0.2532686     -0.1038143      0.0475878     -0.0213074      0.0069953
  1S   6.0459966E+02      0.3474630     -0.1820072      0.0869079     -0.0394332      0.0128496
  1S   2.9025154E+02      0.2625137     -0.1963415      0.0998199     -0.0455186      0.0151218
  1S   1.3664691E+02      0.0648174      0.0621729     -0.0367590      0.0165724     -0.0059142
  1S   6.9551812E+01     -0.0017883      0.5224807     -0.4144145      0.2107875     -0.0694818
  1S   3.5004841E+01      0.0020941      0.4913039     -0.5455424      0.2949542     -0.1024945
  1S   1.6365347E+01     -0.0013221      0.1014861      0.2137786     -0.1293441      0.0505853
  1S   8.8602008E+00      0.0008578     -0.0079978      0.8253524     -0.8696403      0.3260834
  1S   4.5767169E+00     -0.0004495      0.0040181      0.3035814     -0.2915229      0.1242029
  1S   2.1557920E+00      0.0001959     -0.0016302      0.0173648      0.8733048     -0.4865770
  1S   1.0230951E+00     -0.0000649      0.0004308      0.0011818      0.5785072     -0.4729502
  1S   2.6314784E-01      0.0000146     -0.0000962     -0.0000401      0.0204549      0.7609841
  1S   1.0174415E-01     -0.0000052      0.0000357     -0.0000162     -0.0034560      0.5219951
        P                    2P             3P             4P             5P 
  BASIS/ORB.ENERGY     -161.7341708    -31.0838421     -4.9523791     -0.3596879
  2P   7.8242837E+04      0.0000401     -0.0000185      0.0000080     -0.0000022
  2P   1.8521661E+04      0.0003573     -0.0001655      0.0000713     -0.0000198
  2P   6.0189943E+03      0.0020695     -0.0009615      0.0004131     -0.0001142
  2P   2.3057791E+03      0.0092035     -0.0043095      0.0018601     -0.0005175
  2P   9.8078745E+02      0.0331234     -0.0157662      0.0068061     -0.0018833
  2P   4.4894381E+02      0.0965568     -0.0474877      0.0207005     -0.0057697
  2P   2.1675933E+02      0.2175242     -0.1125715      0.0493890     -0.0136904
  2P   1.0866274E+02      0.3458806     -0.1914974      0.0858283     -0.0240937
  2P   5.5984087E+01      0.3231832     -0.1662412      0.0716718     -0.0195515
  2P   2.9096917E+01      0.1353718      0.1168928     -0.0769944      0.0219799
  2P   1.5053997E+01      0.0160726      0.4888343     -0.3193120      0.0965833
  2P   7.9216659E+00      0.0008906      0.4299761     -0.2954806      0.0843207
  2P   4.0297458E+00     -0.0002922      0.1046668      0.2611086     -0.0980760
  2P   2.0126813E+00      0.0000425      0.0037895      0.6191810     -0.2530285
  2P   9.7580432E-01     -0.0000725      0.0012894      0.3243162     -0.1266445
  2P   3.7881578E-01      0.0000205     -0.0002785      0.0282031      0.3558337
  2P   1.5933132E-01     -0.0000092      0.0001066     -0.0016616      0.5740637
  2P   6.3576033E-02      0.0000031     -0.0000388      0.0007988      0.2505345
        D                    3D             4D 
  BASIS/ORB.ENERGY      -22.5121348     -2.0380960
  3D   2.2509327E+03      0.0003143     -0.0001262
  3D   6.8046770E+02      0.0030299     -0.0012140
  3D   2.6555300E+02      0.0171588     -0.0069496
  3D   1.1764260E+02      0.0653475     -0.0266651
  3D   5.6074570E+01      0.1751040     -0.0730589
  3D   2.7912753E+01      0.3181252     -0.1304766
  3D   1.4186316E+01      0.3724807     -0.1406964
  3D   7.3012282E+00      0.2251363      0.0187708
  3D   3.6831756E+00      0.0521758      0.3177454
  3D   1.7911040E+00      0.0026124      0.4595702
  3D   8.3786493E-01      0.0001780      0.2990963
  3D   3.5064325E-01     -0.0000611      0.0668520

 *** Overlap Matrix ***
 S       1     2     3     4     5     6     7     8     9    10    11    12    13    14    15    16    17    18    19    20    21    22
   1 1.000
   2 0.552 1.000
   3 0.213 0.685 1.000
   4 0.086 0.329 0.755 1.000
   5 0.037 0.151 0.415 0.799 1.000
   6 0.017 0.072 0.210 0.481 0.829 1.000
   7 0.009 0.036 0.107 0.262 0.533 0.851 1.000
   8 0.004 0.018 0.056 0.141 0.308 0.575 0.868 1.000
   9 0.002 0.010 0.030 0.077 0.173 0.349 0.610 0.882 1.000
  10 0.001 0.005 0.017 0.043 0.098 0.204 0.385 0.640 0.892 1.000
  11 0.001 0.003 0.009 0.024 0.056 0.118 0.232 0.416 0.664 0.901 1.000
  12 0.000 0.002 0.005 0.014 0.032 0.069 0.138 0.257 0.442 0.682 0.906 1.000
  13 0.000 0.001 0.003 0.008 0.018 0.039 0.079 0.151 0.271 0.452 0.683 0.901 1.000
  14 0.000 0.001 0.002 0.005 0.011 0.024 0.048 0.092 0.169 0.293 0.475 0.702 0.919 1.000
  15 0.000 0.000 0.001 0.003 0.007 0.014 0.029 0.056 0.103 0.182 0.307 0.488 0.723 0.917 1.000
  16 0.000 0.000 0.001 0.002 0.004 0.008 0.016 0.032 0.059 0.105 0.181 0.301 0.486 0.696 0.900 1.000
  17 0.000 0.000 0.000 0.001 0.002 0.005 0.010 0.020 0.037 0.067 0.117 0.197 0.331 0.504 0.720 0.933 1.000
  18 0.000 0.000 0.000 0.001 0.001 0.003 0.006 0.012 0.023 0.041 0.072 0.123 0.211 0.334 0.511 0.751 0.923 1.000
  19 0.000 0.000 0.000 0.000 0.001 0.002 0.004 0.007 0.013 0.023 0.041 0.071 0.123 0.200 0.320 0.514 0.707 0.901 1.000
  20 0.000 0.000 0.000 0.000 0.000 0.001 0.002 0.004 0.007 0.013 0.024 0.041 0.071 0.117 0.191 0.323 0.476 0.679 0.903 1.000
  21 0.000 0.000 0.000 0.000 0.000 0.000 0.001 0.001 0.003 0.005 0.009 0.015 0.026 0.043 0.071 0.125 0.194 0.305 0.491 0.725 1.000
  22 0.000 0.000 0.000 0.000 0.000 0.000 0.000 0.001 0.001 0.002 0.004 0.007 0.013 0.021 0.035 0.062 0.098 0.158 0.267 0.434 0.849 1.000
 P       1     2     3     4     5     6     7     8     9    10    11    12    13    14    15    16    17    18
   1 1.000
   2 0.549 1.000
   3 0.190 0.687 1.000
   4 0.064 0.312 0.758 1.000
   5 0.023 0.126 0.402 0.801 1.000
   6 0.009 0.051 0.184 0.469 0.830 1.000
   7 0.004 0.021 0.081 0.235 0.520 0.850 1.000
   8 0.002 0.009 0.036 0.111 0.278 0.559 0.864 1.000
   9 0.001 0.004 0.016 0.051 0.137 0.312 0.586 0.874 1.000
  10 0.000 0.002 0.007 0.023 0.065 0.158 0.335 0.602 0.877 1.000
  11 0.000 0.001 0.003 0.010 0.029 0.075 0.171 0.346 0.604 0.875 1.000
  12 0.000 0.000 0.001 0.005 0.013 0.035 0.083 0.180 0.353 0.609 0.881 1.000
  13 0.000 0.000 0.001 0.002 0.006 0.015 0.037 0.084 0.177 0.346 0.602 0.869 1.000
  14 0.000 0.000 0.000 0.001 0.002 0.006 0.016 0.037 0.081 0.170 0.334 0.579 0.863 1.000
  15 0.000 0.000 0.000 0.000 0.001 0.003 0.007 0.015 0.034 0.075 0.158 0.309 0.559 0.852 1.000
  16 0.000 0.000 0.000 0.000 0.000 0.001 0.002 0.005 0.011 0.024 0.053 0.113 0.235 0.456 0.763 1.000
  17 0.000 0.000 0.000 0.000 0.000 0.000 0.001 0.002 0.004 0.008 0.019 0.041 0.091 0.196 0.402 0.797 1.000
  18 0.000 0.000 0.000 0.000 0.000 0.000 0.000 0.001 0.001 0.003 0.006 0.013 0.030 0.070 0.159 0.412 0.775 1.000
 D       1     2     3     4     5     6     7     8     9    10    11    12
   1 1.000
   2 0.553 1.000
   3 0.182 0.688 1.000
   4 0.054 0.300 0.754 1.000
   5 0.016 0.109 0.381 0.791 1.000
   6 0.005 0.037 0.155 0.433 0.812 1.000
   7 0.002 0.012 0.056 0.187 0.464 0.821 1.000
   8 0.000 0.004 0.019 0.071 0.208 0.480 0.827 1.000
   9 0.000 0.001 0.006 0.024 0.077 0.212 0.476 0.818 1.000
  10 0.000 0.000 0.002 0.007 0.024 0.074 0.200 0.449 0.800 1.000
  11 0.000 0.000 0.000 0.002 0.007 0.022 0.065 0.175 0.414 0.781 1.000
  12 0.000 0.000 0.000 0.000 0.002 0.005 0.016 0.047 0.134 0.349 0.725 1.000
---------------------------------------------------------------------------------------------------------      IODINE   K(2)L(8)M(18)4S(2)4P(6)5S(2)4D(10)5P(5), 2P                            

      CHARGE = 53.000000

      SYMMETRY SPECIES               S     P     D 
      NUMBER OF BASIS FUNCTIONS     22    18    12
      NUMBER OF CLOSED SHELLS        5     3     2
      NUMBER OF OPEN SHELLS          0     1     0
      OPEN SHELL OCCUPATION NUMBER   0     5     0

      OPEN-SHELL ENERGY COEFFICIENTS
      J(  1,  1,  0) =  0.00000000     K(  1,  1,  0) = -0.06666667
      J(  1,  1,  2) =  0.00000000     K(  1,  1,  2) =  0.00533333
 
  *** FINAL SCF RESULTS ***
   E = -6917.980036862
   T =  6917.980013885     V =-13835.960050747     V/T =    -2.000000003
 
  ORBITAL ENERGIES AND EXPANSION COEFFICIENTS
        S                    1S             2S             3S             4S             5S 
  BASIS/ORB.ENERGY    -1177.1860184   -180.9490113    -37.9342555     -7.2441602     -0.8209204
  1S   3.6171983d+07      0.0000036     -0.0000012      0.0000005     -0.0000002      0.0000001
  1S   5.4161565d+06      0.0000283     -0.0000092      0.0000041     -0.0000018      0.0000006
  1S   1.2325083d+06      0.0001488     -0.0000483      0.0000215     -0.0000097      0.0000033
  1S   3.4906852d+05      0.0006286     -0.0002043      0.0000910     -0.0000410      0.0000140
  1S   1.1386484d+05      0.0022866     -0.0007447      0.0003320     -0.0001498      0.0000509
  1S   4.1106183d+04      0.0074158     -0.0024273      0.0010819     -0.0004876      0.0001661
  1S   1.6037606d+04      0.0217557     -0.0072109      0.0032236     -0.0014561      0.0004941
  1S   6.6564645d+03      0.0575607     -0.0196258      0.0087968     -0.0039674      0.0013534
  1S   2.9058914d+03      0.1335823     -0.0484542      0.0219498     -0.0099465      0.0033736
  1S   1.3224817d+03      0.2544832     -0.1047572      0.0482434     -0.0218685      0.0074804
  1S   6.2262688d+02      0.3465655     -0.1825748      0.0876204     -0.0402398      0.0136416
  1S   2.9975797d+02      0.2599574     -0.1951927      0.0997893     -0.0461048      0.0159839
  1S   1.4145960d+02      0.0637798      0.0651462     -0.0388549      0.0178685     -0.0066971
  1S   7.2194128d+01     -0.0017941      0.5227108     -0.4179607      0.2154261     -0.0738300
  1S   3.6426302d+01      0.0020725      0.4894855     -0.5468922      0.3006587     -0.1093895
  1S   1.7082824d+01     -0.0013208      0.1013298      0.2175332     -0.1355068      0.0563303
  1S   9.2906434d+00      0.0008645     -0.0081396      0.8256390     -0.8872604      0.3462439
  1S   4.8114294d+00     -0.0004589      0.0040830      0.3031120     -0.2909099      0.1342187
  1S   2.2936775d+00      0.0002060     -0.0017095      0.0174809      0.8817569     -0.5256721
  1S   1.1074325d+00     -0.0000700      0.0004667      0.0012233      0.5781285     -0.4948024
  1S   3.0108364d-01      0.0000158     -0.0001028     -0.0000874      0.0216844      0.7844998
  1S   1.1708866d-01     -0.0000055      0.0000374     -0.0000146     -0.0032089      0.5219848
        P                    2P             3P             4P             5P 
  BASIS/ORB.ENERGY     -169.6601412    -33.1221044     -5.4731663     -0.4030275
  2P   8.1743688d+04      0.0000398     -0.0000185      0.0000081     -0.0000024
  2P   1.9344387d+04      0.0003551     -0.0001653      0.0000723     -0.0000213
  2P   6.2804832d+03      0.0020617     -0.0009627      0.0004200     -0.0001233
  2P   2.4028589d+03      0.0091960     -0.0043280      0.0018964     -0.0005603
  2P   1.0206430d+03      0.0331933     -0.0158819      0.0069617     -0.0020455
  2P   4.6664291d+02      0.0969193     -0.0479253      0.0212120     -0.0062795
  2P   2.2519637d+02      0.2182284     -0.1135963      0.0506265     -0.0149035
  2P   1.1294561d+02      0.3460800     -0.1927881      0.0877752     -0.0261818
  2P   5.8265239d+01      0.3222372     -0.1662845      0.0727689     -0.0210581
  2P   3.0345950d+01      0.1347756      0.1184153     -0.0795643      0.0241656
  2P   1.5758160d+01      0.0160055      0.4898926     -0.3271662      0.1056517
  2P   8.3296851d+00      0.0008876      0.4274522     -0.2981754      0.0902046
  2P   4.2665662d+00     -0.0003101      0.1047599      0.2670485     -0.1072072
  2P   2.1470586d+00      0.0000488      0.0040046      0.6235773     -0.2780908
  2P   1.0567789d+00     -0.0000771      0.0012439      0.3163592     -0.1269247
  2P   4.2724747d-01      0.0000232     -0.0002862      0.0280031      0.3825066
  2P   1.8034351d-01     -0.0000094      0.0000881     -0.0005951      0.5693098
  2P   7.2051083d-02      0.0000033     -0.0000398      0.0008495      0.2373297
        D                    3D             4D 
  BASIS/ORB.ENERGY      -24.2854775     -2.4010106
  3D   2.4193760d+03      0.0002962     -0.0001225
  3D   7.3152911d+02      0.0028633     -0.0011813
  3D   2.8559386d+02      0.0163004     -0.0067998
  3D   1.2665293d+02      0.0626027     -0.0263050
  3D   6.0448740d+01      0.1696836     -0.0729485
  3D   3.0152630d+01      0.3130965     -0.1326010
  3D   1.5363692d+01      0.3737136     -0.1465451
  3D   7.9355577d+00      0.2322255      0.0113223
  3D   4.0258419d+00      0.0561191      0.3170881
  3D   1.9743198d+00      0.0029704      0.4657286
  3D   9.3321018d-01      0.0001746      0.2960009
  3D   3.9266006d-01     -0.0000697      0.0624365
 
 *** Overlap Matrix ***
 S       1     2     3     4     5     6     7     8     9    10    11    12    13    14    15    16    17    18    19    20    21    22
   1 1.000
   2 0.552 1.000
   3 0.213 0.685 1.000
   4 0.086 0.329 0.755 1.000
   5 0.037 0.151 0.415 0.799 1.000
   6 0.017 0.072 0.210 0.481 0.830 1.000
   7 0.009 0.036 0.107 0.262 0.534 0.852 1.000
   8 0.004 0.019 0.056 0.141 0.309 0.576 0.869 1.000
   9 0.002 0.010 0.030 0.077 0.174 0.350 0.612 0.882 1.000
  10 0.001 0.006 0.017 0.043 0.098 0.205 0.386 0.641 0.893 1.000
  11 0.001 0.003 0.010 0.024 0.056 0.119 0.234 0.418 0.666 0.901 1.000
  12 0.000 0.002 0.006 0.014 0.033 0.070 0.139 0.259 0.444 0.684 0.907 1.000
  13 0.000 0.001 0.003 0.008 0.019 0.040 0.080 0.153 0.273 0.454 0.685 0.902 1.000
  14 0.000 0.001 0.002 0.005 0.011 0.024 0.049 0.094 0.171 0.295 0.477 0.704 0.920 1.000
  15 0.000 0.000 0.001 0.003 0.007 0.015 0.029 0.056 0.104 0.184 0.309 0.490 0.725 0.918 1.000
  16 0.000 0.000 0.001 0.002 0.004 0.008 0.017 0.032 0.060 0.106 0.183 0.304 0.488 0.698 0.900 1.000
  17 0.000 0.000 0.000 0.001 0.002 0.005 0.011 0.020 0.038 0.068 0.118 0.200 0.334 0.507 0.722 0.934 1.000
  18 0.000 0.000 0.000 0.001 0.001 0.003 0.006 0.012 0.023 0.042 0.073 0.125 0.213 0.337 0.514 0.754 0.923 1.000
  19 0.000 0.000 0.000 0.000 0.001 0.002 0.004 0.007 0.013 0.024 0.042 0.072 0.125 0.203 0.324 0.519 0.711 0.904 1.000
  20 0.000 0.000 0.000 0.000 0.000 0.001 0.002 0.004 0.008 0.014 0.024 0.042 0.074 0.121 0.197 0.331 0.485 0.689 0.907 1.000
  21 0.000 0.000 0.000 0.000 0.000 0.000 0.001 0.002 0.003 0.005 0.009 0.016 0.028 0.046 0.077 0.133 0.206 0.323 0.513 0.742 1.000
  22 0.000 0.000 0.000 0.000 0.000 0.000 0.000 0.001 0.001 0.003 0.005 0.008 0.014 0.023 0.038 0.067 0.104 0.168 0.282 0.451 0.851 1.000
 P       1     2     3     4     5     6     7     8     9    10    11    12    13    14    15    16    17    18
   1 1.000
   2 0.549 1.000
   3 0.190 0.686 1.000
   4 0.064 0.311 0.757 1.000
   5 0.023 0.126 0.401 0.801 1.000
   6 0.009 0.051 0.183 0.468 0.830 1.000
   7 0.004 0.021 0.081 0.234 0.520 0.850 1.000
   8 0.002 0.009 0.036 0.110 0.278 0.559 0.864 1.000
   9 0.001 0.004 0.016 0.051 0.137 0.313 0.587 0.874 1.000
  10 0.000 0.002 0.007 0.023 0.065 0.159 0.337 0.604 0.877 1.000
  11 0.000 0.001 0.003 0.010 0.030 0.075 0.172 0.348 0.606 0.876 1.000
  12 0.000 0.000 0.001 0.005 0.014 0.035 0.084 0.182 0.356 0.613 0.883 1.000
  13 0.000 0.000 0.001 0.002 0.006 0.016 0.038 0.086 0.181 0.351 0.607 0.872 1.000
  14 0.000 0.000 0.000 0.001 0.003 0.007 0.016 0.038 0.083 0.174 0.340 0.586 0.865 1.000
  15 0.000 0.000 0.000 0.000 0.001 0.003 0.007 0.016 0.036 0.078 0.164 0.318 0.568 0.857 1.000
  16 0.000 0.000 0.000 0.000 0.000 0.001 0.002 0.005 0.012 0.026 0.058 0.122 0.251 0.478 0.780 1.000
  17 0.000 0.000 0.000 0.000 0.000 0.000 0.001 0.002 0.004 0.009 0.021 0.045 0.098 0.209 0.418 0.798 1.000
  18 0.000 0.000 0.000 0.000 0.000 0.000 0.000 0.001 0.001 0.003 0.007 0.015 0.033 0.075 0.167 0.414 0.775 1.000
 D       1     2     3     4     5     6     7     8     9    10    11    12
   1 1.000
   2 0.553 1.000
   3 0.182 0.688 1.000
   4 0.054 0.301 0.755 1.000
   5 0.016 0.109 0.382 0.791 1.000
   6 0.005 0.037 0.156 0.435 0.813 1.000
   7 0.002 0.012 0.057 0.189 0.466 0.823 1.000
   8 0.001 0.004 0.019 0.072 0.210 0.483 0.829 1.000
   9 0.000 0.001 0.006 0.024 0.079 0.215 0.481 0.821 1.000
  10 0.000 0.000 0.002 0.007 0.025 0.077 0.204 0.456 0.804 1.000
  11 0.000 0.000 0.000 0.002 0.007 0.023 0.068 0.181 0.422 0.787 1.000
  12 0.000 0.000 0.000 0.000 0.002 0.005 0.017 0.050 0.139 0.355 0.728 1.000
---------------------------------------------------------------------------------------------------------      XENON   K(2)L(8)M(18)4S(2)4P(6)5S(2)4D(10)5P(6), 1S                             

      CHARGE = 54.000000

      SYMMETRY SPECIES               S     P     D 
      NUMBER OF BASIS FUNCTIONS     22    18    12
      NUMBER OF CLOSED SHELLS        5     4     2
      NUMBER OF OPEN SHELLS          0     0     0
      OPEN SHELL OCCUPATION NUMBER   0     0     0
 
  *** FINAL SCF RESULTS ***
   E = -7232.137485087
   T =  7232.137434685     V =-14464.274919772     V/T =    -2.000000007
 
  ORBITAL ENERGIES AND EXPANSION COEFFICIENTS
        S                    1S             2S             3S             4S             5S 
  BASIS/ORB.ENERGY    -1224.3975002   -189.3399163    -40.1754572     -7.8561061     -0.9442145
  1S   3.7439585d+07      0.0000037     -0.0000012      0.0000005     -0.0000002      0.0000001
  1S   5.6057165d+06      0.0000284     -0.0000092      0.0000041     -0.0000019      0.0000007
  1S   1.2758600d+06      0.0001493     -0.0000486      0.0000217     -0.0000099      0.0000035
  1S   3.6147968d+05      0.0006304     -0.0002052      0.0000917     -0.0000418      0.0000147
  1S   1.1798538d+05      0.0022907     -0.0007470      0.0003344     -0.0001526      0.0000536
  1S   4.2623784d+04      0.0074224     -0.0024326      0.0010884     -0.0004961      0.0001748
  1S   1.6638808d+04      0.0217649     -0.0072237      0.0032421     -0.0014809      0.0005194
  1S   6.9076680d+03      0.0575904     -0.0196617      0.0088470     -0.0040363      0.0014239
  1S   3.0152337d+03      0.1337188     -0.0485775      0.0220949     -0.0101243      0.0035486
  1S   1.3717066d+03      0.2548741     -0.1050950      0.0485937     -0.0222874      0.0078854
  1S   6.4544844d+02      0.3469709     -0.1832535      0.0883421     -0.0410250      0.0143688
  1S   3.1053943d+02      0.2596675     -0.1953401      0.1003315     -0.0469547      0.0168582
  1S   1.4623464d+02      0.0632032      0.0681495     -0.0409219      0.0192252     -0.0074929
  1S   7.4724633d+01     -0.0019877      0.5253587     -0.4240516      0.2212429     -0.0783058
  1S   3.7723814d+01      0.0021236      0.4869718     -0.5473619      0.3062760     -0.1158107
  1S   1.7656358d+01     -0.0013671      0.0993732      0.2344281     -0.1525634      0.0663401
  1S   9.6316740d+00      0.0009106     -0.0086184      0.8262741     -0.9100842      0.3673518
  1S   4.9814157d+00     -0.0004934      0.0042354      0.2926885     -0.2706181      0.1354316
  1S   2.4157583d+00      0.0002309     -0.0018517      0.0158448      0.8978573     -0.5704584
  1S   1.1858631d+00     -0.0000803      0.0005251      0.0014473      0.5660282     -0.5036743
  1S   3.3988109d-01      0.0000182     -0.0001137     -0.0001768      0.0222910      0.8053241
  1S   1.3288526d-01     -0.0000061      0.0000403     -0.0000020     -0.0028299      0.5227137
        P                    2P             3P             4P             5P 
  BASIS/ORB.ENERGY     -177.7822463    -35.2214611     -6.0081501     -0.4571366
  2P   8.4253824d+04      0.0000404     -0.0000189      0.0000083     -0.0000026
  2P   1.9944503d+04      0.0003602     -0.0001685      0.0000748     -0.0000230
  2P   6.4789959d+03      0.0020879     -0.0009798      0.0004338     -0.0001328
  2P   2.4811909d+03      0.0092911     -0.0043946      0.0019544     -0.0006020
  2P   1.0553710d+03      0.0334324     -0.0160794      0.0071548     -0.0021919
  2P   4.8336478d+02      0.0972833     -0.0483637      0.0217310     -0.0067079
  2P   2.3368637d+02      0.2184677     -0.1143681      0.0517580     -0.0158894
  2P   1.1739522d+02      0.3458551     -0.1937865      0.0896099     -0.0278798
  2P   6.0644868d+01      0.3216195     -0.1665831      0.0739729     -0.0223146
  2P   3.1632234d+01      0.1344577      0.1198774     -0.0821129      0.0261045
  2P   1.6468642d+01      0.0159146      0.4919527     -0.3359086      0.1136460
  2P   8.7314967d+00      0.0008858      0.4251163     -0.3002245      0.0946930
  2P   4.4907264d+00     -0.0003317      0.1039317      0.2772468     -0.1172388
  2P   2.2739572d+00      0.0000593      0.0039419      0.6293659     -0.3004950
  2P   1.1331476d+00     -0.0000829      0.0012203      0.3049026     -0.1228690
  2P   4.7585012d-01      0.0000262     -0.0002908      0.0263436      0.4053516
  2P   2.0260758d-01     -0.0000113      0.0001046     -0.0008419      0.5655743
  2P   8.1601549d-02      0.0000033     -0.0000319      0.0003760      0.2243414
        D                    3D             4D 
  BASIS/ORB.ENERGY      -26.1186603     -2.7776893
  3D   2.5828871d+03      0.0002826     -0.0001200
  3D   7.8117304d+02      0.0027381     -0.0011598
  3D   3.0506057d+02      0.0156572     -0.0067064
  3D   1.3539201d+02      0.0605457     -0.0261229
  3D   6.4697561d+01      0.1655397     -0.0731015
  3D   3.2339035d+01      0.3089793     -0.1346723
  3D   1.6524716d+01      0.3741624     -0.1515294
  3D   8.5687077d+00      0.2376088      0.0052318
  3D   4.3736847d+00      0.0595010      0.3164462
  3D   2.1626607d+00      0.0033356      0.4709544
  3D   1.0316750d+00      0.0001616      0.2930790
  3D   4.3589724d-01     -0.0000762      0.0589701
 
 *** Overlap Matrix ***
 S       1     2     3     4     5     6     7     8     9    10    11    12    13    14    15    16    17    18    19    20    21    22
   1 1.000
   2 0.552 1.000
   3 0.213 0.685 1.000
   4 0.086 0.330 0.756 1.000
   5 0.037 0.151 0.415 0.800 1.000
   6 0.018 0.072 0.210 0.482 0.830 1.000
   7 0.009 0.036 0.107 0.263 0.534 0.852 1.000
   8 0.004 0.019 0.056 0.141 0.309 0.577 0.869 1.000
   9 0.002 0.010 0.030 0.077 0.174 0.350 0.612 0.882 1.000
  10 0.001 0.006 0.017 0.043 0.098 0.205 0.386 0.641 0.893 1.000
  11 0.001 0.003 0.010 0.025 0.056 0.119 0.234 0.418 0.665 0.901 1.000
  12 0.000 0.002 0.006 0.014 0.033 0.070 0.139 0.259 0.444 0.684 0.906 1.000
  13 0.000 0.001 0.003 0.008 0.019 0.040 0.080 0.152 0.272 0.453 0.684 0.901 1.000
  14 0.000 0.001 0.002 0.005 0.011 0.024 0.049 0.093 0.170 0.295 0.476 0.703 0.920 1.000
  15 0.000 0.000 0.001 0.003 0.007 0.014 0.029 0.056 0.104 0.183 0.309 0.490 0.726 0.918 1.000
  16 0.000 0.000 0.001 0.002 0.004 0.008 0.017 0.032 0.059 0.106 0.183 0.303 0.488 0.697 0.900 1.000
  17 0.000 0.000 0.000 0.001 0.002 0.005 0.011 0.020 0.038 0.068 0.118 0.200 0.334 0.507 0.722 0.934 1.000
  18 0.000 0.000 0.000 0.001 0.001 0.003 0.006 0.012 0.023 0.042 0.073 0.124 0.213 0.337 0.514 0.754 0.923 1.000
  19 0.000 0.000 0.000 0.000 0.001 0.002 0.004 0.007 0.013 0.024 0.043 0.073 0.127 0.206 0.328 0.525 0.717 0.908 1.000
  20 0.000 0.000 0.000 0.000 0.001 0.001 0.002 0.004 0.008 0.014 0.025 0.043 0.076 0.124 0.202 0.338 0.494 0.700 0.911 1.000
  21 0.000 0.000 0.000 0.000 0.000 0.000 0.001 0.002 0.003 0.006 0.010 0.017 0.030 0.049 0.082 0.142 0.219 0.342 0.533 0.759 1.000
  22 0.000 0.000 0.000 0.000 0.000 0.000 0.000 0.001 0.002 0.003 0.005 0.008 0.015 0.024 0.041 0.071 0.112 0.179 0.296 0.467 0.852 1.000
 P       1     2     3     4     5     6     7     8     9    10    11    12    13    14    15    16    17    18
   1 1.000
   2 0.549 1.000
   3 0.190 0.687 1.000
   4 0.064 0.312 0.758 1.000
   5 0.023 0.126 0.401 0.801 1.000
   6 0.009 0.051 0.184 0.469 0.830 1.000
   7 0.004 0.021 0.081 0.236 0.521 0.851 1.000
   8 0.002 0.009 0.036 0.111 0.279 0.560 0.865 1.000
   9 0.001 0.004 0.016 0.051 0.138 0.314 0.589 0.875 1.000
  10 0.000 0.002 0.007 0.023 0.066 0.160 0.338 0.605 0.878 1.000
  11 0.000 0.001 0.003 0.011 0.030 0.076 0.173 0.350 0.608 0.877 1.000
  12 0.000 0.000 0.001 0.005 0.014 0.036 0.085 0.184 0.358 0.615 0.884 1.000
  13 0.000 0.000 0.001 0.002 0.006 0.016 0.039 0.087 0.183 0.354 0.610 0.873 1.000
  14 0.000 0.000 0.000 0.001 0.003 0.007 0.017 0.039 0.085 0.177 0.345 0.590 0.868 1.000
  15 0.000 0.000 0.000 0.000 0.001 0.003 0.007 0.017 0.037 0.081 0.169 0.325 0.576 0.862 1.000
  16 0.000 0.000 0.000 0.000 0.000 0.001 0.002 0.006 0.013 0.029 0.063 0.130 0.266 0.498 0.796 1.000
  17 0.000 0.000 0.000 0.000 0.000 0.000 0.001 0.002 0.005 0.010 0.022 0.048 0.105 0.222 0.436 0.802 1.000
  18 0.000 0.000 0.000 0.000 0.000 0.000 0.000 0.001 0.001 0.003 0.007 0.016 0.036 0.081 0.177 0.420 0.779 1.000
 D       1     2     3     4     5     6     7     8     9    10    11    12
   1 1.000
   2 0.553 1.000
   3 0.182 0.688 1.000
   4 0.054 0.301 0.755 1.000
   5 0.016 0.109 0.382 0.792 1.000
   6 0.005 0.037 0.157 0.436 0.814 1.000
   7 0.002 0.012 0.057 0.191 0.468 0.824 1.000
   8 0.001 0.004 0.020 0.073 0.213 0.486 0.831 1.000
   9 0.000 0.001 0.006 0.025 0.081 0.219 0.486 0.823 1.000
  10 0.000 0.000 0.002 0.008 0.026 0.079 0.209 0.463 0.808 1.000
  11 0.000 0.000 0.001 0.002 0.008 0.024 0.071 0.187 0.430 0.791 1.000
  12 0.000 0.000 0.000 0.000 0.002 0.006 0.018 0.052 0.143 0.361 0.730 1.000
---------------------------------------------------------------------------------------------------------