--------------------------------------------------------------------------------------------------------      RUBIDIUM   K(2)L(8)M(18)4S(2)4P(6)5S(1), 2S                                     

      CHARGE = 37.000000

      SYMMETRY SPECIES               S     P     D 
      NUMBER OF BASIS FUNCTIONS     22    15     9
      NUMBER OF CLOSED SHELLS        4     3     1
      NUMBER OF OPEN SHELLS          1     0     0
      OPEN SHELL OCCUPATION NUMBER   1     0     0

      OPEN-SHELL ENERGY COEFFICIENTS
      J(  0,  0,  0) =  0.00000000     K(  0,  0,  0) = -1.00000000
 
  *** FINAL SCF RESULTS ***
   E = -2938.356731908
   T =  2938.356692453     V = -5876.713424360     V/T =    -2.000000013
 
  ORBITAL ENERGIES AND EXPANSION COEFFICIENTS
        S                    1S             2S             3S             4S             5S 
  BASIS/ORB.ENERGY     -551.4571377    -75.0491765    -12.1330247     -1.5234293     -0.1378169
  1S   1.3591423d+07      0.0000050     -0.0000016      0.0000006     -0.0000002      0.0000000
  1S   2.0352676d+06      0.0000390     -0.0000123      0.0000050     -0.0000017      0.0000004
  1S   4.6314603d+05      0.0002052     -0.0000648      0.0000263     -0.0000089      0.0000019
  1S   1.3117932d+05      0.0008662     -0.0002733      0.0001106     -0.0000374      0.0000079
  1S   4.2797662d+04      0.0031452     -0.0009969      0.0004043     -0.0001367      0.0000288
  1S   1.5452750d+04      0.0101671     -0.0032358      0.0013104     -0.0004425      0.0000931
  1S   6.0288347d+03      0.0295786     -0.0095896      0.0039023     -0.0013201      0.0002786
  1S   2.5015286d+03      0.0768359     -0.0257284      0.0104832     -0.0035423      0.0007447
  1S   1.0914000d+03      0.1710469     -0.0621445      0.0256864     -0.0087139      0.0018415
  1S   4.9647453d+02      0.2993153     -0.1265581      0.0531590     -0.0180424      0.0037893
  1S   2.3386407d+02      0.3431988     -0.1978587      0.0874515     -0.0300170      0.0063694
  1S   1.1250044d+02      0.1896659     -0.1382768      0.0645418     -0.0222171      0.0046144
  1S   4.9645467d+01      0.0262806      0.2625802     -0.1484089      0.0526498     -0.0109556
  1S   2.4791664d+01     -0.0024968      0.5930224     -0.4890940      0.1865963     -0.0402918
  1S   1.2344228d+01      0.0012422      0.3049544     -0.2814493      0.1095920     -0.0226498
  1S   5.3693077d+00     -0.0006256      0.0296675      0.5780253     -0.2788813      0.0594253
  1S   2.5457624d+00      0.0002981     -0.0013608      0.6731180     -0.5703965      0.1380341
  1S   1.0198434d+00     -0.0001643      0.0009753      0.0894223      0.0294302     -0.0246363
  1S   5.0555428d-01      0.0000937     -0.0005664     -0.0093641      0.7876389     -0.2027509
  1S   2.1473447d-01     -0.0000258      0.0001224      0.0027024      0.4260748     -0.2963825
  1S   3.1944034d-02      0.0000057     -0.0000294     -0.0003812      0.0081094      0.7585597
  1S   1.4118925d-02     -0.0000029      0.0000151      0.0001891     -0.0026215      0.3819175
        P                    2P             3P             4P 
  BASIS/ORB.ENERGY      -67.9060538     -9.4875308     -0.8099556
  2P   2.2624456d+04      0.0001008     -0.0000415      0.0000123
  2P   5.3582733d+03      0.0008919     -0.0003679      0.0001102
  2P   1.7404133d+03      0.0050754     -0.0021028      0.0006269
  2P   6.6540728d+02      0.0216943     -0.0090981      0.0027308
  2P   2.8194910d+02      0.0725634     -0.0311833      0.0093419
  2P   1.2830513d+02      0.1848044     -0.0829689      0.0251627
  2P   6.1219750d+01      0.3327797     -0.1583745      0.0480838
  2P   3.0210684d+01      0.3617669     -0.1767537      0.0547306
  2P   1.5119303d+01      0.1780669      0.0324220     -0.0195905
  2P   7.4076682d+00      0.0267834      0.3973709     -0.1493495
  2P   3.6114247d+00      0.0013620      0.4927307     -0.2247437
  2P   1.7523502d+00      0.0002262      0.1916036     -0.0209805
  2P   7.6534569d-01      0.0000026      0.0140152      0.4255511
  2P   3.2789693d-01     -0.0000082      0.0002419      0.5409929
  2P   1.3327314d-01      0.0000021      0.0000061      0.1807625
        D                    3D 
  BASIS/ORB.ENERGY       -4.7321182
  3D   7.4498136d+02      0.0005473
  3D   2.2425464d+02      0.0050489
  3D   8.6968560d+01      0.0262355
  3D   3.7874077d+01      0.0895901
  3D   1.7632512d+01      0.2119134
  3D   8.4474887d+00      0.3348361
  3D   4.0445594d+00      0.3549093
  3D   1.8953710d+00      0.2115747
  3D   8.0344988d-01      0.0453909
 
 *** Overlap Matrix ***
 S       1     2     3     4     5     6     7     8     9    10    11    12    13    14    15    16    17    18    19    20    21    22
   1 1.000
   2 0.552 1.000
   3 0.213 0.685 1.000
   4 0.086 0.329 0.755 1.000
   5 0.037 0.151 0.415 0.799 1.000
   6 0.017 0.072 0.210 0.481 0.830 1.000
   7 0.009 0.036 0.107 0.262 0.534 0.852 1.000
   8 0.004 0.019 0.056 0.141 0.309 0.576 0.869 1.000
   9 0.002 0.010 0.030 0.077 0.174 0.350 0.612 0.882 1.000
  10 0.001 0.006 0.017 0.043 0.098 0.205 0.386 0.641 0.893 1.000
  11 0.001 0.003 0.010 0.024 0.056 0.119 0.234 0.418 0.666 0.901 1.000
  12 0.000 0.002 0.006 0.014 0.033 0.070 0.139 0.259 0.444 0.684 0.906 1.000
  13 0.000 0.001 0.003 0.008 0.018 0.038 0.076 0.145 0.261 0.436 0.663 0.885 1.000
  14 0.000 0.001 0.002 0.005 0.011 0.023 0.046 0.088 0.160 0.278 0.452 0.675 0.915 1.000
  15 0.000 0.000 0.001 0.003 0.006 0.013 0.027 0.052 0.096 0.171 0.288 0.461 0.714 0.914 1.000
  16 0.000 0.000 0.001 0.001 0.003 0.007 0.015 0.028 0.052 0.093 0.161 0.269 0.457 0.669 0.881 1.000
  17 0.000 0.000 0.000 0.001 0.002 0.004 0.008 0.016 0.030 0.054 0.094 0.160 0.283 0.443 0.653 0.903 1.000
  18 0.000 0.000 0.000 0.000 0.001 0.002 0.004 0.008 0.015 0.027 0.048 0.082 0.149 0.243 0.387 0.627 0.859 1.000
  19 0.000 0.000 0.000 0.000 0.001 0.001 0.002 0.005 0.009 0.016 0.028 0.049 0.089 0.148 0.242 0.420 0.641 0.913 1.000
  20 0.000 0.000 0.000 0.000 0.000 0.001 0.001 0.003 0.005 0.008 0.015 0.026 0.047 0.079 0.132 0.238 0.392 0.660 0.875 1.000
  21 0.000 0.000 0.000 0.000 0.000 0.000 0.000 0.001 0.001 0.002 0.004 0.006 0.011 0.019 0.032 0.060 0.104 0.201 0.325 0.550 1.000
  22 0.000 0.000 0.000 0.000 0.000 0.000 0.000 0.000 0.001 0.001 0.002 0.003 0.006 0.010 0.018 0.033 0.057 0.112 0.185 0.334 0.885 1.000
 P       1     2     3     4     5     6     7     8     9    10    11    12    13    14    15
   1 1.000
   2 0.549 1.000
   3 0.190 0.687 1.000
   4 0.064 0.311 0.757 1.000
   5 0.023 0.125 0.399 0.800 1.000
   6 0.009 0.050 0.182 0.465 0.828 1.000
   7 0.003 0.021 0.079 0.230 0.513 0.846 1.000
   8 0.001 0.009 0.034 0.106 0.269 0.547 0.858 1.000
   9 0.001 0.004 0.015 0.047 0.128 0.296 0.567 0.863 1.000
  10 0.000 0.002 0.006 0.020 0.056 0.139 0.303 0.564 0.856 1.000
  11 0.000 0.001 0.002 0.008 0.024 0.061 0.143 0.300 0.553 0.854 1.000
  12 0.000 0.000 0.001 0.003 0.010 0.026 0.062 0.140 0.291 0.549 0.852 1.000
  13 0.000 0.000 0.000 0.001 0.003 0.009 0.023 0.054 0.120 0.259 0.503 0.812 1.000
  14 0.000 0.000 0.000 0.000 0.001 0.003 0.008 0.019 0.045 0.103 0.227 0.453 0.804 1.000
  15 0.000 0.000 0.000 0.000 0.000 0.001 0.003 0.006 0.015 0.036 0.084 0.188 0.426 0.783 1.000
 D       1     2     3     4     5     6     7     8     9
   1 1.000
   2 0.551 1.000
   3 0.179 0.685 1.000
   4 0.052 0.292 0.745 1.000
   5 0.015 0.101 0.363 0.779 1.000
   6 0.004 0.032 0.138 0.405 0.793 1.000
   7 0.001 0.009 0.045 0.158 0.418 0.793 1.000
   8 0.000 0.003 0.013 0.050 0.160 0.407 0.782 1.000
   9 0.000 0.001 0.003 0.012 0.044 0.134 0.355 0.731 1.000
--------------------------------------------------------------------------------------------------------      STRONTIUM   K(2)L(8)M(18)4S(2)4P(6)5S(2), 1S                                    

      CHARGE = 38.000000

      SYMMETRY SPECIES               S     P     D 
      NUMBER OF BASIS FUNCTIONS     22    15     9
      NUMBER OF CLOSED SHELLS        5     3     1
      NUMBER OF OPEN SHELLS          0     0     0
      OPEN SHELL OCCUPATION NUMBER   0     0     0
 
  *** FINAL SCF RESULTS ***
   E = -3131.545002719
   T =  3131.544976649     V = -6263.089979368     V/T =    -2.000000008
 
  ORBITAL ENERGIES AND EXPANSION COEFFICIENTS
        S                    1S             2S             3S             4S             5S 
  BASIS/ORB.ENERGY     -583.6877082    -80.3906503    -13.4748833     -1.8966957     -0.1783999
  1S   1.5985548d+07      0.0000044     -0.0000014      0.0000006     -0.0000002      0.0000001
  1S   2.3931854d+06      0.0000341     -0.0000108      0.0000044     -0.0000016      0.0000004
  1S   5.4464467d+05      0.0001791     -0.0000567      0.0000232     -0.0000082      0.0000021
  1S   1.5429021d+05      0.0007562     -0.0002393      0.0000977     -0.0000347      0.0000089
  1S   5.0349120d+04      0.0027467     -0.0008720      0.0003567     -0.0001271      0.0000328
  1S   1.8184310d+04      0.0088878     -0.0028343      0.0011583     -0.0004112      0.0001060
  1S   7.0970993d+03      0.0259399     -0.0084032      0.0034477     -0.0012295      0.0003173
  1S   2.9464767d+03      0.0678946     -0.0226675      0.0093163     -0.0033078      0.0008523
  1S   1.2864437d+03      0.1539202     -0.0552254      0.0229771     -0.0082215      0.0021231
  1S   5.8542665d+02      0.2800538     -0.1154524      0.0487849     -0.0173733      0.0044768
  1S   2.7553817d+02      0.3482337     -0.1900663      0.0840145     -0.0304562      0.0078832
  1S   1.3219018d+02      0.2221070     -0.1662726      0.0778191     -0.0278971      0.0071779
  1S   5.9580137d+01      0.0397570      0.1669298     -0.0913807      0.0329246     -0.0084430
  1S   3.0224580d+01     -0.0031312      0.5683835     -0.4360451      0.1756413     -0.0461655
  1S   1.5159831d+01      0.0018364      0.3953840     -0.4010570      0.1618494     -0.0421611
  1S   6.7795650d+00     -0.0009927      0.0573871      0.3680141     -0.1675942      0.0437680
  1S   3.4176689d+00      0.0005701     -0.0040984      0.7341599     -0.5752128      0.1677966
  1S   1.7071294d+00     -0.0002757      0.0023088      0.2276660     -0.2242609      0.0623517
  1S   6.7914307d-01      0.0001016     -0.0007645      0.0093846      0.7628439     -0.2727483
  1S   2.9464669d-01     -0.0000345      0.0002054      0.0000215      0.5567488     -0.3839237
  1S   5.4229766d-02      0.0000085     -0.0000544      0.0001555      0.0153028      0.6964541
  1S   2.2434427d-02     -0.0000039      0.0000248     -0.0000678     -0.0046814      0.4886764
        P                    2P             3P             4P 
  BASIS/ORB.ENERGY      -72.9958823    -10.6998325     -1.0980549
  2P   2.5229367d+04      0.0000919     -0.0000383      0.0000123
  2P   5.9740406d+03      0.0008145     -0.0003399      0.0001095
  2P   1.9402378d+03      0.0046471     -0.0019469      0.0006241
  2P   7.4185179d+02      0.0199679     -0.0084666      0.0027327
  2P   3.1435629d+02      0.0674374     -0.0292614      0.0094264
  2P   1.4308897d+02      0.1746004     -0.0791115      0.0258029
  2P   6.8345426d+01      0.3225805     -0.1547277      0.0505372
  2P   3.3784356d+01      0.3664320     -0.1827821      0.0609935
  2P   1.6971216d+01      0.1943921      0.0084625     -0.0123213
  2P   8.3437696d+00      0.0329443      0.3779436     -0.1543159
  2P   4.0925275d+00      0.0013493      0.5038393     -0.2477189
  2P   2.0030386d+00      0.0003791      0.2101864     -0.0383578
  2P   8.8934060d-01     -0.0000578      0.0172331      0.4447400
  2P   3.9188734d-01      0.0000158      0.0000719      0.5522495
  2P   1.6068572d-01     -0.0000039     -0.0000088      0.1551008
        D                    3D 
  BASIS/ORB.ENERGY       -5.6942427
  3D   8.2851015d+02      0.0005068
  3D   2.4952736d+02      0.0047034
  3D   9.6860307d+01      0.0247393
  3D   4.2280922d+01      0.0856576
  3D   1.9742789d+01      0.2062196
  3D   9.5061705d+00      0.3322954
  3D   4.5852401d+00      0.3579443
  3D   2.1713036d+00      0.2153572
  3D   9.3883631d-01      0.0463035
 
 *** Overlap Matrix ***
 S       1     2     3     4     5     6     7     8     9    10    11    12    13    14    15    16    17    18    19    20    21    22
   1 1.000
   2 0.552 1.000
   3 0.213 0.685 1.000
   4 0.086 0.330 0.755 1.000
   5 0.037 0.151 0.415 0.799 1.000
   6 0.017 0.072 0.210 0.481 0.830 1.000
   7 0.009 0.036 0.107 0.263 0.534 0.852 1.000
   8 0.004 0.019 0.056 0.141 0.309 0.577 0.869 1.000
   9 0.002 0.010 0.030 0.077 0.174 0.350 0.612 0.882 1.000
  10 0.001 0.006 0.017 0.043 0.098 0.205 0.387 0.641 0.893 1.000
  11 0.001 0.003 0.010 0.025 0.056 0.119 0.234 0.418 0.666 0.901 1.000
  12 0.000 0.002 0.005 0.014 0.033 0.070 0.139 0.258 0.443 0.683 0.906 1.000
  13 0.000 0.001 0.003 0.008 0.018 0.039 0.077 0.147 0.264 0.441 0.669 0.890 1.000
  14 0.000 0.001 0.002 0.005 0.011 0.023 0.047 0.090 0.164 0.284 0.461 0.687 0.919 1.000
  15 0.000 0.000 0.001 0.003 0.006 0.014 0.028 0.054 0.099 0.176 0.297 0.474 0.721 0.916 1.000
  16 0.000 0.000 0.001 0.002 0.004 0.008 0.015 0.030 0.055 0.098 0.169 0.283 0.471 0.681 0.888 1.000
  17 0.000 0.000 0.000 0.001 0.002 0.005 0.009 0.018 0.033 0.059 0.103 0.176 0.305 0.470 0.682 0.917 1.000
  18 0.000 0.000 0.000 0.001 0.001 0.003 0.005 0.011 0.020 0.035 0.062 0.106 0.189 0.302 0.469 0.718 0.915 1.000
  19 0.000 0.000 0.000 0.000 0.001 0.001 0.003 0.005 0.010 0.018 0.031 0.054 0.097 0.159 0.258 0.436 0.641 0.857 1.000
  20 0.000 0.000 0.000 0.000 0.000 0.001 0.001 0.003 0.005 0.009 0.017 0.029 0.052 0.086 0.143 0.253 0.398 0.596 0.881 1.000
  21 0.000 0.000 0.000 0.000 0.000 0.000 0.000 0.001 0.001 0.003 0.005 0.008 0.015 0.025 0.041 0.075 0.124 0.203 0.379 0.617 1.000
  22 0.000 0.000 0.000 0.000 0.000 0.000 0.000 0.000 0.001 0.001 0.002 0.004 0.008 0.013 0.021 0.039 0.065 0.108 0.209 0.367 0.868 1.000
 P       1     2     3     4     5     6     7     8     9    10    11    12    13    14    15
   1 1.000
   2 0.549 1.000
   3 0.190 0.687 1.000
   4 0.064 0.311 0.757 1.000
   5 0.023 0.125 0.399 0.800 1.000
   6 0.009 0.050 0.182 0.465 0.828 1.000
   7 0.003 0.021 0.079 0.230 0.514 0.846 1.000
   8 0.001 0.009 0.034 0.106 0.270 0.548 0.859 1.000
   9 0.001 0.004 0.015 0.048 0.129 0.298 0.570 0.865 1.000
  10 0.000 0.002 0.006 0.020 0.057 0.141 0.306 0.567 0.857 1.000
  11 0.000 0.001 0.003 0.008 0.024 0.062 0.145 0.304 0.557 0.856 1.000
  12 0.000 0.000 0.001 0.003 0.010 0.026 0.064 0.143 0.296 0.555 0.855 1.000
  13 0.000 0.000 0.000 0.001 0.004 0.010 0.024 0.056 0.125 0.267 0.513 0.818 1.000
  14 0.000 0.000 0.000 0.000 0.001 0.004 0.009 0.021 0.048 0.110 0.240 0.471 0.815 1.000
  15 0.000 0.000 0.000 0.000 0.000 0.001 0.003 0.007 0.016 0.039 0.090 0.199 0.440 0.786 1.000
 D       1     2     3     4     5     6     7     8     9
   1 1.000
   2 0.551 1.000
   3 0.180 0.685 1.000
   4 0.052 0.293 0.746 1.000
   5 0.015 0.102 0.365 0.780 1.000
   6 0.004 0.033 0.140 0.408 0.796 1.000
   7 0.001 0.010 0.046 0.162 0.423 0.796 1.000
   8 0.000 0.003 0.014 0.053 0.165 0.416 0.787 1.000
   9 0.000 0.001 0.003 0.013 0.047 0.142 0.367 0.742 1.000
-------------------------------------------------------------------------------------------------------- 