-------------------------------------------------------------------------------------------------------      CESIUM   [XE]6S(1), 2S                                                          

      CHARGE = 55.000000

      SYMMETRY SPECIES               S     P     D 
      NUMBER OF BASIS FUNCTIONS     25    18    12
      NUMBER OF CLOSED SHELLS        5     4     2
      NUMBER OF OPEN SHELLS          1     0     0
      OPEN SHELL OCCUPATION NUMBER   1     0     5

      OPEN-SHELL ENERGY COEFFICIENTS
      J(  0,  0,  0) =  0.00000000     K(  0,  0,  0) = -1.00000000
 
  *** FINAL SCF RESULTS ***
   E = -7553.933023571
   T =  7553.932797357     V =-15107.865820928     V/T =    -2.000000030
 
  ORBITAL ENERGIES AND EXPANSION COEFFICIENTS
        S                    1S             2S             3S             4S             5S             6S 
  BASIS/ORB.ENERGY    -1272.7686463   -198.1436268    -42.6928761     -8.6953390     -1.2314571     -0.1236222
  1S   6.0950927d+07      0.0000021     -0.0000007      0.0000003     -0.0000001      0.0000001      0.0000000
  1S   9.1279952d+06      0.0000162     -0.0000053      0.0000024     -0.0000011      0.0000004     -0.0000001
  1S   2.0791010d+06      0.0000849     -0.0000276      0.0000124     -0.0000057      0.0000021     -0.0000005
  1S   5.8966124d+05      0.0003580     -0.0001167      0.0000524     -0.0000241      0.0000090     -0.0000020
  1S   1.9266100d+05      0.0013013     -0.0004242      0.0001904     -0.0000878      0.0000327     -0.0000074
  1S   6.9665003d+04      0.0042284     -0.0013844      0.0006223     -0.0002868      0.0001064     -0.0000241
  1S   2.7215361d+04      0.0125150     -0.0041249      0.0018536     -0.0008553      0.0003188     -0.0000725
  1S   1.1308105d+04      0.0338301     -0.0113714      0.0051318     -0.0023671      0.0008776     -0.0001982
  1S   4.9446244d+03      0.0823555     -0.0287451      0.0130208     -0.0060202      0.0022468     -0.0005116
  1S   2.2581241d+03      0.1731661     -0.0657414      0.0302098     -0.0139833      0.0051808     -0.0011678
  1S   1.0704332d+03      0.2898395     -0.1287449      0.0604214     -0.0281679      0.0105543     -0.0024107
  1S   5.2348643d+02      0.3283039     -0.1958674      0.0967482     -0.0454292      0.0168070     -0.0037672
  1S   2.6104420d+02      0.1908027     -0.1472202      0.0778598     -0.0375112      0.0144021     -0.0033667
  1S   1.2398053d+02      0.0320681      0.2037971     -0.1318780      0.0665169     -0.0260343      0.0061634
  1S   6.4596884d+01     -0.0020261      0.5641870     -0.5078395      0.2708939     -0.1018751      0.0226120
  1S   3.3510781d+01      0.0012495      0.3750114     -0.4264636      0.2545996     -0.1042163      0.0248978
  1S   1.5964740d+01     -0.0007831      0.0551130      0.4806639     -0.3761808      0.1669624     -0.0410089
  1S   8.6141008d+00      0.0004793     -0.0046331      0.7533775     -0.9230730      0.4023947     -0.0883707
  1S   4.2922994d+00     -0.0002840      0.0021593      0.1740470      0.0423758     -0.0082333     -0.0077500
  1S   2.2500277d+00      0.0001667     -0.0012918     -0.0006345      0.9360876     -0.6893563      0.1871517
  1S   1.1559611d+00     -0.0000635      0.0004034      0.0031767      0.4132323     -0.4223162      0.0899978
  1S   4.0104356d-01      0.0000173     -0.0001025     -0.0006833      0.0180818      0.8193632     -0.2250846
  1S   1.7162667d-01     -0.0000064      0.0000407      0.0001591     -0.0017866      0.5522103     -0.3729832
  1S   2.4375638d-02      0.0000015     -0.0000093     -0.0000446      0.0004721      0.0110269      0.8517492
  1S   1.1000848d-02     -0.0000008      0.0000049      0.0000238     -0.0002513     -0.0038563      0.2992917
        P                    2P             3P             4P             5P 
  BASIS/ORB.ENERGY     -186.3160164    -37.5957786     -6.7683849     -0.6833439
  2P   8.7067293d+04      0.0000408     -0.0000191      0.0000086     -0.0000029
  2P   2.0618350d+04      0.0003632     -0.0001707      0.0000768     -0.0000258
  2P   6.6986266d+03      0.0021055     -0.0009927      0.0004456     -0.0001487
  2P   2.5645865d+03      0.0093769     -0.0044566      0.0020086     -0.0006742
  2P   1.0902936d+03      0.0337688     -0.0163217      0.0073633     -0.0024601
  2P   4.9919775d+02      0.0981833     -0.0490713      0.0223507     -0.0075187
  2P   2.4146543d+02      0.2196537     -0.1156484      0.0530858     -0.0177786
  2P   1.2152398d+02      0.3455941     -0.1947977      0.0913472     -0.0309750
  2P   6.2963682d+01      0.3196004     -0.1658963      0.0746643     -0.0245910
  2P   3.2978222d+01      0.1337655      0.1200748     -0.0839101      0.0292945
  2P   1.7270953d+01      0.0160738      0.4895978     -0.3405722      0.1260127
  2P   9.2194601d+00      0.0008867      0.4239454     -0.3051503      0.1056604
  2P   4.7959010d+00     -0.0003376      0.1068137      0.2709594     -0.1275147
  2P   2.4536342d+00      0.0000611      0.0046510      0.6316200     -0.3344777
  2P   1.2402884d+00     -0.0000878      0.0011592      0.3085920     -0.1398473
  2P   5.4446248d-01      0.0000299     -0.0002902      0.0285426      0.4313088
  2P   2.4202943d-01     -0.0000128      0.0001010     -0.0006448      0.5871887
  2P   1.0149094d-01      0.0000036     -0.0000291      0.0002671      0.1818835
        D                    3D             4D 
  BASIS/ORB.ENERGY      -28.2260587     -3.3793903
  3D   2.8182001d+03      0.0002565     -0.0001116
  3D   8.5240724d+02      0.0024961     -0.0010832
  3D   3.3288599d+02      0.0143942     -0.0063182
  3D   1.4785298d+02      0.0563892     -0.0249195
  3D   7.0737000d+01      0.1568209     -0.0709691
  3D   3.5446840d+01      0.2996369     -0.1342576
  3D   1.8170156d+01      0.3744787     -0.1573993
  3D   9.4664254d+00      0.2502795     -0.0112098
  3D   4.8675615d+00      0.0677925      0.3032377
  3D   2.4306838d+00      0.0043398      0.4751222
  3D   1.1751160d+00      0.0001724      0.3026675
  3D   5.0971755d-01     -0.0000838      0.0617936
 
 *** Overlap Matrix ***
 S       1     2     3     4     5     6     7     8     9    10    11    12    13    14    15    16    17    18    19    20    21    22    23    24    25
   1 1.000
   2 0.552 1.000
   3 0.213 0.685 1.000
   4 0.086 0.330 0.756 1.000
   5 0.038 0.152 0.416 0.800 1.000
   6 0.018 0.072 0.211 0.482 0.830 1.000
   7 0.009 0.036 0.107 0.263 0.535 0.852 1.000
   8 0.004 0.019 0.056 0.142 0.310 0.577 0.869 1.000
   9 0.002 0.010 0.030 0.077 0.175 0.351 0.613 0.883 1.000
  10 0.001 0.006 0.017 0.043 0.099 0.206 0.388 0.643 0.894 1.000
  11 0.001 0.003 0.010 0.025 0.057 0.121 0.236 0.421 0.669 0.903 1.000
  12 0.000 0.002 0.006 0.015 0.034 0.071 0.142 0.264 0.451 0.691 0.910 1.000
  13 0.000 0.001 0.003 0.009 0.020 0.043 0.085 0.162 0.288 0.476 0.708 0.915 1.000
  14 0.000 0.001 0.002 0.005 0.011 0.024 0.049 0.094 0.172 0.296 0.476 0.698 0.903 1.000
  15 0.000 0.000 0.001 0.003 0.007 0.015 0.030 0.058 0.107 0.189 0.315 0.495 0.712 0.925 1.000
  16 0.000 0.000 0.001 0.002 0.004 0.009 0.019 0.036 0.066 0.118 0.201 0.328 0.506 0.741 0.924 1.000
  17 0.000 0.000 0.000 0.001 0.002 0.005 0.011 0.021 0.038 0.068 0.118 0.197 0.318 0.507 0.712 0.904 1.000
  18 0.000 0.000 0.000 0.001 0.002 0.003 0.007 0.013 0.024 0.043 0.075 0.127 0.209 0.346 0.517 0.724 0.932 1.000
  19 0.000 0.000 0.000 0.000 0.001 0.002 0.004 0.008 0.014 0.026 0.045 0.076 0.127 0.216 0.336 0.505 0.739 0.915 1.000
  20 0.000 0.000 0.000 0.000 0.001 0.001 0.002 0.005 0.009 0.016 0.028 0.047 0.079 0.136 0.217 0.338 0.534 0.730 0.926 1.000
  21 0.000 0.000 0.000 0.000 0.000 0.001 0.001 0.003 0.005 0.010 0.017 0.029 0.048 0.084 0.135 0.215 0.356 0.519 0.739 0.922 1.000
  22 0.000 0.000 0.000 0.000 0.000 0.000 0.001 0.001 0.002 0.004 0.008 0.013 0.022 0.038 0.062 0.101 0.172 0.265 0.418 0.607 0.818 1.000
  23 0.000 0.000 0.000 0.000 0.000 0.000 0.000 0.001 0.001 0.002 0.004 0.007 0.012 0.020 0.033 0.054 0.093 0.146 0.238 0.368 0.550 0.877 1.000
  24 0.000 0.000 0.000 0.000 0.000 0.000 0.000 0.000 0.000 0.001 0.001 0.002 0.003 0.005 0.008 0.013 0.022 0.035 0.058 0.093 0.152 0.317 0.536 1.000
  25 0.000 0.000 0.000 0.000 0.000 0.000 0.000 0.000 0.000 0.000 0.001 0.001 0.001 0.003 0.004 0.007 0.012 0.019 0.032 0.052 0.085 0.183 0.328 0.891 1.000
 P       1     2     3     4     5     6     7     8     9    10    11    12    13    14    15    16    17    18
   1 1.000
   2 0.549 1.000
   3 0.190 0.687 1.000
   4 0.064 0.312 0.758 1.000
   5 0.023 0.126 0.401 0.801 1.000
   6 0.009 0.051 0.184 0.469 0.830 1.000
   7 0.004 0.021 0.081 0.236 0.521 0.851 1.000
   8 0.002 0.009 0.036 0.111 0.280 0.561 0.865 1.000
   9 0.001 0.004 0.016 0.052 0.139 0.316 0.591 0.876 1.000
  10 0.000 0.002 0.007 0.024 0.066 0.161 0.341 0.608 0.879 1.000
  11 0.000 0.001 0.003 0.011 0.031 0.078 0.176 0.354 0.613 0.879 1.000
  12 0.000 0.000 0.001 0.005 0.014 0.037 0.087 0.188 0.364 0.621 0.886 1.000
  13 0.000 0.000 0.001 0.002 0.006 0.017 0.040 0.090 0.188 0.362 0.618 0.877 1.000
  14 0.000 0.000 0.000 0.001 0.003 0.007 0.018 0.041 0.089 0.184 0.354 0.599 0.871 1.000
  15 0.000 0.000 0.000 0.000 0.001 0.003 0.008 0.018 0.040 0.085 0.177 0.336 0.587 0.867 1.000
  16 0.000 0.000 0.000 0.000 0.000 0.001 0.003 0.006 0.015 0.032 0.070 0.143 0.285 0.522 0.814 1.000
  17 0.000 0.000 0.000 0.000 0.000 0.000 0.001 0.002 0.005 0.012 0.026 0.056 0.120 0.247 0.470 0.819 1.000
  18 0.000 0.000 0.000 0.000 0.000 0.000 0.000 0.001 0.002 0.004 0.009 0.020 0.043 0.095 0.203 0.452 0.795 1.000
 D       1     2     3     4     5     6     7     8     9    10    11    12
   1 1.000
   2 0.553 1.000
   3 0.182 0.688 1.000
   4 0.054 0.301 0.755 1.000
   5 0.016 0.110 0.383 0.792 1.000
   6 0.005 0.038 0.158 0.438 0.815 1.000
   7 0.002 0.012 0.058 0.192 0.471 0.825 1.000
   8 0.001 0.004 0.020 0.074 0.216 0.490 0.833 1.000
   9 0.000 0.001 0.007 0.026 0.083 0.223 0.492 0.827 1.000
  10 0.000 0.000 0.002 0.008 0.028 0.082 0.216 0.471 0.813 1.000
  11 0.000 0.000 0.001 0.002 0.008 0.026 0.075 0.195 0.441 0.798 1.000
  12 0.000 0.000 0.000 0.001 0.002 0.006 0.020 0.057 0.154 0.378 0.743 1.000
-------------------------------------------------------------------------------------------------------      BARIUM   [XE]6S(2), 1S                                                          

      CHARGE = 56.000000

      SYMMETRY SPECIES               S     P     D 
      NUMBER OF BASIS FUNCTIONS     25    18    12
      NUMBER OF CLOSED SHELLS        6     4     2
      NUMBER OF OPEN SHELLS          0     0     0
      OPEN SHELL OCCUPATION NUMBER   0     0     0
 
  *** FINAL SCF RESULTS ***
   E = -7883.543253106
   T =  7883.543162560     V =-15767.086415667     V/T =    -2.000000011
 
  ORBITAL ENERGIES AND EXPANSION COEFFICIENTS
        S                    1S             2S             3S             4S             5S             6S 
  BASIS/ORB.ENERGY    -1322.0932599   -207.1543550    -45.2807406     -9.5562945     -1.5126237     -0.1574878
  1S   7.1499453d+07      0.0000018     -0.0000006      0.0000003     -0.0000001      0.0000000      0.0000000
  1S   1.0717406d+07      0.0000138     -0.0000045      0.0000020     -0.0000009      0.0000004     -0.0000001
  1S   2.4408109d+06      0.0000727     -0.0000237      0.0000107     -0.0000050      0.0000019     -0.0000005
  1S   6.9209722d+05      0.0003067     -0.0001001      0.0000451     -0.0000210      0.0000082     -0.0000023
  1S   2.2593169d+05      0.0011175     -0.0003647      0.0001643     -0.0000765      0.0000299     -0.0000082
  1S   8.1569787d+04      0.0036434     -0.0011933      0.0005382     -0.0002508      0.0000978     -0.0000269
  1S   3.1803310d+04      0.0108364     -0.0035718      0.0016109     -0.0007505      0.0002935     -0.0000809
  1S   1.3185095d+04      0.0295146     -0.0098957      0.0044786     -0.0020892      0.0008138     -0.0002238
  1S   5.7516947d+03      0.0727761     -0.0252530      0.0114724     -0.0053524      0.0020953     -0.0005780
  1S   2.6191607d+03      0.1567222     -0.0586114      0.0269592     -0.0126220      0.0049156     -0.0013510
  1S   1.2369060d+03      0.2737247     -0.1181964      0.0554552     -0.0260490      0.0102288     -0.0028253
  1S   6.0200359d+02      0.3344139     -0.1894825      0.0930721     -0.0442216      0.0172235     -0.0047264
  1S   2.9852039d+02      0.2198659     -0.1708729      0.0898590     -0.0432660      0.0172624     -0.0048037
  1S   1.4313636d+02      0.0455853      0.1286327     -0.0810017      0.0403219     -0.0166209      0.0047020
  1S   7.4811808d+01     -0.0020525      0.5377078     -0.4568728      0.2455004     -0.0972829      0.0266461
  1S   3.8707454d+01      0.0016779      0.4410084     -0.5089113      0.2969429     -0.1251425      0.0352598
  1S   1.8699485d+01     -0.0010911      0.0848220      0.2891101     -0.2050836      0.0959003     -0.0281351
  1S   1.0350772d+01      0.0007147     -0.0063425      0.8018604     -0.9265608      0.4260899     -0.1180665
  1S   5.4609310d+00     -0.0004015      0.0032845      0.2832350     -0.2559425      0.1390659     -0.0441017
  1S   2.7297672d+00      0.0002036     -0.0015945      0.0165917      0.9034180     -0.6459618      0.2016567
  1S   1.3875116d+00     -0.0000797      0.0004943      0.0015300      0.5711379     -0.6178991      0.1922901
  1S   4.7737560d-01      0.0000246     -0.0001444     -0.0002848      0.0309368      0.7820598     -0.3012809
  1S   2.1865844d-01     -0.0000105      0.0000655      0.0000172     -0.0042341      0.6235754     -0.4601791
  1S   4.1860229d-02      0.0000026     -0.0000159     -0.0000154      0.0009758      0.0166182      0.7436669
  1S   1.8105680d-02     -0.0000012      0.0000074      0.0000070     -0.0004385     -0.0050988      0.4663466
        P                    2P             3P             4P             5P 
  BASIS/ORB.ENERGY     -195.0558447    -40.0396788     -7.5492149     -0.9037740
  2P   9.5598748d+04      0.0000370     -0.0000174      0.0000079     -0.0000028
  2P   2.2631767d+04      0.0003296     -0.0001556      0.0000708     -0.0000254
  2P   7.3535390d+03      0.0019124     -0.0009056      0.0004117     -0.0001469
  2P   2.8166312d+03      0.0085338     -0.0040710      0.0018577     -0.0006664
  2P   1.1984517d+03      0.0308673     -0.0149657      0.0068373     -0.0024410
  2P   5.4922731d+02      0.0906685     -0.0453770      0.0209175     -0.0075196
  2P   2.6589659d+02      0.2069294     -0.1089647      0.0506349     -0.0181229
  2P   1.3389949d+02      0.3369333     -0.1897941      0.0900137     -0.0326146
  2P   6.9439929d+01      0.3298796     -0.1783526      0.0825182     -0.0291968
  2P   3.6462451d+01      0.1509634      0.0855161     -0.0652741      0.0244852
  2P   1.9070599d+01      0.0211863      0.4701925     -0.3286178      0.1300988
  2P   1.0187967d+01      0.0008108      0.4499001     -0.3376510      0.1274174
  2P   5.3232676d+00     -0.0002065      0.1258555      0.2259084     -0.1177135
  2P   2.7355332d+00     -0.0000077      0.0064191      0.6393862     -0.3643391
  2P   1.3912554d+00     -0.0000627      0.0012723      0.3365024     -0.1743543
  2P   6.2051999d-01      0.0000197     -0.0003331      0.0337487      0.4526489
  2P   2.8359367d-01     -0.0000085      0.0001168     -0.0009297      0.6051904
  2P   1.1890989d-01      0.0000023     -0.0000302      0.0002230      0.1554251
        D                    3D             4D 
  BASIS/ORB.ENERGY      -30.4021907     -4.0013898
  3D   3.0478095d+03      0.0002369     -0.0001054
  3D   9.2216800d+02      0.0023115     -0.0010257
  3D   3.6029090d+02      0.0134061     -0.0060183
  3D   1.6021327d+02      0.0530294     -0.0239605
  3D   7.6773794d+01      0.1494825     -0.0691859
  3D   3.8570142d+01      0.2913048     -0.1338552
  3D   1.9832564d+01      0.3738837     -0.1623009
  3D   1.0377303d+01      0.2608879     -0.0253387
  3D   5.3719532d+00      0.0755173      0.2911366
  3D   2.7068545d+00      0.0054310      0.4782655
  3D   1.3245804d+00      0.0001770      0.3112270
  3D   5.8812118d-01     -0.0000880      0.0642164
 
 *** Overlap Matrix ***
 S       1     2     3     4     5     6     7     8     9    10    11    12    13    14    15    16    17    18    19    20    21    22    23    24    25
   1 1.000
   2 0.553 1.000
   3 0.214 0.685 1.000
   4 0.086 0.330 0.756 1.000
   5 0.038 0.152 0.416 0.800 1.000
   6 0.018 0.072 0.210 0.481 0.830 1.000
   7 0.009 0.036 0.107 0.262 0.533 0.852 1.000
   8 0.004 0.019 0.056 0.141 0.308 0.576 0.869 1.000
   9 0.002 0.010 0.030 0.077 0.174 0.349 0.611 0.882 1.000
  10 0.001 0.006 0.017 0.043 0.098 0.205 0.386 0.641 0.893 1.000
  11 0.001 0.003 0.010 0.025 0.056 0.119 0.234 0.419 0.667 0.902 1.000
  12 0.000 0.002 0.006 0.014 0.033 0.070 0.140 0.261 0.448 0.688 0.909 1.000
  13 0.000 0.001 0.003 0.008 0.020 0.042 0.084 0.160 0.285 0.472 0.704 0.914 1.000
  14 0.000 0.001 0.002 0.005 0.011 0.024 0.049 0.094 0.171 0.295 0.476 0.699 0.906 1.000
  15 0.000 0.000 0.001 0.003 0.007 0.015 0.030 0.058 0.107 0.188 0.316 0.497 0.716 0.925 1.000
  16 0.000 0.000 0.001 0.002 0.004 0.009 0.018 0.036 0.066 0.117 0.201 0.329 0.509 0.741 0.923 1.000
  17 0.000 0.000 0.000 0.001 0.002 0.005 0.011 0.021 0.038 0.069 0.119 0.200 0.323 0.511 0.715 0.907 1.000
  18 0.000 0.000 0.000 0.001 0.002 0.003 0.007 0.013 0.025 0.044 0.077 0.131 0.216 0.355 0.528 0.737 0.937 1.000
  19 0.000 0.000 0.000 0.000 0.001 0.002 0.004 0.008 0.015 0.028 0.048 0.082 0.137 0.231 0.357 0.534 0.765 0.927 1.000
  20 0.000 0.000 0.000 0.000 0.001 0.001 0.003 0.005 0.009 0.016 0.029 0.049 0.083 0.141 0.224 0.349 0.545 0.733 0.915 1.000
  21 0.000 0.000 0.000 0.000 0.000 0.001 0.002 0.003 0.005 0.010 0.017 0.030 0.050 0.086 0.138 0.221 0.361 0.519 0.721 0.919 1.000
  22 0.000 0.000 0.000 0.000 0.000 0.000 0.001 0.001 0.002 0.004 0.008 0.013 0.023 0.039 0.063 0.103 0.174 0.263 0.401 0.601 0.815 1.000
  23 0.000 0.000 0.000 0.000 0.000 0.000 0.000 0.001 0.001 0.002 0.004 0.007 0.013 0.022 0.035 0.058 0.099 0.152 0.239 0.379 0.568 0.894 1.000
  24 0.000 0.000 0.000 0.000 0.000 0.000 0.000 0.000 0.000 0.001 0.001 0.002 0.004 0.006 0.010 0.017 0.029 0.045 0.072 0.120 0.196 0.402 0.629 1.000
  25 0.000 0.000 0.000 0.000 0.000 0.000 0.000 0.000 0.000 0.000 0.001 0.001 0.002 0.003 0.005 0.009 0.016 0.024 0.039 0.065 0.107 0.230 0.387 0.880 1.000
 P       1     2     3     4     5     6     7     8     9    10    11    12    13    14    15    16    17    18
   1 1.000
   2 0.549 1.000
   3 0.190 0.687 1.000
   4 0.064 0.312 0.758 1.000
   5 0.023 0.126 0.402 0.801 1.000
   6 0.009 0.051 0.184 0.470 0.831 1.000
   7 0.004 0.021 0.082 0.236 0.522 0.851 1.000
   8 0.002 0.009 0.036 0.112 0.280 0.562 0.866 1.000
   9 0.001 0.004 0.016 0.052 0.140 0.317 0.591 0.876 1.000
  10 0.000 0.002 0.007 0.024 0.067 0.162 0.342 0.609 0.880 1.000
  11 0.000 0.001 0.003 0.011 0.031 0.078 0.177 0.355 0.613 0.879 1.000
  12 0.000 0.000 0.002 0.005 0.014 0.037 0.087 0.188 0.365 0.621 0.886 1.000
  13 0.000 0.000 0.001 0.002 0.006 0.017 0.041 0.091 0.190 0.363 0.620 0.879 1.000
  14 0.000 0.000 0.000 0.001 0.003 0.007 0.018 0.042 0.090 0.185 0.357 0.603 0.873 1.000
  15 0.000 0.000 0.000 0.000 0.001 0.003 0.008 0.018 0.041 0.087 0.180 0.341 0.592 0.869 1.000
  16 0.000 0.000 0.000 0.000 0.000 0.001 0.003 0.007 0.015 0.033 0.072 0.148 0.292 0.531 0.820 1.000
  17 0.000 0.000 0.000 0.000 0.000 0.000 0.001 0.003 0.006 0.013 0.028 0.060 0.127 0.260 0.487 0.830 1.000
  18 0.000 0.000 0.000 0.000 0.000 0.000 0.000 0.001 0.002 0.004 0.010 0.021 0.046 0.101 0.213 0.463 0.795 1.000
 D       1     2     3     4     5     6     7     8     9    10    11    12
   1 1.000
   2 0.554 1.000
   3 0.182 0.689 1.000
   4 0.055 0.302 0.756 1.000
   5 0.017 0.110 0.385 0.793 1.000
   6 0.005 0.038 0.159 0.440 0.816 1.000
   7 0.002 0.013 0.059 0.194 0.474 0.827 1.000
   8 0.001 0.004 0.021 0.076 0.219 0.494 0.835 1.000
   9 0.000 0.001 0.007 0.026 0.085 0.228 0.497 0.830 1.000
  10 0.000 0.000 0.002 0.008 0.029 0.085 0.222 0.479 0.817 1.000
  11 0.000 0.000 0.001 0.002 0.009 0.028 0.079 0.203 0.451 0.803 1.000
  12 0.000 0.000 0.000 0.001 0.002 0.007 0.022 0.061 0.164 0.393 0.755 1.000
-------------------------------------------------------------------------------------------------------