------------------------------------------------------------------------------------------------------      TALLIUM   [XE]4F(14)6S(2)5D(10)6P(1), 2P                                        

      CHARGE = 81.000000

      SYMMETRY SPECIES               S     P     D     F 
      NUMBER OF BASIS FUNCTIONS     25    21    15    10
      NUMBER OF CLOSED SHELLS        6     4     3     1
      NUMBER OF OPEN SHELLS          0     1     0     0
      OPEN SHELL OCCUPATION NUMBER   0     1     0     0

      OPEN-SHELL ENERGY COEFFICIENTS
      J(  1,  1,  0) =  0.00000000     K(  1,  1,  0) = -1.66666667
      J(  1,  1,  2) =  0.00000000     K(  1,  1,  2) =  0.13333333
 
  *** FINAL SCF RESULTS ***
   E =-18961.823786312
   T = 18961.823774928     V =-37923.647561240     V/T =    -2.000000001
 
  ORBITAL ENERGIES AND EXPANSION COEFFICIENTS
        S                    1S             2S             3S             4S             5S             6S 
  BASIS/ORB.ENERGY    -2851.5468647   -484.5598992   -117.1501903    -26.8831616     -4.6185132     -0.3609441
  1S   1.5639848D+08      0.0000017     -0.0000006      0.0000003     -0.0000001      0.0000001      0.0000000
  1S   2.3414843D+07      0.0000131     -0.0000044      0.0000021     -0.0000010      0.0000005     -0.0000001
  1S   5.3272223D+06      0.0000692     -0.0000231      0.0000110     -0.0000055      0.0000024     -0.0000007
  1S   1.5084232D+06      0.0002926     -0.0000976      0.0000464     -0.0000232      0.0000101     -0.0000029
  1S   4.9206059D+05      0.0010660     -0.0003559      0.0001691     -0.0000846      0.0000368     -0.0000106
  1S   1.7770983D+05      0.0034717     -0.0011629      0.0005536     -0.0002769      0.0001201     -0.0000344
  1S   6.9369734D+04      0.0103091     -0.0034747      0.0016534     -0.0008275      0.0003602     -0.0001033
  1S   2.8804091D+04      0.0280709     -0.0096197      0.0045963     -0.0023007      0.0009976     -0.0002862
  1S   1.2578520D+04      0.0694615     -0.0246163      0.0118019     -0.0059184      0.0025789     -0.0007394
  1S   5.7283144D+03      0.1509650     -0.0575643      0.0279775     -0.0140593      0.0060967     -0.0017493
  1S   2.7025721D+03      0.2681243     -0.1177183      0.0583736     -0.0295256      0.0129096     -0.0037023
  1S   1.3130688D+03      0.3364262     -0.1928497      0.1004664     -0.0513186      0.0222846     -0.0064005
  1S   6.5030391D+02      0.2297615     -0.1817497      0.1016848     -0.0531777      0.0236419     -0.0067833
  1S   3.1229662D+02      0.0500981      0.1202368     -0.0825522      0.0455663     -0.0210362      0.0060338
  1S   1.6441308D+02     -0.0024956      0.5424229     -0.5050619      0.2969329     -0.1322928      0.0382550
  1S   8.6060543D+01      0.0019535      0.4490798     -0.5544779      0.3682108     -0.1757939      0.0509673
  1S   4.2201218D+01     -0.0012828      0.0826956      0.4075120     -0.3870929      0.2070226     -0.0608827
  1S   2.3426384D+01      0.0008732     -0.0073299      0.8116023     -1.0636422      0.5604689     -0.1676176
  1S   1.2137250D+01     -0.0005361      0.0035817      0.2256305     -0.0168845      0.0325919     -0.0100683
  1S   6.4599103D+00      0.0003263     -0.0020296      0.0025376      1.0262991     -0.9905017      0.3283361
  1S   3.4074932D+00     -0.0001497      0.0008172      0.0032440      0.4068716     -0.4929675      0.1733747
  1S   1.5111582D+00      0.0000524     -0.0002649     -0.0010411      0.0213493      0.9284360     -0.4347417
  1S   6.8706697D-01     -0.0000168      0.0000886      0.0002008      0.0001205      0.6032685     -0.4077847
  1S   1.4515005D-01      0.0000035     -0.0000179     -0.0000498      0.0002060      0.0171171      0.6900251
  1S   5.4641389D-02     -0.0000014      0.0000070      0.0000196     -0.0000785     -0.0039851      0.5301475
        P                    2P             3P             4P             5P             6P 
  BASIS/ORB.ENERGY     -465.7264551   -108.1965279    -22.9174237     -3.2311321     -0.1922799
  2P   3.0156666D+05      0.0000188     -0.0000095      0.0000047     -0.0000019      0.0000004
  2P   7.1374904D+04      0.0001684     -0.0000850      0.0000422     -0.0000173      0.0000037
  2P   2.3175024D+04      0.0009861     -0.0004991      0.0002481     -0.0001014      0.0000217
  2P   8.8655123D+03      0.0044981     -0.0022883      0.0011384     -0.0004662      0.0000998
  2P   3.7662013D+03      0.0169478     -0.0087315      0.0043586     -0.0017825      0.0003813
  2P   1.7226786D+03      0.0534449     -0.0281987      0.0141512     -0.0058059      0.0012435
  2P   8.3303192D+02      0.1373023     -0.0757021      0.0384103     -0.0157635      0.0033733
  2P   4.2017691D+02      0.2689509     -0.1579869      0.0814455     -0.0336368      0.0072126
  2P   2.1902624D+02      0.3552872     -0.2215223      0.1162357     -0.0479934      0.0102723
  2P   1.1669787D+02      0.2576483     -0.0945425      0.0376090     -0.0147133      0.0031553
  2P   6.2442962D+01      0.0743240      0.2998279     -0.2358052      0.1072502     -0.0233528
  2P   3.4312688D+01      0.0037492      0.5361203     -0.4591412      0.2104793     -0.0456157
  2P   1.8763775D+01      0.0007526      0.2769346     -0.0699924      0.0100325     -0.0017589
  2P   9.9309984D+00     -0.0004858      0.0392532      0.5681063     -0.3679353      0.0845026
  2P   5.2836801D+00      0.0001787      0.0011026      0.5321118     -0.4002309      0.0925427
  2P   2.6431364D+00     -0.0000998      0.0001468      0.1074723      0.2493441     -0.0748137
  2P   1.3288539D+00      0.0000550     -0.0001230      0.0006871      0.6475106     -0.1902486
  2P   6.2548254D-01     -0.0000187     -0.0000059      0.0015874      0.3383538     -0.1114552
  2P   2.2659670D-01      0.0000071     -0.0000057     -0.0003619      0.0286587      0.2270133
  2P   8.9078986D-02     -0.0000032      0.0000023      0.0001501     -0.0022151      0.5788448
  2P   3.3725683D-02      0.0000010     -0.0000006     -0.0000487      0.0008163      0.3558343
        D                    3D             4D             5D 
  BASIS/ORB.ENERGY      -91.7082140    -15.6526885     -0.9680420
  3D   8.2938557D+03      0.0001653     -0.0000860      0.0000289
  3D   2.5133015D+03      0.0016462     -0.0008558      0.0002858
  3D   9.8436171D+02      0.0098941     -0.0051996      0.0017489
  3D   4.4003199D+02      0.0416336     -0.0220950      0.0074129
  3D   2.1282486D+02      0.1265170     -0.0688360      0.0233030
  3D   1.0847525D+02      0.2694400     -0.1479738      0.0499215
  3D   5.7022489D+01      0.3738705     -0.1948315      0.0656405
  3D   3.0637126D+01      0.2827779     -0.0501148      0.0067426
  3D   1.6418163D+01      0.0937596      0.2918583     -0.1257960
  3D   8.6377795D+00      0.0097534      0.4860949     -0.2078991
  3D   4.5100236D+00      0.0006817      0.2984946     -0.0588722
  3D   2.2425847D+00     -0.0000157      0.0594332      0.2971319
  3D   1.0687356D+00      0.0000298      0.0017577      0.4740111
  3D   4.8226981D-01     -0.0000141      0.0004299      0.3386322
  3D   1.9725143D-01      0.0000040     -0.0001011      0.0937275
        F                    4F 
  BASIS/ORB.ENERGY       -5.7849676
  4F   9.0969923D+02      0.0003694
  4F   3.2169459D+02      0.0036484
  4F   1.3999481D+02      0.0200556
  4F   6.7636914D+01      0.0702039
  4F   3.4443175D+01      0.1719452
  4F   1.8076359D+01      0.2892228
  4F   9.4928175D+00      0.3422114
  4F   4.9259997D+00      0.2737752
  4F   2.4438524D+00      0.1265262
  4F   1.0853779D+00      0.0238567
 
 *** Overlap Matrix ***
 S       1     2     3     4     5     6     7     8     9    10    11    12    13    14    15    16    17    18    19    20    21    22    23    24    25
   1 1.000
   2 0.552 1.000
   3 0.213 0.685 1.000
   4 0.086 0.329 0.755 1.000
   5 0.037 0.151 0.415 0.799 1.000
   6 0.017 0.072 0.210 0.481 0.830 1.000
   7 0.009 0.036 0.107 0.263 0.534 0.852 1.000
   8 0.004 0.019 0.056 0.141 0.309 0.577 0.869 1.000
   9 0.002 0.010 0.030 0.077 0.174 0.350 0.612 0.882 1.000
  10 0.001 0.006 0.017 0.043 0.099 0.205 0.387 0.642 0.893 1.000
  11 0.001 0.003 0.010 0.025 0.057 0.120 0.234 0.419 0.667 0.902 1.000
  12 0.000 0.002 0.006 0.014 0.033 0.070 0.140 0.261 0.448 0.688 0.909 1.000
  13 0.000 0.001 0.003 0.008 0.020 0.042 0.084 0.159 0.284 0.471 0.703 0.913 1.000
  14 0.000 0.001 0.002 0.005 0.011 0.024 0.049 0.094 0.171 0.295 0.476 0.699 0.906 1.000
  15 0.000 0.000 0.001 0.003 0.007 0.015 0.030 0.058 0.107 0.189 0.317 0.499 0.719 0.927 1.000
  16 0.000 0.000 0.001 0.002 0.004 0.009 0.019 0.036 0.067 0.119 0.203 0.333 0.515 0.747 0.926 1.000
  17 0.000 0.000 0.000 0.001 0.003 0.005 0.011 0.021 0.039 0.070 0.122 0.205 0.331 0.521 0.724 0.911 1.000
  18 0.000 0.000 0.000 0.001 0.002 0.003 0.007 0.014 0.025 0.045 0.079 0.134 0.222 0.364 0.537 0.743 0.938 1.000
  19 0.000 0.000 0.000 0.000 0.001 0.002 0.004 0.008 0.015 0.028 0.049 0.083 0.139 0.234 0.360 0.534 0.760 0.923 1.000
  20 0.000 0.000 0.000 0.000 0.001 0.001 0.003 0.005 0.010 0.017 0.030 0.052 0.088 0.150 0.236 0.364 0.559 0.747 0.929 1.000
  21 0.000 0.000 0.000 0.000 0.000 0.001 0.002 0.003 0.006 0.011 0.019 0.032 0.055 0.094 0.150 0.237 0.381 0.543 0.753 0.927 1.000
  22 0.000 0.000 0.000 0.000 0.000 0.000 0.001 0.002 0.003 0.006 0.010 0.018 0.030 0.052 0.083 0.133 0.221 0.330 0.497 0.694 0.886 1.000
  23 0.000 0.000 0.000 0.000 0.000 0.000 0.000 0.001 0.002 0.003 0.006 0.010 0.017 0.029 0.046 0.075 0.126 0.192 0.302 0.453 0.646 0.893 1.000
  24 0.000 0.000 0.000 0.000 0.000 0.000 0.000 0.000 0.001 0.001 0.002 0.003 0.005 0.009 0.014 0.023 0.040 0.062 0.100 0.159 0.249 0.425 0.661 1.000
  25 0.000 0.000 0.000 0.000 0.000 0.000 0.000 0.000 0.000 0.000 0.001 0.001 0.002 0.004 0.007 0.011 0.019 0.030 0.049 0.078 0.124 0.222 0.378 0.842 1.000
 P       1     2     3     4     5     6     7     8     9    10    11    12    13    14    15    16    17    18    19    20    21
   1 1.000
   2 0.549 1.000
   3 0.190 0.686 1.000
   4 0.064 0.311 0.757 1.000
   5 0.023 0.126 0.401 0.801 1.000
   6 0.009 0.051 0.184 0.468 0.830 1.000
   7 0.004 0.021 0.081 0.235 0.521 0.851 1.000
   8 0.002 0.009 0.036 0.111 0.280 0.562 0.866 1.000
   9 0.001 0.004 0.016 0.052 0.140 0.318 0.594 0.878 1.000
  10 0.000 0.002 0.007 0.024 0.068 0.166 0.349 0.618 0.885 1.000
  11 0.000 0.001 0.003 0.011 0.032 0.082 0.185 0.369 0.629 0.887 1.000
  12 0.000 0.000 0.002 0.005 0.016 0.040 0.095 0.203 0.387 0.643 0.895 1.000
  13 0.000 0.000 0.001 0.003 0.007 0.019 0.047 0.104 0.213 0.397 0.653 0.894 1.000
  14 0.000 0.000 0.000 0.001 0.003 0.009 0.022 0.049 0.106 0.212 0.393 0.636 0.883 1.000
  15 0.000 0.000 0.000 0.001 0.002 0.004 0.010 0.023 0.051 0.106 0.211 0.381 0.624 0.885 1.000
  16 0.000 0.000 0.000 0.000 0.001 0.002 0.004 0.010 0.022 0.047 0.098 0.191 0.351 0.599 0.863 1.000
  17 0.000 0.000 0.000 0.000 0.000 0.001 0.002 0.004 0.009 0.020 0.044 0.088 0.174 0.334 0.575 0.865 1.000
  18 0.000 0.000 0.000 0.000 0.000 0.000 0.001 0.002 0.004 0.008 0.017 0.036 0.074 0.153 0.297 0.549 0.841 1.000
  19 0.000 0.000 0.000 0.000 0.000 0.000 0.000 0.000 0.001 0.002 0.005 0.010 0.022 0.047 0.099 0.214 0.418 0.734 1.000
  20 0.000 0.000 0.000 0.000 0.000 0.000 0.000 0.000 0.000 0.001 0.002 0.003 0.007 0.015 0.033 0.075 0.164 0.355 0.769 1.000
  21 0.000 0.000 0.000 0.000 0.000 0.000 0.000 0.000 0.000 0.000 0.000 0.001 0.002 0.005 0.010 0.024 0.054 0.129 0.370 0.753 1.000
 D       1     2     3     4     5     6     7     8     9    10    11    12    13    14    15
   1 1.000
   2 0.554 1.000
   3 0.183 0.690 1.000
   4 0.055 0.305 0.759 1.000
   5 0.017 0.113 0.391 0.798 1.000
   6 0.005 0.040 0.165 0.451 0.823 1.000
   7 0.002 0.014 0.064 0.207 0.492 0.837 1.000
   8 0.001 0.005 0.023 0.084 0.238 0.518 0.847 1.000
   9 0.000 0.002 0.008 0.032 0.098 0.254 0.528 0.846 1.000
  10 0.000 0.001 0.003 0.011 0.036 0.103 0.254 0.517 0.837 1.000
  11 0.000 0.000 0.001 0.004 0.012 0.038 0.102 0.245 0.504 0.834 1.000
  12 0.000 0.000 0.000 0.001 0.004 0.012 0.034 0.091 0.222 0.476 0.811 1.000
  13 0.000 0.000 0.000 0.000 0.001 0.003 0.010 0.028 0.076 0.194 0.433 0.791 1.000
  14 0.000 0.000 0.000 0.000 0.000 0.001 0.003 0.007 0.021 0.060 0.159 0.389 0.763 1.000
  15 0.000 0.000 0.000 0.000 0.000 0.000 0.001 0.002 0.005 0.014 0.041 0.120 0.325 0.713 1.000
 F       1     2     3     4     5     6     7     8     9    10
   1 1.000
   2 0.559 1.000
   3 0.176 0.685 1.000
   4 0.047 0.287 0.747 1.000
   5 0.012 0.094 0.358 0.778 1.000
   6 0.003 0.027 0.131 0.400 0.795 1.000
   7 0.001 0.007 0.040 0.151 0.416 0.795 1.000
   8 0.000 0.002 0.010 0.045 0.156 0.410 0.788 1.000
   9 0.000 0.000 0.002 0.011 0.043 0.142 0.381 0.763 1.000
  10 0.000 0.000 0.000 0.002 0.008 0.031 0.106 0.307 0.697 1.000
------------------------------------------------------------------------------------------------------      LEAD   [XE]4F(14)6S(2)5D(10)6P(2), 3P                                           

      CHARGE = 82.000000

      SYMMETRY SPECIES               S     P     D     F 
      NUMBER OF BASIS FUNCTIONS     25    21    15    10
      NUMBER OF CLOSED SHELLS        6     4     3     1
      NUMBER OF OPEN SHELLS          0     1     0     0
      OPEN SHELL OCCUPATION NUMBER   0     2     0     0

      OPEN-SHELL ENERGY COEFFICIENTS
      J(  1,  1,  0) =  0.00000000     K(  1,  1,  0) = -0.66666667
      J(  1,  1,  2) =  0.00000000     K(  1,  1,  2) = -0.06666667
 
  *** FINAL SCF RESULTS ***
   E =-19524.007048354
   T = 19524.007168936     V =-39048.014217290     V/T =    -1.999999994
 
  ORBITAL ENERGIES AND EXPANSION COEFFICIENTS
        S                    1S             2S             3S             4S             5S             6S 
  BASIS/ORB.ENERGY    -2925.3694439   -498.5939055   -121.2381242    -28.2197004     -5.0553023     -0.4560689
  1S   1.7999785d+08      0.0000015     -0.0000005      0.0000002     -0.0000001      0.0000001      0.0000000
  1S   2.6946463d+07      0.0000114     -0.0000038      0.0000018     -0.0000009      0.0000004     -0.0000001
  1S   6.1315715d+06      0.0000599     -0.0000200      0.0000095     -0.0000048      0.0000021     -0.0000007
  1S   1.7362661d+06      0.0002531     -0.0000845      0.0000402     -0.0000202      0.0000089     -0.0000028
  1S   5.6625753d+05      0.0009230     -0.0003083      0.0001468     -0.0000736      0.0000325     -0.0000101
  1S   2.0434715d+05      0.0030134     -0.0010093      0.0004809     -0.0002415      0.0001063     -0.0000329
  1S   7.9631698d+04      0.0089919     -0.0030300      0.0014439     -0.0007248      0.0003202     -0.0000991
  1S   3.2973171d+04      0.0246915     -0.0084396      0.0040348     -0.0020278      0.0008921     -0.0002760
  1S   1.4346374d+04      0.0618975     -0.0218253      0.0104725     -0.0052649      0.0023285     -0.0007206
  1S   6.5057337d+03      0.1373906     -0.0517249      0.0251111     -0.0126693      0.0055736     -0.0017248
  1S   3.0555771d+03      0.2525389     -0.1083432      0.0536202     -0.0271579      0.0120503     -0.0037306
  1S   1.4781690d+03      0.3362871     -0.1844527      0.0954079     -0.0489067      0.0215395     -0.0066696
  1S   7.3016375d+02      0.2536059     -0.1963327      0.1089267     -0.0567487      0.0255686     -0.0079280
  1S   3.5689553d+02      0.0668011      0.0531878     -0.0361123      0.0194354     -0.0095447      0.0029720
  1S   1.8656846d+02     -0.0008161      0.5030316     -0.4431823      0.2595086     -0.1168064      0.0363681
  1S   9.7026019d+01      0.0019503      0.5057911     -0.6184336      0.4009394     -0.1929666      0.0605044
  1S   4.8220029d+01     -0.0013565      0.1181962      0.2051531     -0.1842311      0.1051523     -0.0336622
  1S   2.7334131d+01      0.0009409     -0.0077356      0.8454305     -1.0582978      0.5584059     -0.1792925
  1S   1.4663931d+01     -0.0005413      0.0043509      0.3391726     -0.3175165      0.2156956     -0.0723350
  1S   7.4856701d+00      0.0002960     -0.0021258      0.0221665      0.9721242     -0.8865763      0.3160714
  1S   3.9698355d+00     -0.0001344      0.0008221      0.0009962      0.5650136     -0.7087112      0.2699585
  1S   1.6574135d+00      0.0000459     -0.0002581     -0.0003741      0.0374362      0.8808683     -0.4503317
  1S   7.6917024d-01     -0.0000166      0.0000977      0.0000017     -0.0020443      0.6651343     -0.4858825
  1S   1.7357240d-01      0.0000037     -0.0000212     -0.0000114      0.0005767      0.0212713      0.7245681
  1S   6.7000758d-02     -0.0000014      0.0000082      0.0000051     -0.0002232     -0.0046411      0.5263534
        P                    2P             3P             4P             5P             6P 
  BASIS/ORB.ENERGY     -479.4811237   -112.1261241    -24.1621700     -3.6104811     -0.2555763
  2P   3.1476772d+05      0.0000183     -0.0000092      0.0000046     -0.0000019      0.0000005
  2P   7.4496164d+04      0.0001633     -0.0000825      0.0000412     -0.0000172      0.0000043
  2P   2.4210225d+04      0.0009538     -0.0004836      0.0002414     -0.0001006      0.0000250
  2P   9.2785709d+03      0.0043351     -0.0022088      0.0011033     -0.0004605      0.0001146
  2P   3.9516829d+03      0.0162757     -0.0083958      0.0042087     -0.0017551      0.0004357
  2P   1.8126077d+03      0.0512565     -0.0270622      0.0136334     -0.0057016      0.0014190
  2P   8.7869986d+02      0.1321884     -0.0728642      0.0371156     -0.0155329      0.0038571
  2P   4.4400069d+02      0.2619722     -0.1537014      0.0795027     -0.0334646      0.0083402
  2P   2.3162951d+02      0.3540538     -0.2211261      0.1165764     -0.0491163      0.0121908
  2P   1.2345119d+02      0.2661982     -0.1076370      0.0459478     -0.0185718      0.0046683
  2P   6.6106285d+01      0.0811170      0.2790231     -0.2210418      0.1025267     -0.0260529
  2P   3.6335925d+01      0.0046000      0.5378391     -0.4622491      0.2167710     -0.0544489
  2P   1.9897619d+01      0.0008439      0.2936514     -0.1014681      0.0265058     -0.0065574
  2P   1.0554429d+01     -0.0005371      0.0446670      0.5507764     -0.3641396      0.0982333
  2P   5.6397023d+00      0.0002093      0.0011284      0.5502703     -0.4264321      0.1144111
  2P   2.8520991d+00     -0.0001194      0.0002367      0.1193657      0.2247367     -0.0792630
  2P   1.4470441d+00      0.0000663     -0.0001696      0.0015257      0.6581361     -0.2328574
  2P   6.9171392d-01     -0.0000234      0.0000073      0.0016525      0.3506090     -0.1330962
  2P   2.5453110d-01      0.0000093     -0.0000109     -0.0004018      0.0297048      0.2871875
  2P   1.0702279d-01     -0.0000045      0.0000051      0.0001745     -0.0026429      0.5880597
  2P   4.2885726d-02      0.0000013     -0.0000013     -0.0000560      0.0009185      0.2920791
        D                    3D             4D             5D 
  BASIS/ORB.ENERGY      -95.3436912    -16.7206693     -1.2202205
  3D   8.9984513d+03      0.0001465     -0.0000767      0.0000269
  3D   2.7270980d+03      0.0014632     -0.0007653      0.0002669
  3D   1.0684899d+03      0.0088423     -0.0046744      0.0016419
  3D   4.7805931d+02      0.0376152     -0.0200703      0.0070309
  3D   2.3152778d+02      0.1162752     -0.0635642      0.0224688
  3D   1.1821154d+02      0.2548025     -0.1409643      0.0496866
  3D   6.2252284d+01      0.3688487     -0.1960292      0.0691526
  3D   3.3531516d+01      0.2988244     -0.0755356      0.0174105
  3D   1.8035649d+01      0.1091009      0.2599232     -0.1192842
  3D   9.5222483d+00      0.0129686      0.4853015     -0.2180703
  3D   4.9984426d+00      0.0007714      0.3252678     -0.0869215
  3D   2.5113068d+00      0.0000072      0.0721397      0.2820178
  3D   1.2135379d+00      0.0000260      0.0025968      0.4862169
  3D   5.5748484d-01     -0.0000132      0.0004796      0.3454982
  3D   2.3082047d-01      0.0000039     -0.0001232      0.0887821
        F                    4F 
  BASIS/ORB.ENERGY       -6.5821895
  4F   9.5873927d+02      0.0003533
  4F   3.3921799d+02      0.0035073
  4F   1.4773154d+02      0.0193988
  4F   7.1474846d+01      0.0685226
  4F   3.6455949d+01      0.1693747
  4F   1.9176321d+01      0.2878602
  4F   1.0105301d+01      0.3430677
  4F   5.2721348d+00      0.2749019
  4F   2.6376206d+00      0.1263573
  4F   1.1898662d+00      0.0233275
 
 *** Overlap Matrix ***
 S       1     2     3     4     5     6     7     8     9    10    11    12    13    14    15    16    17    18    19    20    21    22    23    24    25
   1 1.000
   2 0.552 1.000
   3 0.213 0.685 1.000
   4 0.086 0.329 0.755 1.000
   5 0.037 0.151 0.415 0.799 1.000
   6 0.017 0.072 0.210 0.481 0.830 1.000
   7 0.009 0.036 0.107 0.262 0.533 0.852 1.000
   8 0.004 0.018 0.056 0.141 0.308 0.575 0.868 1.000
   9 0.002 0.010 0.030 0.077 0.173 0.348 0.610 0.881 1.000
  10 0.001 0.005 0.017 0.043 0.098 0.203 0.384 0.639 0.892 1.000
  11 0.001 0.003 0.009 0.024 0.056 0.118 0.232 0.416 0.664 0.901 1.000
  12 0.000 0.002 0.005 0.014 0.033 0.069 0.138 0.258 0.444 0.685 0.908 1.000
  13 0.000 0.001 0.003 0.008 0.019 0.041 0.083 0.157 0.281 0.468 0.701 0.913 1.000
  14 0.000 0.001 0.002 0.005 0.011 0.024 0.049 0.093 0.171 0.296 0.479 0.704 0.910 1.000
  15 0.000 0.000 0.001 0.003 0.007 0.015 0.030 0.058 0.107 0.189 0.318 0.501 0.723 0.925 1.000
  16 0.000 0.000 0.001 0.002 0.004 0.009 0.018 0.036 0.066 0.118 0.203 0.333 0.516 0.742 0.924 1.000
  17 0.000 0.000 0.000 0.001 0.003 0.005 0.011 0.021 0.039 0.071 0.123 0.207 0.335 0.521 0.726 0.914 1.000
  18 0.000 0.000 0.000 0.001 0.002 0.004 0.007 0.014 0.026 0.046 0.081 0.138 0.228 0.369 0.546 0.754 0.942 1.000
  19 0.000 0.000 0.000 0.000 0.001 0.002 0.004 0.009 0.016 0.029 0.051 0.088 0.146 0.243 0.375 0.555 0.778 0.931 1.000
  20 0.000 0.000 0.000 0.000 0.001 0.001 0.003 0.005 0.010 0.018 0.031 0.053 0.090 0.151 0.239 0.370 0.563 0.745 0.920 1.000
  21 0.000 0.000 0.000 0.000 0.000 0.001 0.002 0.003 0.006 0.011 0.019 0.033 0.056 0.095 0.153 0.242 0.386 0.543 0.741 0.928 1.000
  22 0.000 0.000 0.000 0.000 0.000 0.000 0.001 0.002 0.003 0.006 0.010 0.017 0.029 0.050 0.081 0.130 0.215 0.316 0.470 0.676 0.870 1.000
  23 0.000 0.000 0.000 0.000 0.000 0.000 0.000 0.001 0.002 0.003 0.006 0.010 0.017 0.028 0.046 0.074 0.124 0.186 0.287 0.443 0.633 0.898 1.000
  24 0.000 0.000 0.000 0.000 0.000 0.000 0.000 0.000 0.001 0.001 0.002 0.003 0.005 0.009 0.015 0.025 0.041 0.063 0.100 0.162 0.254 0.448 0.682 1.000
  25 0.000 0.000 0.000 0.000 0.000 0.000 0.000 0.000 0.000 0.001 0.001 0.002 0.003 0.005 0.007 0.012 0.020 0.031 0.049 0.081 0.129 0.240 0.400 0.849 1.000
 P       1     2     3     4     5     6     7     8     9    10    11    12    13    14    15    16    17    18    19    20    21
   1 1.000
   2 0.549 1.000
   3 0.190 0.687 1.000
   4 0.064 0.312 0.758 1.000
   5 0.023 0.127 0.402 0.802 1.000
   6 0.009 0.051 0.185 0.470 0.831 1.000
   7 0.004 0.021 0.082 0.237 0.523 0.852 1.000
   8 0.002 0.009 0.036 0.113 0.282 0.564 0.867 1.000
   9 0.001 0.004 0.017 0.053 0.141 0.320 0.595 0.878 1.000
  10 0.000 0.002 0.008 0.025 0.069 0.167 0.350 0.619 0.885 1.000
  11 0.000 0.001 0.004 0.012 0.033 0.082 0.186 0.370 0.630 0.887 1.000
  12 0.000 0.000 0.002 0.005 0.016 0.041 0.095 0.203 0.388 0.643 0.896 1.000
  13 0.000 0.000 0.001 0.003 0.007 0.020 0.047 0.105 0.214 0.398 0.653 0.894 1.000
  14 0.000 0.000 0.000 0.001 0.003 0.009 0.022 0.050 0.107 0.213 0.394 0.638 0.884 1.000
  15 0.000 0.000 0.000 0.001 0.002 0.004 0.010 0.023 0.051 0.107 0.213 0.384 0.627 0.886 1.000
  16 0.000 0.000 0.000 0.000 0.001 0.002 0.004 0.010 0.023 0.048 0.100 0.195 0.357 0.606 0.867 1.000
  17 0.000 0.000 0.000 0.000 0.000 0.001 0.002 0.004 0.010 0.021 0.045 0.091 0.179 0.342 0.584 0.868 1.000
  18 0.000 0.000 0.000 0.000 0.000 0.000 0.001 0.002 0.004 0.009 0.018 0.038 0.078 0.160 0.307 0.559 0.847 1.000
  19 0.000 0.000 0.000 0.000 0.000 0.000 0.000 0.001 0.001 0.002 0.005 0.011 0.024 0.051 0.105 0.223 0.430 0.741 1.000
  20 0.000 0.000 0.000 0.000 0.000 0.000 0.000 0.000 0.000 0.001 0.002 0.004 0.008 0.018 0.038 0.085 0.183 0.383 0.796 1.000
  21 0.000 0.000 0.000 0.000 0.000 0.000 0.000 0.000 0.000 0.000 0.001 0.001 0.003 0.006 0.012 0.029 0.065 0.151 0.414 0.777 1.000
 D       1     2     3     4     5     6     7     8     9    10    11    12    13    14    15
   1 1.000
   2 0.555 1.000
   3 0.183 0.690 1.000
   4 0.055 0.305 0.759 1.000
   5 0.017 0.114 0.392 0.798 1.000
   6 0.006 0.040 0.166 0.453 0.824 1.000
   7 0.002 0.014 0.064 0.208 0.494 0.838 1.000
   8 0.001 0.005 0.024 0.085 0.240 0.521 0.848 1.000
   9 0.000 0.002 0.008 0.032 0.100 0.256 0.531 0.847 1.000
  10 0.000 0.001 0.003 0.011 0.037 0.105 0.257 0.521 0.839 1.000
  11 0.000 0.000 0.001 0.004 0.013 0.039 0.105 0.249 0.509 0.836 1.000
  12 0.000 0.000 0.000 0.001 0.004 0.012 0.036 0.094 0.228 0.484 0.816 1.000
  13 0.000 0.000 0.000 0.000 0.001 0.004 0.011 0.030 0.080 0.202 0.444 0.797 1.000
  14 0.000 0.000 0.000 0.000 0.000 0.001 0.003 0.008 0.023 0.065 0.168 0.403 0.772 1.000
  15 0.000 0.000 0.000 0.000 0.000 0.000 0.001 0.002 0.005 0.015 0.044 0.128 0.337 0.719 1.000
 F       1     2     3     4     5     6     7     8     9    10
   1 1.000
   2 0.559 1.000
   3 0.177 0.685 1.000
   4 0.048 0.288 0.748 1.000
   5 0.012 0.095 0.360 0.779 1.000
   6 0.003 0.028 0.132 0.402 0.796 1.000
   7 0.001 0.007 0.040 0.153 0.420 0.797 1.000
   8 0.000 0.002 0.011 0.047 0.159 0.415 0.791 1.000
   9 0.000 0.000 0.002 0.011 0.045 0.146 0.388 0.768 1.000
  10 0.000 0.000 0.000 0.002 0.009 0.033 0.111 0.318 0.707 1.000
------------------------------------------------------------------------------------------------------      BISMUTH   [XE]4F(14)6S(2)5D(10)6P(3), 4S                                        

      CHARGE = 83.000000

      SYMMETRY SPECIES               S     P     D     F 
      NUMBER OF BASIS FUNCTIONS     25    21    15    10
      NUMBER OF CLOSED SHELLS        6     4     3     1
      NUMBER OF OPEN SHELLS          0     1     0     0
      OPEN SHELL OCCUPATION NUMBER   0     3     0     0

      OPEN-SHELL ENERGY COEFFICIENTS
      J(  1,  1,  0) =  0.00000000     K(  1,  1,  0) = -0.33333333
      J(  1,  1,  2) =  0.00000000     K(  1,  1,  2) = -0.13333333
 
  *** FINAL SCF RESULTS ***
   E =-20095.585470232
   T = 20095.585769108     V =-40191.171239340     V/T =    -1.999999985
 
  ORBITAL ENERGIES AND EXPANSION COEFFICIENTS
        S                    1S             2S             3S             4S             5S             6S 
  BASIS/ORB.ENERGY    -3000.1524999   -512.8415552   -125.4047428    -29.5872839     -5.4975682     -0.5515423
  1S   1.9957069D+08      0.0000013     -0.0000004      0.0000002     -0.0000001      0.0000000      0.0000000
  1S   2.9883786D+07      0.0000103     -0.0000034      0.0000016     -0.0000008      0.0000004     -0.0000001
  1S   6.8031101D+06      0.0000542     -0.0000181      0.0000086     -0.0000043      0.0000019     -0.0000006
  1S   1.9274453D+06      0.0002289     -0.0000764      0.0000364     -0.0000184      0.0000082     -0.0000027
  1S   6.2874361D+05      0.0008350     -0.0002791      0.0001331     -0.0000670      0.0000300     -0.0000098
  1S   2.2685634D+05      0.0027285     -0.0009139      0.0004359     -0.0002197      0.0000981     -0.0000321
  1S   8.8389205D+04      0.0081493     -0.0027464      0.0013108     -0.0006599      0.0002957     -0.0000968
  1S   3.6602051D+04      0.0224243     -0.0076524      0.0036610     -0.0018472      0.0008243     -0.0002699
  1S   1.5929587D+04      0.0564718     -0.0198486      0.0095343     -0.0048063      0.0021560     -0.0007060
  1S   7.2260127D+03      0.1267207     -0.0472768      0.0229383     -0.0116177      0.0051840     -0.0016973
  1S   3.3943557D+03      0.2382321     -0.1004481      0.0496614     -0.0251999      0.0113389     -0.0037146
  1S   1.6420876D+03      0.3318107     -0.1756364      0.0903433     -0.0464643      0.0207558     -0.0067996
  1S   8.1247890D+02      0.2713994     -0.2038291      0.1122699     -0.0583926      0.0266370     -0.0087407
  1S   4.0415820D+02      0.0845523      0.0016571     -0.0025403      0.0007894     -0.0010776      0.0003664
  1S   2.0818787D+02      0.0022805      0.4593599     -0.3872094      0.2262019     -0.1030416      0.0339308
  1S   1.0791849D+02      0.0015726      0.5432943     -0.6494594      0.4141075     -0.2008687      0.0666443
  1S   5.4803220D+01     -0.0011212      0.1545953      0.0383909     -0.0331558      0.0273462     -0.0095071
  1S   3.0975168D+01      0.0007401     -0.0033268      0.8473989     -1.0161696      0.5408406     -0.1836084
  1S   1.6680871D+01     -0.0004146      0.0039164      0.4385127     -0.5181308      0.3328910     -0.1171571
  1S   8.2249009D+00      0.0002202     -0.0018271      0.0397572      0.9091137     -0.8130930      0.3061646
  1S   4.3599913D+00     -0.0001027      0.0007020     -0.0010703      0.6585282     -0.8341502      0.3387982
  1S   1.7828038D+00      0.0000363     -0.0002263      0.0001838      0.0486846      0.8488085     -0.4670028
  1S   8.4547313D-01     -0.0000142      0.0000936     -0.0001993     -0.0037653      0.7057330     -0.5481257
  1S   2.0210992D-01      0.0000033     -0.0000212      0.0000331      0.0008696      0.0246728      0.7501909
  1S   7.9501267D-02     -0.0000013      0.0000080     -0.0000112     -0.0003358     -0.0050153      0.5285342
        P                    2P             3P             4P             5P             6P 
  BASIS/ORB.ENERGY     -493.4488180   -116.1339071    -25.4374682     -3.9945319     -0.3199907
  2P   3.3952135D+05      0.0000167     -0.0000085      0.0000042     -0.0000018      0.0000005
  2P   8.0356159D+04      0.0001494     -0.0000757      0.0000379     -0.0000161      0.0000044
  2P   2.6099390D+04      0.0008753     -0.0004444      0.0002228     -0.0000946      0.0000259
  2P   9.9864365D+03      0.0040008     -0.0020411      0.0010235     -0.0004351      0.0001194
  2P   4.2425284D+03      0.0151492     -0.0078205      0.0039362     -0.0016728      0.0004578
  2P   1.9404328D+03      0.0482149     -0.0254553      0.0128704     -0.0054819      0.0015046
  2P   9.3825217D+02      0.1259784     -0.0693552      0.0354568     -0.0151214      0.0041404
  2P   4.7321226D+02      0.2540922     -0.1487608      0.0771817     -0.0330815      0.0090931
  2P   2.4652862D+02      0.3527743     -0.2204970      0.1167571     -0.0501649      0.0137314
  2P   1.3130946D+02      0.2761809     -0.1225082      0.0554506     -0.0230648      0.0063890
  2P   7.0391719D+01      0.0896157      0.2535475     -0.2027110      0.0957881     -0.0268973
  2P   3.8688741D+01      0.0059053      0.5380988     -0.4635208      0.2222163     -0.0616288
  2P   2.1214435D+01      0.0009148      0.3139890     -0.1388976      0.0467738     -0.0129788
  2P   1.1279877D+01     -0.0005740      0.0519121      0.5267417     -0.3548543      0.1061571
  2P   6.0524096D+00      0.0002329      0.0012120      0.5716470     -0.4554036      0.1357667
  2P   3.0951679D+00     -0.0001372      0.0003652      0.1350627      0.1900936     -0.0768289
  2P   1.5849914D+00      0.0000772     -0.0002333      0.0027643      0.6676148     -0.2659248
  2P   7.6929053D-01     -0.0000283      0.0000272      0.0017417      0.3689322     -0.1587921
  2P   2.9261681D-01      0.0000115     -0.0000192     -0.0004370      0.0325751      0.3200728
  2P   1.2737105D-01     -0.0000056      0.0000091      0.0001935     -0.0030255      0.5946662
  2P   5.2531027D-02      0.0000016     -0.0000025     -0.0000578      0.0008319      0.2620385
        D                    3D             4D             5D 
  BASIS/ORB.ENERGY      -99.0561711    -17.8179690     -1.4769744
  3D   9.4197123D+03      0.0001404     -0.0000739      0.0000270
  3D   2.8539151D+03      0.0014064     -0.0007402      0.0002681
  3D   1.1171013D+03      0.0085430     -0.0045437      0.0016572
  3D   4.9922110D+02      0.0365923     -0.0196454      0.0071480
  3D   2.4159671D+02      0.1138538     -0.0626104      0.0229837
  3D   1.2338172D+02      0.2511559     -0.1399040      0.0512352
  3D   6.5067864D+01      0.3667431     -0.1967347      0.0721073
  3D   3.5137879D+01      0.3020452     -0.0821058      0.0207208
  3D   1.8977269D+01      0.1136702      0.2499388     -0.1204447
  3D   1.0067300D+01      0.0142637      0.4834749     -0.2270194
  3D   5.3188441D+00      0.0007788      0.3325643     -0.0976206
  3D   2.7009697D+00      0.0000264      0.0769177      0.2822909
  3D   1.3219985D+00      0.0000179      0.0030914      0.4956743
  3D   6.1766779D-01     -0.0000101      0.0004482      0.3401538
  3D   2.5863149D-01      0.0000032     -0.0001286      0.0804102
        F                    4F 
  BASIS/ORB.ENERGY       -7.4084913
  4F   1.0257798D+03      0.0003242
  4F   3.6325888D+02      0.0032409
  4F   1.5840643D+02      0.0180846
  4F   7.6810012D+01      0.0648158
  4F   3.9265633D+01      0.1628996
  4F   2.0712317D+01      0.2830163
  4F   1.0951367D+01      0.3440460
  4F   5.7378919D+00      0.2807167
  4F   2.8888902D+00      0.1306470
  4F   1.3189624D+00      0.0241049
 
 *** Overlap Matrix ***
 S       1     2     3     4     5     6     7     8     9    10    11    12    13    14    15    16    17    18    19    20    21    22    23    24    25
   1 1.000
   2 0.552 1.000
   3 0.213 0.685 1.000
   4 0.086 0.330 0.756 1.000
   5 0.037 0.151 0.415 0.799 1.000
   6 0.017 0.072 0.210 0.481 0.829 1.000
   7 0.009 0.036 0.107 0.262 0.533 0.851 1.000
   8 0.004 0.018 0.056 0.141 0.308 0.575 0.868 1.000
   9 0.002 0.010 0.030 0.077 0.173 0.348 0.610 0.881 1.000
  10 0.001 0.005 0.017 0.043 0.098 0.203 0.384 0.639 0.892 1.000
  11 0.001 0.003 0.009 0.024 0.056 0.118 0.232 0.416 0.664 0.901 1.000
  12 0.000 0.002 0.005 0.014 0.033 0.069 0.138 0.258 0.444 0.685 0.908 1.000
  13 0.000 0.001 0.003 0.008 0.019 0.041 0.083 0.157 0.282 0.468 0.702 0.913 1.000
  14 0.000 0.001 0.002 0.005 0.011 0.024 0.049 0.095 0.173 0.300 0.484 0.711 0.914 1.000
  15 0.000 0.000 0.001 0.003 0.007 0.015 0.030 0.058 0.107 0.190 0.319 0.502 0.723 0.922 1.000
  16 0.000 0.000 0.001 0.002 0.004 0.009 0.018 0.036 0.066 0.118 0.203 0.334 0.516 0.737 0.924 1.000
  17 0.000 0.000 0.000 0.001 0.003 0.005 0.011 0.021 0.040 0.072 0.125 0.210 0.339 0.522 0.732 0.919 1.000
  18 0.000 0.000 0.000 0.001 0.002 0.004 0.007 0.014 0.026 0.047 0.082 0.140 0.231 0.369 0.550 0.760 0.942 1.000
  19 0.000 0.000 0.000 0.000 0.001 0.002 0.005 0.009 0.016 0.030 0.052 0.089 0.149 0.244 0.379 0.562 0.778 0.932 1.000
  20 0.000 0.000 0.000 0.000 0.001 0.001 0.003 0.005 0.010 0.017 0.031 0.053 0.089 0.148 0.236 0.367 0.553 0.735 0.912 1.000
  21 0.000 0.000 0.000 0.000 0.000 0.001 0.002 0.003 0.006 0.011 0.019 0.033 0.056 0.093 0.151 0.240 0.378 0.533 0.730 0.928 1.000
  22 0.000 0.000 0.000 0.000 0.000 0.000 0.001 0.002 0.003 0.006 0.010 0.017 0.029 0.048 0.079 0.127 0.206 0.306 0.454 0.669 0.865 1.000
  23 0.000 0.000 0.000 0.000 0.000 0.000 0.000 0.001 0.002 0.003 0.006 0.010 0.016 0.028 0.045 0.074 0.121 0.182 0.281 0.443 0.634 0.903 1.000
  24 0.000 0.000 0.000 0.000 0.000 0.000 0.000 0.000 0.001 0.001 0.002 0.003 0.006 0.009 0.016 0.025 0.042 0.064 0.101 0.169 0.264 0.470 0.701 1.000
  25 0.000 0.000 0.000 0.000 0.000 0.000 0.000 0.000 0.000 0.001 0.001 0.002 0.003 0.005 0.008 0.013 0.021 0.032 0.051 0.086 0.137 0.257 0.420 0.854 1.000
 P       1     2     3     4     5     6     7     8     9    10    11    12    13    14    15    16    17    18    19    20    21
   1 1.000
   2 0.549 1.000
   3 0.190 0.687 1.000
   4 0.064 0.311 0.757 1.000
   5 0.023 0.126 0.401 0.801 1.000
   6 0.009 0.051 0.184 0.468 0.830 1.000
   7 0.004 0.021 0.081 0.235 0.521 0.851 1.000
   8 0.002 0.009 0.036 0.111 0.280 0.562 0.866 1.000
   9 0.001 0.004 0.016 0.052 0.140 0.318 0.594 0.878 1.000
  10 0.000 0.002 0.007 0.024 0.068 0.166 0.349 0.618 0.885 1.000
  11 0.000 0.001 0.003 0.011 0.032 0.082 0.185 0.369 0.630 0.887 1.000
  12 0.000 0.000 0.002 0.005 0.016 0.040 0.095 0.203 0.388 0.644 0.896 1.000
  13 0.000 0.000 0.001 0.003 0.007 0.019 0.047 0.105 0.214 0.398 0.654 0.895 1.000
  14 0.000 0.000 0.000 0.001 0.003 0.009 0.022 0.050 0.107 0.214 0.396 0.639 0.885 1.000
  15 0.000 0.000 0.000 0.001 0.002 0.004 0.010 0.024 0.052 0.108 0.214 0.387 0.630 0.888 1.000
  16 0.000 0.000 0.000 0.000 0.001 0.002 0.004 0.010 0.023 0.049 0.102 0.199 0.363 0.613 0.871 1.000
  17 0.000 0.000 0.000 0.000 0.000 0.001 0.002 0.005 0.010 0.022 0.047 0.094 0.185 0.350 0.592 0.872 1.000
  18 0.000 0.000 0.000 0.000 0.000 0.000 0.001 0.002 0.004 0.009 0.019 0.040 0.082 0.167 0.318 0.570 0.852 1.000
  19 0.000 0.000 0.000 0.000 0.000 0.000 0.000 0.001 0.001 0.003 0.006 0.012 0.026 0.055 0.114 0.237 0.448 0.755 1.000
  20 0.000 0.000 0.000 0.000 0.000 0.000 0.000 0.000 0.000 0.001 0.002 0.004 0.009 0.020 0.043 0.095 0.200 0.407 0.810 1.000
  21 0.000 0.000 0.000 0.000 0.000 0.000 0.000 0.000 0.000 0.000 0.001 0.001 0.003 0.007 0.015 0.033 0.074 0.167 0.437 0.789 1.000
 D       1     2     3     4     5     6     7     8     9    10    11    12    13    14    15
   1 1.000
   2 0.554 1.000
   3 0.183 0.690 1.000
   4 0.055 0.304 0.758 1.000
   5 0.017 0.113 0.391 0.798 1.000
   6 0.005 0.040 0.166 0.452 0.824 1.000
   7 0.002 0.014 0.064 0.208 0.494 0.838 1.000
   8 0.001 0.005 0.024 0.086 0.241 0.523 0.849 1.000
   9 0.000 0.002 0.009 0.032 0.101 0.259 0.535 0.849 1.000
  10 0.000 0.001 0.003 0.011 0.038 0.107 0.261 0.526 0.841 1.000
  11 0.000 0.000 0.001 0.004 0.013 0.040 0.107 0.254 0.514 0.839 1.000
  12 0.000 0.000 0.000 0.001 0.004 0.013 0.037 0.098 0.234 0.492 0.821 1.000
  13 0.000 0.000 0.000 0.000 0.001 0.004 0.012 0.032 0.084 0.210 0.455 0.804 1.000
  14 0.000 0.000 0.000 0.000 0.000 0.001 0.003 0.009 0.025 0.069 0.178 0.416 0.781 1.000
  15 0.000 0.000 0.000 0.000 0.000 0.000 0.001 0.002 0.006 0.017 0.048 0.135 0.348 0.725 1.000
 F       1     2     3     4     5     6     7     8     9    10
   1 1.000
   2 0.559 1.000
   3 0.177 0.686 1.000
   4 0.048 0.289 0.749 1.000
   5 0.012 0.096 0.362 0.780 1.000
   6 0.003 0.028 0.134 0.405 0.797 1.000
   7 0.001 0.007 0.041 0.155 0.423 0.799 1.000
   8 0.000 0.002 0.011 0.048 0.162 0.419 0.794 1.000
   9 0.000 0.000 0.003 0.012 0.046 0.149 0.393 0.771 1.000
  10 0.000 0.000 0.000 0.002 0.009 0.035 0.116 0.326 0.714 1.000
------------------------------------------------------------------------------------------------------      POLONIUM   [XE]4F(14)6S(2)5D(10)6P(4), 3P                                       

      CHARGE = 84.000000

      SYMMETRY SPECIES               S     P     D     F 
      NUMBER OF BASIS FUNCTIONS     25    21    15    10
      NUMBER OF CLOSED SHELLS        6     4     3     1
      NUMBER OF OPEN SHELLS          0     1     0     0
      OPEN SHELL OCCUPATION NUMBER   0     4     0     0

      OPEN-SHELL ENERGY COEFFICIENTS
      J(  1,  1,  0) =  0.00000000     K(  1,  1,  0) = -0.16666667
      J(  1,  1,  2) =  0.00000000     K(  1,  1,  2) = -0.01666667
 
  *** FINAL SCF RESULTS ***
   E =-20676.499961829
   T = 20676.499872650     V =-41352.999834479     V/T =    -2.000000004
 
  ORBITAL ENERGIES AND EXPANSION COEFFICIENTS
        S                    1S             2S             3S             4S             5S             6S 
  BASIS/ORB.ENERGY    -3075.9131642   -527.3196664   -129.6666356    -31.0023550     -5.9618659     -0.6580863
  1S   2.1721408D+08      0.0000012     -0.0000004      0.0000002     -0.0000001      0.0000000      0.0000000
  1S   3.2514715D+07      0.0000096     -0.0000032      0.0000015     -0.0000008      0.0000003     -0.0000001
  1S   7.4001772D+06      0.0000503     -0.0000168      0.0000080     -0.0000040      0.0000018     -0.0000006
  1S   2.0962695D+06      0.0002124     -0.0000710      0.0000339     -0.0000171      0.0000078     -0.0000027
  1S   6.8382339D+05      0.0007747     -0.0002592      0.0001237     -0.0000625      0.0000284     -0.0000097
  1S   2.4673143D+05      0.0025329     -0.0008485      0.0004052     -0.0002050      0.0000928     -0.0000319
  1S   9.6113741D+04      0.0075736     -0.0025529      0.0012202     -0.0006162      0.0002799     -0.0000961
  1S   3.9786998D+04      0.0208862     -0.0071212      0.0034096     -0.0017267      0.0007812     -0.0002683
  1S   1.7309849D+04      0.0527996     -0.0185196      0.0089066     -0.0045032      0.0020475     -0.0007033
  1S   7.8506391D+03      0.1193861     -0.0442765      0.0214811     -0.0109192      0.0049400     -0.0016969
  1S   3.6880340D+03      0.2277544     -0.0949084      0.0469131     -0.0238627      0.0108819     -0.0037390
  1S   1.7854340D+03      0.3265939     -0.1686891      0.0864618     -0.0446115      0.0202052     -0.0069449
  1S   8.8582878D+02      0.2824749     -0.2064392      0.1131616     -0.0588713      0.0271855     -0.0093539
  1S   4.4587115D+02      0.0995493     -0.0317796      0.0182157     -0.0106243      0.0042621     -0.0014650
  1S   2.2668053D+02      0.0056123      0.4213159     -0.3446924      0.2013052     -0.0928590      0.0320934
  1S   1.1762426D+02      0.0010666      0.5622162     -0.6574876      0.4151491     -0.2032427      0.0706831
  1S   6.0867457D+01     -0.0007776      0.1859372     -0.0721720      0.0585852     -0.0208264      0.0071088
  1S   3.3864270D+01      0.0004795      0.0032105      0.8313707     -0.9701573      0.5226348     -0.1864133
  1S   1.8187211D+01     -0.0002773      0.0030542      0.5060175     -0.6407486      0.4069114     -0.1495562
  1S   8.8000422D+00      0.0001505     -0.0014589      0.0527319      0.8589081     -0.7675257      0.3029675
  1S   4.6744095D+00     -0.0000716      0.0005509     -0.0026696      0.7161620     -0.9160972      0.3939617
  1S   1.9009400D+00      0.0000262     -0.0001818      0.0006292      0.0573483      0.8272643     -0.4866336
  1S   9.2001137D-01     -0.0000109      0.0000810     -0.0003787     -0.0051888      0.7359980     -0.6038304
  1S   2.3149017D-01      0.0000026     -0.0000187      0.0000749      0.0010999      0.0275432      0.7804832
  1S   9.1847216D-02     -0.0000010      0.0000068     -0.0000254     -0.0004203     -0.0051456      0.5264329
        P                    2P             3P             4P             5P             6P 
  BASIS/ORB.ENERGY     -507.6463812   -120.2364480    -26.7597294     -4.3999488     -0.3413338
  2P   3.5929680D+05      0.0000158     -0.0000080      0.0000040     -0.0000017      0.0000005
  2P   8.5001435D+04      0.0001415     -0.0000718      0.0000361     -0.0000156      0.0000046
  2P   2.7595046D+04      0.0008296     -0.0004218      0.0002124     -0.0000918      0.0000269
  2P   1.0557009D+04      0.0037954     -0.0019391      0.0009762     -0.0004221      0.0001240
  2P   4.4861547D+03      0.0143873     -0.0074345      0.0037571     -0.0016249      0.0004758
  2P   2.0532470D+03      0.0458997     -0.0242445      0.0123032     -0.0053306      0.0015664
  2P   9.9366373D+02      0.1206705     -0.0663880      0.0340668     -0.0147855      0.0043316
  2P   5.0156213D+02      0.2465208     -0.1441071      0.0750005     -0.0326958      0.0096234
  2P   2.6138255D+02      0.3504214     -0.2190734      0.1164909     -0.0509614      0.0149231
  2P   1.3926296D+02      0.2847215     -0.1353263      0.0637109     -0.0271440      0.0080633
  2P   7.4788260D+01      0.0979555      0.2293345     -0.1853763      0.0891776     -0.0269003
  2P   4.1087505D+01      0.0074477      0.5368165     -0.4633662      0.2266387     -0.0672727
  2P   2.2542065D+01      0.0009346      0.3332985     -0.1724977      0.0657463     -0.0198195
  2P   1.1989643D+01     -0.0005770      0.0591674      0.5055705     -0.3474664      0.1121927
  2P   6.4463204D+00      0.0002368      0.0012470      0.5899923     -0.4809760      0.1539053
  2P   3.3154282D+00     -0.0001440      0.0005146      0.1479950      0.1661888     -0.0737249
  2P   1.7099139D+00      0.0000828     -0.0003109      0.0036383      0.6771382     -0.2976312
  2P   8.4116364D-01     -0.0000311      0.0000547      0.0018577      0.3781041     -0.1718948
  2P   3.3129862D-01      0.0000125     -0.0000291     -0.0004756      0.0341502      0.3546685
  2P   1.4248605D-01     -0.0000057      0.0000137      0.0001832     -0.0020090      0.5877151
  2P   5.7910901D-02      0.0000016     -0.0000035     -0.0000607      0.0009231      0.2508592
        D                    3D             4D             5D 
  BASIS/ORB.ENERGY     -102.8623123    -18.9611551     -1.7551046
  3D   1.0310283D+04      0.0001218     -0.0000645      0.0000243
  3D   3.1248993D+03      0.0012231     -0.0006476      0.0002425
  3D   1.2237916D+03      0.0074731     -0.0039963      0.0015073
  3D   5.4725551D+02      0.0324314     -0.0174990      0.0065838
  3D   2.6501122D+02      0.1030699     -0.0569052      0.0215976
  3D   1.3536497D+02      0.2353199     -0.1319415      0.0499940
  3D   7.1368677D+01      0.3602312     -0.1965418      0.0746487
  3D   3.8525635D+01      0.3183737     -0.1062884      0.0321015
  3D   2.0815972D+01      0.1310612      0.2170000     -0.1109835
  3D   1.1055259D+01      0.0184959      0.4793194     -0.2339466
  3D   5.8565735D+00      0.0009201      0.3581785     -0.1254649
  3D   2.9947135D+00      0.0000590      0.0908542      0.2641674
  3D   1.4793601D+00      0.0000101      0.0043068      0.5065980
  3D   6.9853869D-01     -0.0000076      0.0004687      0.3493009
  3D   2.9390625D-01      0.0000029     -0.0001468      0.0790227
        F                    4F 
  BASIS/ORB.ENERGY       -8.2804596
  4F   1.1046602D+03      0.0002920
  4F   3.9126027D+02      0.0029490
  4F   1.7070327D+02      0.0166539
  4F   8.2889239D+01      0.0607601
  4F   4.2451708D+01      0.1555309
  4F   2.2455831D+01      0.2768118
  4F   1.1916585D+01      0.3442979
  4F   6.2705163D+00      0.2878012
  4F   3.1755792D+00      0.1368208
  4F   1.4646186D+00      0.0255397
 
 *** Overlap Matrix ***
 S       1     2     3     4     5     6     7     8     9    10    11    12    13    14    15    16    17    18    19    20    21    22    23    24    25
   1 1.000
   2 0.552 1.000
   3 0.213 0.685 1.000
   4 0.086 0.330 0.755 1.000
   5 0.037 0.151 0.415 0.799 1.000
   6 0.017 0.072 0.210 0.481 0.829 1.000
   7 0.009 0.036 0.107 0.262 0.533 0.851 1.000
   8 0.004 0.018 0.056 0.141 0.308 0.575 0.868 1.000
   9 0.002 0.010 0.030 0.077 0.173 0.348 0.610 0.881 1.000
  10 0.001 0.005 0.017 0.043 0.098 0.203 0.384 0.639 0.892 1.000
  11 0.001 0.003 0.009 0.024 0.056 0.118 0.232 0.416 0.664 0.901 1.000
  12 0.000 0.002 0.005 0.014 0.033 0.069 0.138 0.258 0.444 0.685 0.908 1.000
  13 0.000 0.001 0.003 0.008 0.019 0.041 0.083 0.158 0.282 0.469 0.703 0.914 1.000
  14 0.000 0.001 0.002 0.005 0.012 0.025 0.050 0.096 0.175 0.303 0.489 0.715 0.917 1.000
  15 0.000 0.000 0.001 0.003 0.007 0.015 0.030 0.058 0.107 0.190 0.319 0.503 0.723 0.919 1.000
  16 0.000 0.000 0.001 0.002 0.004 0.009 0.018 0.036 0.066 0.118 0.204 0.334 0.516 0.733 0.924 1.000
  17 0.000 0.000 0.000 0.001 0.003 0.006 0.011 0.022 0.041 0.073 0.127 0.213 0.344 0.524 0.738 0.923 1.000
  18 0.000 0.000 0.000 0.001 0.002 0.004 0.007 0.014 0.026 0.047 0.083 0.141 0.231 0.367 0.552 0.761 0.938 1.000
  19 0.000 0.000 0.000 0.000 0.001 0.002 0.005 0.009 0.016 0.030 0.052 0.089 0.149 0.242 0.380 0.562 0.772 0.931 1.000
  20 0.000 0.000 0.000 0.000 0.001 0.001 0.003 0.005 0.010 0.017 0.030 0.052 0.088 0.145 0.234 0.363 0.542 0.728 0.908 1.000
  21 0.000 0.000 0.000 0.000 0.000 0.001 0.002 0.003 0.006 0.011 0.019 0.033 0.055 0.091 0.149 0.237 0.369 0.528 0.724 0.929 1.000
  22 0.000 0.000 0.000 0.000 0.000 0.000 0.001 0.002 0.003 0.005 0.010 0.017 0.028 0.047 0.077 0.125 0.201 0.301 0.448 0.668 0.863 1.000
  23 0.000 0.000 0.000 0.000 0.000 0.000 0.000 0.001 0.002 0.003 0.006 0.010 0.016 0.027 0.045 0.074 0.119 0.182 0.280 0.448 0.638 0.908 1.000
  24 0.000 0.000 0.000 0.000 0.000 0.000 0.000 0.000 0.001 0.001 0.002 0.003 0.006 0.010 0.016 0.026 0.043 0.067 0.105 0.178 0.276 0.491 0.718 1.000
  25 0.000 0.000 0.000 0.000 0.000 0.000 0.000 0.000 0.000 0.001 0.001 0.002 0.003 0.005 0.008 0.013 0.022 0.033 0.053 0.091 0.144 0.272 0.436 0.857 1.000
 P       1     2     3     4     5     6     7     8     9    10    11    12    13    14    15    16    17    18    19    20    21
   1 1.000
   2 0.549 1.000
   3 0.190 0.686 1.000
   4 0.064 0.311 0.757 1.000
   5 0.023 0.126 0.401 0.801 1.000
   6 0.009 0.051 0.184 0.469 0.830 1.000
   7 0.004 0.021 0.081 0.236 0.521 0.851 1.000
   8 0.002 0.009 0.036 0.112 0.281 0.563 0.866 1.000
   9 0.001 0.004 0.016 0.052 0.141 0.319 0.594 0.878 1.000
  10 0.000 0.002 0.008 0.024 0.068 0.166 0.349 0.618 0.885 1.000
  11 0.000 0.001 0.003 0.011 0.033 0.082 0.186 0.370 0.631 0.888 1.000
  12 0.000 0.000 0.002 0.005 0.016 0.041 0.095 0.204 0.389 0.644 0.895 1.000
  13 0.000 0.000 0.001 0.003 0.007 0.020 0.047 0.105 0.215 0.399 0.654 0.895 1.000
  14 0.000 0.000 0.000 0.001 0.003 0.009 0.022 0.050 0.107 0.215 0.396 0.640 0.885 1.000
  15 0.000 0.000 0.000 0.001 0.002 0.004 0.010 0.024 0.052 0.108 0.215 0.388 0.631 0.888 1.000
  16 0.000 0.000 0.000 0.000 0.001 0.002 0.004 0.010 0.023 0.050 0.103 0.200 0.366 0.616 0.873 1.000
  17 0.000 0.000 0.000 0.000 0.000 0.001 0.002 0.005 0.010 0.022 0.048 0.096 0.188 0.355 0.598 0.874 1.000
  18 0.000 0.000 0.000 0.000 0.000 0.000 0.001 0.002 0.004 0.009 0.020 0.042 0.085 0.172 0.326 0.579 0.857 1.000
  19 0.000 0.000 0.000 0.000 0.000 0.000 0.000 0.001 0.001 0.003 0.006 0.013 0.028 0.060 0.122 0.250 0.467 0.769 1.000
  20 0.000 0.000 0.000 0.000 0.000 0.000 0.000 0.000 0.000 0.001 0.002 0.005 0.010 0.022 0.046 0.100 0.207 0.416 0.806 1.000
  21 0.000 0.000 0.000 0.000 0.000 0.000 0.000 0.000 0.000 0.000 0.001 0.002 0.003 0.007 0.015 0.034 0.076 0.169 0.427 0.783 1.000
 D       1     2     3     4     5     6     7     8     9    10    11    12    13    14    15
   1 1.000
   2 0.555 1.000
   3 0.183 0.690 1.000
   4 0.055 0.305 0.759 1.000
   5 0.017 0.113 0.392 0.798 1.000
   6 0.006 0.040 0.166 0.453 0.824 1.000
   7 0.002 0.014 0.064 0.208 0.494 0.838 1.000
   8 0.001 0.005 0.024 0.086 0.241 0.522 0.849 1.000
   9 0.000 0.002 0.009 0.033 0.101 0.259 0.535 0.849 1.000
  10 0.000 0.001 0.003 0.011 0.038 0.107 0.261 0.526 0.842 1.000
  11 0.000 0.000 0.001 0.004 0.013 0.040 0.108 0.255 0.516 0.841 1.000
  12 0.000 0.000 0.000 0.001 0.004 0.013 0.038 0.100 0.238 0.497 0.824 1.000
  13 0.000 0.000 0.000 0.000 0.001 0.004 0.012 0.033 0.087 0.216 0.463 0.808 1.000
  14 0.000 0.000 0.000 0.000 0.000 0.001 0.003 0.010 0.027 0.073 0.185 0.425 0.786 1.000
  15 0.000 0.000 0.000 0.000 0.000 0.000 0.001 0.002 0.006 0.018 0.051 0.140 0.355 0.727 1.000
 F       1     2     3     4     5     6     7     8     9    10
   1 1.000
   2 0.560 1.000
   3 0.177 0.686 1.000
   4 0.048 0.290 0.750 1.000
   5 0.012 0.096 0.364 0.781 1.000
   6 0.003 0.028 0.135 0.407 0.799 1.000
   7 0.001 0.008 0.042 0.157 0.426 0.801 1.000
   8 0.000 0.002 0.011 0.049 0.165 0.423 0.796 1.000
   9 0.000 0.000 0.003 0.012 0.048 0.153 0.399 0.775 1.000
  10 0.000 0.000 0.000 0.002 0.010 0.037 0.120 0.334 0.720 1.000
------------------------------------------------------------------------------------------------------      ASTATINE   [XE]4F(14)6S(2)5D(10)6P(5), 2P                                       

      CHARGE = 85.000000

      SYMMETRY SPECIES               S     P     D     F 
      NUMBER OF BASIS FUNCTIONS     25    21    15    10
      NUMBER OF CLOSED SHELLS        6     4     3     1
      NUMBER OF OPEN SHELLS          0     1     0     0
      OPEN SHELL OCCUPATION NUMBER   0     5     0     0

      OPEN-SHELL ENERGY COEFFICIENTS
      J(  1,  1,  0) =  0.00000000     K(  1,  1,  0) = -0.06666667
      J(  1,  1,  2) =  0.00000000     K(  1,  1,  2) =  0.00533333
 
  *** FINAL SCF RESULTS ***
   E =-21266.880773402
   T = 21266.881336290     V =-42533.762109692     V/T =    -1.999999974
 
  ORBITAL ENERGIES AND EXPANSION COEFFICIENTS
        S                    1S             2S             3S             4S             5S             6S 
  BASIS/ORB.ENERGY    -3152.6329519   -542.0098981   -134.0054149    -32.4465699     -6.4308290     -0.7652041
  1S   2.2211989d+08      0.0000012     -0.0000004      0.0000002     -0.0000001      0.0000000      0.0000000
  1S   3.3266411d+07      0.0000096     -0.0000032      0.0000015     -0.0000008      0.0000004     -0.0000001
  1S   7.5734655d+06      0.0000503     -0.0000168      0.0000080     -0.0000041      0.0000019     -0.0000007
  1S   2.1463608d+06      0.0002124     -0.0000710      0.0000339     -0.0000172      0.0000079     -0.0000028
  1S   7.0040855d+05      0.0007743     -0.0002592      0.0001239     -0.0000628      0.0000289     -0.0000103
  1S   2.5276363d+05      0.0025313     -0.0008485      0.0004057     -0.0002059      0.0000944     -0.0000337
  1S   9.8462673d+04      0.0075708     -0.0025534      0.0012220     -0.0006192      0.0002850     -0.0001017
  1S   4.0750239d+04      0.0208883     -0.0071261      0.0034163     -0.0017358      0.0007957     -0.0002840
  1S   1.7724044d+04      0.0528212     -0.0185379      0.0089269     -0.0045289      0.0020863     -0.0007442
  1S   8.0371554d+03      0.1194342     -0.0443237      0.0215324     -0.0109817      0.0050339     -0.0017969
  1S   3.7755782d+03      0.2278123     -0.0949996      0.0470215     -0.0240016      0.0110891     -0.0039569
  1S   1.8278875d+03      0.3266160     -0.1688494      0.0866700     -0.0448692      0.0205924     -0.0073572
  1S   9.0697035d+02      0.2824028     -0.2065392      0.1133956     -0.0592164      0.0277053     -0.0098946
  1S   4.5657863d+02      0.0994705     -0.0317076      0.0181919     -0.0106233      0.0043210     -0.0015656
  1S   2.3238976d+02      0.0055876      0.4208541     -0.3450580      0.2022666     -0.0945864      0.0340240
  1S   1.2070788d+02      0.0010836      0.5619626     -0.6582979      0.4176279     -0.2073149      0.0748267
  1S   6.2563192d+01     -0.0007916      0.1865790     -0.0741214      0.0598218     -0.0216836      0.0079671
  1S   3.4861972d+01      0.0004913      0.0033721      0.8298462     -0.9724761      0.5318450     -0.1979165
  1S   1.8750644d+01     -0.0002857      0.0030648      0.5088297     -0.6496040      0.4198847     -0.1600359
  1S   9.1044520d+00      0.0001573     -0.0014838      0.0537220      0.8590321     -0.7836158      0.3217804
  1S   4.8597685d+00     -0.0000764      0.0005727     -0.0028242      0.7195866     -0.9398914      0.4257013
  1S   2.0106474d+00      0.0000288     -0.0001942      0.0006682      0.0599170      0.8289215     -0.5164508
  1S   9.8885341d-01     -0.0000122      0.0000877     -0.0004049     -0.0053582      0.7506410     -0.6462270
  1S   2.6152702d-01      0.0000029     -0.0000205      0.0000831      0.0010962      0.0294350      0.8050534
  1S   1.0450789d-01     -0.0000010      0.0000072     -0.0000264     -0.0004204     -0.0049759      0.5284303
        P                    2P             3P             4P             5P             6P 
  BASIS/ORB.ENERGY     -522.0554763   -124.4154018    -28.1106908     -4.8096807     -0.3797296
  2P   3.6756248d+05      0.0000159     -0.0000080      0.0000041     -0.0000018      0.0000006
  2P   8.6881373d+04      0.0001422     -0.0000722      0.0000364     -0.0000160      0.0000050
  2P   2.8179279d+04      0.0008350     -0.0004252      0.0002149     -0.0000944      0.0000293
  2P   1.0779465d+04      0.0038156     -0.0019527      0.0009870     -0.0004338      0.0001351
  2P   4.5850148d+03      0.0144291     -0.0074684      0.0037892     -0.0016659      0.0005170
  2P   2.1004245d+03      0.0459882     -0.0243341      0.0123996     -0.0054608      0.0017010
  2P   1.0168779d+03      0.1208845     -0.0666258      0.0343278     -0.0151462      0.0047023
  2P   5.1350195d+02      0.2466008     -0.1444499      0.0755035     -0.0334606      0.0104408
  2P   2.6792446d+02      0.3496744     -0.2190055      0.1169405     -0.0520175      0.0161404
  2P   1.4305403d+02      0.2840189     -0.1355872      0.0641886     -0.0277893      0.0087616
  2P   7.7091665d+01      0.0984862      0.2258724     -0.1838991      0.0900640     -0.0288615
  2P   4.2490273d+01      0.0078073      0.5340454     -0.4631571      0.2307257     -0.0726104
  2P   2.3390197d+01      0.0009059      0.3370270     -0.1810773      0.0715461     -0.0229883
  2P   1.2494848d+01     -0.0005601      0.0616693      0.4966446     -0.3488573      0.1202390
  2P   6.7590493d+00      0.0002293      0.0013015      0.5946814     -0.4965207      0.1689976
  2P   3.5091248d+00     -0.0001418      0.0005656      0.1549620      0.1557907     -0.0746847
  2P   1.8226671d+00      0.0000832     -0.0003450      0.0045905      0.6847412     -0.3270350
  2P   9.0990088d-01     -0.0000318      0.0000671      0.0018442      0.3804058     -0.1827846
  2P   3.7114811d-01      0.0000128     -0.0000333     -0.0004842      0.0354697      0.3798678
  2P   1.6008196d-01     -0.0000057      0.0000158      0.0001588     -0.0009979      0.5862015
  2P   6.5096193d-02      0.0000016     -0.0000036     -0.0000611      0.0010303      0.2395596
        D                    3D             4D             5D 
  BASIS/ORB.ENERGY     -106.7437633    -20.1319716     -2.0377315
  3D   1.0643712d+04      0.0001202     -0.0000641      0.0000249
  3D   3.2255336d+03      0.0012085     -0.0006437      0.0002485
  3D   1.2632778d+03      0.0073876     -0.0039738      0.0015443
  3D   5.6520359d+02      0.0320641     -0.0174062      0.0067492
  3D   2.7399426d+02      0.1019314     -0.0566096      0.0221411
  3D   1.4017825d+02      0.2330194     -0.1314922      0.0513597
  3D   7.4075768d+01      0.3580129     -0.1968022      0.0770474
  3D   4.0103952d+01      0.3195122     -0.1100751      0.0346619
  3D   2.1753450d+01      0.1343521      0.2098144     -0.1118036
  3D   1.1603926d+01      0.0197279      0.4769577     -0.2413542
  3D   6.1819481d+00      0.0009342      0.3628728     -0.1342463
  3D   3.1877086d+00      0.0000796      0.0947113      0.2651652
  3D   1.5903326d+00      0.0000003      0.0047917      0.5150808
  3D   7.5983821d-01     -0.0000037      0.0004262      0.3438895
  3D   3.2165810d-01      0.0000022     -0.0001519      0.0728551
        F                    4F 
  BASIS/ORB.ENERGY       -9.1798707
  4F   1.1651541d+03      0.0002771
  4F   4.1288701d+02      0.0028124
  4F   1.8019711d+02      0.0160062
  4F   8.7509780d+01      0.0591217
  4F   4.4824570d+01      0.1530490
  4F   2.3730227d+01      0.2753635
  4F   1.2620689d+01      0.3449863
  4F   6.6671702d+00      0.2893231
  4F   3.3970993d+00      0.1372338
  4F   1.5838307d+00      0.0251832
 
 *** Overlap Matrix ***
 S       1     2     3     4     5     6     7     8     9    10    11    12    13    14    15    16    17    18    19    20    21    22    23    24    25
   1 1.000
   2 0.552 1.000
   3 0.213 0.685 1.000
   4 0.086 0.330 0.756 1.000
   5 0.037 0.152 0.415 0.799 1.000
   6 0.017 0.072 0.210 0.481 0.830 1.000
   7 0.009 0.036 0.107 0.262 0.533 0.851 1.000
   8 0.004 0.018 0.056 0.141 0.308 0.575 0.868 1.000
   9 0.002 0.010 0.030 0.077 0.173 0.348 0.610 0.881 1.000
  10 0.001 0.005 0.017 0.043 0.097 0.203 0.384 0.639 0.892 1.000
  11 0.001 0.003 0.009 0.024 0.056 0.118 0.232 0.416 0.664 0.901 1.000
  12 0.000 0.002 0.005 0.014 0.033 0.069 0.138 0.258 0.444 0.685 0.908 1.000
  13 0.000 0.001 0.003 0.008 0.019 0.041 0.083 0.158 0.282 0.469 0.703 0.914 1.000
  14 0.000 0.001 0.002 0.005 0.012 0.025 0.050 0.096 0.175 0.303 0.489 0.715 0.917 1.000
  15 0.000 0.000 0.001 0.003 0.007 0.015 0.030 0.058 0.107 0.190 0.320 0.503 0.723 0.919 1.000
  16 0.000 0.000 0.001 0.002 0.004 0.009 0.018 0.036 0.066 0.119 0.204 0.335 0.517 0.733 0.924 1.000
  17 0.000 0.000 0.000 0.001 0.003 0.006 0.011 0.022 0.041 0.073 0.127 0.214 0.344 0.525 0.739 0.924 1.000
  18 0.000 0.000 0.000 0.001 0.002 0.004 0.007 0.014 0.026 0.047 0.083 0.141 0.232 0.368 0.553 0.762 0.939 1.000
  19 0.000 0.000 0.000 0.000 0.001 0.002 0.005 0.009 0.017 0.030 0.053 0.090 0.150 0.243 0.381 0.564 0.773 0.931 1.000
  20 0.000 0.000 0.000 0.000 0.001 0.001 0.003 0.005 0.010 0.017 0.031 0.053 0.088 0.146 0.235 0.365 0.544 0.730 0.909 1.000
  21 0.000 0.000 0.000 0.000 0.000 0.001 0.002 0.003 0.006 0.011 0.019 0.033 0.056 0.092 0.151 0.240 0.372 0.531 0.727 0.930 1.000
  22 0.000 0.000 0.000 0.000 0.000 0.000 0.001 0.002 0.003 0.006 0.010 0.017 0.029 0.048 0.079 0.128 0.205 0.306 0.455 0.675 0.868 1.000
  23 0.000 0.000 0.000 0.000 0.000 0.000 0.001 0.001 0.002 0.003 0.006 0.010 0.017 0.028 0.047 0.076 0.123 0.187 0.288 0.458 0.649 0.912 1.000
  24 0.000 0.000 0.000 0.000 0.000 0.000 0.000 0.000 0.001 0.001 0.002 0.004 0.006 0.010 0.017 0.028 0.046 0.071 0.112 0.189 0.292 0.510 0.734 1.000
  25 0.000 0.000 0.000 0.000 0.000 0.000 0.000 0.000 0.000 0.001 0.001 0.002 0.003 0.005 0.009 0.014 0.023 0.036 0.057 0.098 0.154 0.285 0.451 0.859 1.000
 P       1     2     3     4     5     6     7     8     9    10    11    12    13    14    15    16    17    18    19    20    21
   1 1.000
   2 0.549 1.000
   3 0.190 0.686 1.000
   4 0.064 0.311 0.757 1.000
   5 0.023 0.126 0.401 0.801 1.000
   6 0.009 0.051 0.184 0.469 0.830 1.000
   7 0.004 0.021 0.081 0.236 0.522 0.851 1.000
   8 0.002 0.009 0.036 0.112 0.281 0.563 0.867 1.000
   9 0.001 0.004 0.016 0.053 0.141 0.319 0.595 0.878 1.000
  10 0.000 0.002 0.008 0.025 0.069 0.167 0.351 0.619 0.886 1.000
  11 0.000 0.001 0.004 0.012 0.033 0.083 0.187 0.373 0.634 0.889 1.000
  12 0.000 0.000 0.002 0.006 0.016 0.041 0.096 0.206 0.392 0.647 0.896 1.000
  13 0.000 0.000 0.001 0.003 0.008 0.020 0.048 0.106 0.218 0.403 0.657 0.896 1.000
  14 0.000 0.000 0.000 0.001 0.003 0.009 0.022 0.051 0.109 0.218 0.400 0.643 0.886 1.000
  15 0.000 0.000 0.000 0.001 0.002 0.004 0.011 0.024 0.053 0.111 0.219 0.393 0.635 0.890 1.000
  16 0.000 0.000 0.000 0.000 0.001 0.002 0.005 0.011 0.024 0.052 0.106 0.205 0.372 0.623 0.876 1.000
  17 0.000 0.000 0.000 0.000 0.000 0.001 0.002 0.005 0.011 0.023 0.049 0.099 0.193 0.363 0.605 0.877 1.000
  18 0.000 0.000 0.000 0.000 0.000 0.000 0.001 0.002 0.005 0.010 0.021 0.044 0.089 0.180 0.336 0.588 0.863 1.000
  19 0.000 0.000 0.000 0.000 0.000 0.000 0.000 0.001 0.002 0.003 0.007 0.015 0.031 0.065 0.132 0.265 0.487 0.784 1.000
  20 0.000 0.000 0.000 0.000 0.000 0.000 0.000 0.000 0.001 0.001 0.002 0.005 0.011 0.024 0.050 0.107 0.219 0.430 0.807 1.000
  21 0.000 0.000 0.000 0.000 0.000 0.000 0.000 0.000 0.000 0.000 0.001 0.002 0.004 0.008 0.017 0.037 0.080 0.176 0.429 0.783 1.000
 D       1     2     3     4     5     6     7     8     9    10    11    12    13    14    15
   1 1.000
   2 0.554 1.000
   3 0.183 0.690 1.000
   4 0.055 0.305 0.759 1.000
   5 0.017 0.114 0.392 0.799 1.000
   6 0.006 0.040 0.167 0.454 0.825 1.000
   7 0.002 0.014 0.065 0.210 0.496 0.839 1.000
   8 0.001 0.005 0.024 0.087 0.243 0.525 0.850 1.000
   9 0.000 0.002 0.009 0.033 0.103 0.262 0.538 0.851 1.000
  10 0.000 0.001 0.003 0.012 0.039 0.109 0.265 0.531 0.844 1.000
  11 0.000 0.000 0.001 0.004 0.014 0.041 0.111 0.260 0.521 0.843 1.000
  12 0.000 0.000 0.000 0.001 0.004 0.014 0.040 0.103 0.243 0.504 0.828 1.000
  13 0.000 0.000 0.000 0.000 0.001 0.004 0.013 0.035 0.091 0.223 0.472 0.813 1.000
  14 0.000 0.000 0.000 0.000 0.000 0.001 0.004 0.010 0.028 0.077 0.192 0.435 0.792 1.000
  15 0.000 0.000 0.000 0.000 0.000 0.000 0.001 0.002 0.007 0.019 0.054 0.146 0.362 0.731 1.000
 F       1     2     3     4     5     6     7     8     9    10
   1 1.000
   2 0.560 1.000
   3 0.178 0.687 1.000
   4 0.048 0.290 0.750 1.000
   5 0.013 0.096 0.364 0.781 1.000
   6 0.003 0.028 0.135 0.408 0.799 1.000
   7 0.001 0.008 0.042 0.158 0.428 0.802 1.000
   8 0.000 0.002 0.012 0.050 0.167 0.427 0.798 1.000
   9 0.000 0.000 0.003 0.013 0.049 0.156 0.404 0.778 1.000
  10 0.000 0.000 0.001 0.003 0.010 0.038 0.125 0.342 0.726 1.000
------------------------------------------------------------------------------------------------------      RADON   [XE]4F(14)6S(2)5D(10)6P(6), 1S                                          

      CHARGE = 86.000000

      SYMMETRY SPECIES               S     P     D     F 
      NUMBER OF BASIS FUNCTIONS     25    21    15    10
      NUMBER OF CLOSED SHELLS        6     5     3     1
      NUMBER OF OPEN SHELLS          0     0     0     0
      OPEN SHELL OCCUPATION NUMBER   0     0     0     0
 
  *** FINAL SCF RESULTS ***
   E =-21866.771309801
   T = 21866.771547965     V =-43733.542857765     V/T =    -1.999999989
 
  ORBITAL ENERGIES AND EXPANSION COEFFICIENTS
        S                    1S             2S             3S             4S             5S             6S 
  BASIS/ORB.ENERGY    -3230.3125849   -556.9129142   -138.4216689    -33.9205476     -6.9056193     -0.8738198
  1S   2.3051489D+08      0.0000012     -0.0000004      0.0000002     -0.0000001      0.0000000      0.0000000
  1S   3.4505342D+07      0.0000094     -0.0000031      0.0000015     -0.0000008      0.0000004     -0.0000001
  1S   7.8492703D+06      0.0000495     -0.0000166      0.0000079     -0.0000040      0.0000019     -0.0000007
  1S   2.2227137D+06      0.0002095     -0.0000701      0.0000335     -0.0000171      0.0000079     -0.0000029
  1S   7.2461765D+05      0.0007649     -0.0002562      0.0001226     -0.0000623      0.0000290     -0.0000107
  1S   2.6124825D+05      0.0025036     -0.0008397      0.0004019     -0.0002047      0.0000951     -0.0000350
  1S   1.0168558D+05      0.0074955     -0.0025293      0.0012119     -0.0006162      0.0002871     -0.0001057
  1S   4.2056914D+04      0.0206996     -0.0070644      0.0033909     -0.0017286      0.0008024     -0.0002955
  1S   1.8281557D+04      0.0524067     -0.0183967      0.0088697     -0.0045149      0.0021058     -0.0007751
  1S   8.2852752D+03      0.1186703     -0.0440345      0.0214163     -0.0109583      0.0050866     -0.0018741
  1S   3.8906055D+03      0.2267564     -0.0944922      0.0468230     -0.0239802      0.0112175     -0.0041293
  1S   1.8834062D+03      0.3260307     -0.1682263      0.0864277     -0.0448893      0.0208630     -0.0076956
  1S   9.3485158D+02      0.2834661     -0.2067903      0.1136242     -0.0595369      0.0282008     -0.0103857
  1S   4.7122722D+02      0.1011457     -0.0350883      0.0202847     -0.0117826      0.0049359     -0.0018629
  1S   2.3970254D+02      0.0059906      0.4160936     -0.3407546      0.2003745     -0.0949142      0.0352879
  1S   1.2464254D+02      0.0010295      0.5633443     -0.6590790      0.4194565     -0.2108881      0.0784807
  1S   6.4812006D+01     -0.0007579      0.1907699     -0.0871989      0.0700097     -0.0273940      0.0106208
  1S   3.6096070D+01      0.0004690      0.0043519      0.8255667     -0.9682314      0.5369991     -0.2069707
  1S   1.9433780D+01     -0.0002761      0.0029685      0.5184616     -0.6704462      0.4396141     -0.1726617
  1S   9.4536455D+00      0.0001546     -0.0014604      0.0561314      0.8520855     -0.7909783      0.3354855
  1S   5.0681574D+00     -0.0000764      0.0005705     -0.0031124      0.7299751     -0.9708858      0.4592956
  1S   2.1238587D+00      0.0000296     -0.0001975      0.0007458      0.0633569      0.8287647     -0.5425477
  1S   1.0603030D+00     -0.0000127      0.0000909     -0.0004465     -0.0057225      0.7657429     -0.6857558
  1S   2.9209068D-01      0.0000030     -0.0000215      0.0000950      0.0011174      0.0314995      0.8248112
  1S   1.1757566D-01     -0.0000011      0.0000072     -0.0000286     -0.0004327     -0.0048611      0.5327617
        P                    2P             3P             4P             5P             6P 
  BASIS/ORB.ENERGY     -536.6767762   -128.6713646    -29.4909937     -5.2250408     -0.4278738
  2P   3.7578428D+05      0.0000159     -0.0000081      0.0000041     -0.0000018      0.0000006
  2P   8.8958277D+04      0.0001421     -0.0000723      0.0000366     -0.0000164      0.0000053
  2P   2.8908362D+04      0.0008312     -0.0004240      0.0002151     -0.0000960      0.0000310
  2P   1.1075032D+04      0.0037919     -0.0019435      0.0009862     -0.0004406      0.0001428
  2P   4.7134661D+03      0.0143396     -0.0074336      0.0037864     -0.0016917      0.0005464
  2P   2.1602079D+03      0.0456850     -0.0242086      0.0123840     -0.0055432      0.0017975
  2P   1.0465554D+03      0.1200763     -0.0662735      0.0342818     -0.0153727      0.0049672
  2P   5.2882549D+02      0.2453983     -0.1439255      0.0755284     -0.0340231      0.0110528
  2P   2.7599463D+02      0.3493429     -0.2191716      0.1175156     -0.0531317      0.0171585
  2P   1.4736049D+02      0.2853908     -0.1374394      0.0655613     -0.0288814      0.0094845
  2P   7.9393219D+01      0.0996217      0.2237836     -0.1835145      0.0915488     -0.0305992
  2P   4.3783755D+01      0.0079110      0.5338840     -0.4653886      0.2359541     -0.0773519
  2P   2.4122425D+01      0.0009508      0.3386801     -0.1843826      0.0746208     -0.0250458
  2P   1.2908350D+01     -0.0005921      0.0624475      0.4965103     -0.3572362      0.1290924
  2P   7.0122608D+00      0.0002528      0.0012648      0.5950659     -0.5085022      0.1808941
  2P   3.6610688D+00     -0.0001568      0.0005836      0.1563645      0.1612104     -0.0810963
  2P   1.9135473D+00      0.0000935     -0.0003659      0.0048221      0.6944261     -0.3546614
  2P   9.6853568D-01     -0.0000374      0.0000778      0.0018320      0.3723005     -0.1849915
  2P   4.0893305D-01      0.0000151     -0.0000376     -0.0004882      0.0342598      0.4050056
  2P   1.7778664D-01     -0.0000064      0.0000159      0.0001735     -0.0013192      0.5842268
  2P   7.2969633D-02      0.0000018     -0.0000043     -0.0000516      0.0005301      0.2262925
        D                    3D             4D             5D 
  BASIS/ORB.ENERGY     -110.7011503    -21.3311266     -2.3261446
  3D   1.0860405D+04      0.0001217     -0.0000652      0.0000260
  3D   3.2919901D+03      0.0012223     -0.0006550      0.0002597
  3D   1.2897309D+03      0.0074657     -0.0040395      0.0016127
  3D   5.7728208D+02      0.0323529     -0.0176701      0.0070399
  3D   2.8009449D+02      0.1025495     -0.0573058      0.0230304
  3D   1.4351867D+02      0.2334658     -0.1325708      0.0532136
  3D   7.6004615D+01      0.3573562     -0.1975928      0.0794805
  3D   4.1255103D+01      0.3181779     -0.1098090      0.0352672
  3D   2.2448509D+01      0.1342606      0.2098008     -0.1155614
  3D   1.2021464D+01      0.0199457      0.4766474     -0.2493550
  3D   6.4390650D+00      0.0009222      0.3617335     -0.1371163
  3D   3.3476260D+00      0.0000824      0.0950693      0.2725559
  3D   1.6860935D+00     -0.0000034      0.0049704      0.5224182
  3D   8.1418748D-01     -0.0000021      0.0003610      0.3339176
  3D   3.4636553D-01      0.0000021     -0.0001523      0.0661410
        F                    4F 
  BASIS/ORB.ENERGY      -10.1074440
  4F   1.2136733D+03      0.0002711
  4F   4.3036536D+02      0.0027567
  4F   1.8808457D+02      0.0157010
  4F   9.1548981D+01      0.0581031
  4F   4.7050238D+01      0.1507150
  4F   2.5009244D+01      0.2727921
  4F   1.3362329D+01      0.3444643
  4F   7.0957955D+00      0.2909471
  4F   3.6393148D+00      0.1385340
  4F   1.7143822D+00      0.0252450
 
 *** Overlap Matrix ***
 S       1     2     3     4     5     6     7     8     9    10    11    12    13    14    15    16    17    18    19    20    21    22    23    24    25
   1 1.000
   2 0.552 1.000
   3 0.213 0.685 1.000
   4 0.086 0.329 0.755 1.000
   5 0.037 0.151 0.415 0.799 1.000
   6 0.017 0.072 0.210 0.481 0.829 1.000
   7 0.009 0.036 0.107 0.262 0.533 0.851 1.000
   8 0.004 0.018 0.056 0.140 0.307 0.575 0.868 1.000
   9 0.002 0.010 0.030 0.076 0.172 0.348 0.609 0.881 1.000
  10 0.001 0.005 0.017 0.042 0.097 0.203 0.384 0.639 0.892 1.000
  11 0.001 0.003 0.009 0.024 0.056 0.118 0.231 0.415 0.664 0.901 1.000
  12 0.000 0.002 0.005 0.014 0.032 0.069 0.138 0.258 0.444 0.685 0.908 1.000
  13 0.000 0.001 0.003 0.008 0.019 0.041 0.083 0.158 0.282 0.469 0.703 0.914 1.000
  14 0.000 0.001 0.002 0.005 0.012 0.025 0.050 0.096 0.175 0.303 0.489 0.716 0.917 1.000
  15 0.000 0.000 0.001 0.003 0.007 0.015 0.030 0.058 0.107 0.190 0.320 0.504 0.724 0.919 1.000
  16 0.000 0.000 0.001 0.002 0.004 0.009 0.018 0.036 0.066 0.119 0.204 0.335 0.517 0.734 0.924 1.000
  17 0.000 0.000 0.000 0.001 0.003 0.006 0.011 0.022 0.041 0.074 0.128 0.215 0.346 0.527 0.741 0.924 1.000
  18 0.000 0.000 0.000 0.001 0.002 0.004 0.007 0.014 0.026 0.048 0.083 0.142 0.233 0.369 0.554 0.762 0.939 1.000
  19 0.000 0.000 0.000 0.000 0.001 0.002 0.005 0.009 0.017 0.030 0.053 0.090 0.150 0.244 0.382 0.565 0.773 0.932 1.000
  20 0.000 0.000 0.000 0.000 0.001 0.001 0.003 0.005 0.010 0.018 0.031 0.053 0.089 0.146 0.236 0.366 0.544 0.730 0.909 1.000
  21 0.000 0.000 0.000 0.000 0.000 0.001 0.002 0.003 0.006 0.011 0.019 0.033 0.056 0.093 0.152 0.241 0.374 0.533 0.729 0.931 1.000
  22 0.000 0.000 0.000 0.000 0.000 0.000 0.001 0.002 0.003 0.006 0.010 0.017 0.029 0.049 0.081 0.130 0.208 0.310 0.460 0.681 0.871 1.000
  23 0.000 0.000 0.000 0.000 0.000 0.000 0.001 0.001 0.002 0.003 0.006 0.010 0.017 0.029 0.048 0.078 0.126 0.192 0.295 0.467 0.658 0.915 1.000
  24 0.000 0.000 0.000 0.000 0.000 0.000 0.000 0.000 0.001 0.001 0.002 0.004 0.007 0.011 0.018 0.030 0.049 0.075 0.119 0.199 0.306 0.526 0.747 1.000
  25 0.000 0.000 0.000 0.000 0.000 0.000 0.000 0.000 0.000 0.001 0.001 0.002 0.003 0.006 0.009 0.015 0.025 0.038 0.061 0.103 0.162 0.298 0.464 0.861 1.000
 P       1     2     3     4     5     6     7     8     9    10    11    12    13    14    15    16    17    18    19    20    21
   1 1.000
   2 0.549 1.000
   3 0.190 0.687 1.000
   4 0.064 0.312 0.758 1.000
   5 0.023 0.126 0.402 0.801 1.000
   6 0.009 0.051 0.185 0.470 0.831 1.000
   7 0.004 0.021 0.082 0.236 0.522 0.852 1.000
   8 0.002 0.009 0.036 0.112 0.282 0.563 0.867 1.000
   9 0.001 0.004 0.016 0.053 0.141 0.320 0.595 0.878 1.000
  10 0.000 0.002 0.008 0.025 0.069 0.167 0.351 0.619 0.886 1.000
  11 0.000 0.001 0.004 0.012 0.033 0.083 0.188 0.373 0.633 0.889 1.000
  12 0.000 0.000 0.002 0.006 0.016 0.041 0.097 0.206 0.392 0.648 0.897 1.000
  13 0.000 0.000 0.001 0.003 0.008 0.020 0.048 0.107 0.218 0.403 0.657 0.896 1.000
  14 0.000 0.000 0.000 0.001 0.004 0.009 0.023 0.051 0.110 0.219 0.401 0.644 0.887 1.000
  15 0.000 0.000 0.000 0.001 0.002 0.004 0.011 0.025 0.054 0.112 0.220 0.395 0.638 0.892 1.000
  16 0.000 0.000 0.000 0.000 0.001 0.002 0.005 0.011 0.025 0.052 0.108 0.208 0.376 0.627 0.878 1.000
  17 0.000 0.000 0.000 0.000 0.000 0.001 0.002 0.005 0.011 0.024 0.051 0.102 0.197 0.368 0.610 0.879 1.000
  18 0.000 0.000 0.000 0.000 0.000 0.000 0.001 0.002 0.005 0.010 0.022 0.046 0.092 0.185 0.345 0.597 0.867 1.000
  19 0.000 0.000 0.000 0.000 0.000 0.000 0.000 0.001 0.002 0.004 0.008 0.016 0.033 0.070 0.141 0.280 0.506 0.798 1.000
  20 0.000 0.000 0.000 0.000 0.000 0.000 0.000 0.000 0.001 0.001 0.003 0.006 0.012 0.026 0.054 0.115 0.232 0.446 0.810 1.000
  21 0.000 0.000 0.000 0.000 0.000 0.000 0.000 0.000 0.000 0.000 0.001 0.002 0.004 0.009 0.018 0.040 0.087 0.186 0.435 0.787 1.000
 D       1     2     3     4     5     6     7     8     9    10    11    12    13    14    15
   1 1.000
   2 0.555 1.000
   3 0.184 0.690 1.000
   4 0.056 0.305 0.759 1.000
   5 0.017 0.114 0.393 0.799 1.000
   6 0.006 0.041 0.168 0.455 0.825 1.000
   7 0.002 0.014 0.065 0.211 0.498 0.840 1.000
   8 0.001 0.005 0.025 0.088 0.245 0.527 0.851 1.000
   9 0.000 0.002 0.009 0.034 0.104 0.265 0.541 0.853 1.000
  10 0.000 0.001 0.003 0.012 0.040 0.111 0.268 0.534 0.845 1.000
  11 0.000 0.000 0.001 0.004 0.014 0.042 0.113 0.264 0.526 0.846 1.000
  12 0.000 0.000 0.000 0.001 0.005 0.015 0.041 0.106 0.249 0.511 0.832 1.000
  13 0.000 0.000 0.000 0.000 0.001 0.005 0.013 0.037 0.095 0.230 0.480 0.817 1.000
  14 0.000 0.000 0.000 0.000 0.000 0.001 0.004 0.011 0.030 0.081 0.200 0.445 0.797 1.000
  15 0.000 0.000 0.000 0.000 0.000 0.000 0.001 0.003 0.007 0.021 0.057 0.151 0.369 0.733 1.000
 F       1     2     3     4     5     6     7     8     9    10
   1 1.000
   2 0.560 1.000
   3 0.178 0.687 1.000
   4 0.049 0.292 0.752 1.000
   5 0.013 0.097 0.367 0.783 1.000
   6 0.003 0.029 0.138 0.412 0.802 1.000
   7 0.001 0.008 0.043 0.161 0.433 0.805 1.000
   8 0.000 0.002 0.012 0.051 0.170 0.432 0.801 1.000
   9 0.000 0.000 0.003 0.013 0.051 0.161 0.410 0.782 1.000
  10 0.000 0.000 0.001 0.003 0.011 0.040 0.129 0.350 0.732 1.000
------------------------------------------------------------------------------------------------------