--------------------------------------------------------------------------------------------------------      FRANCIUM   [RN]7S(1), 2S                                                        

      CHARGE = 87.000000

      SYMMETRY SPECIES               S     P     D     F 
      NUMBER OF BASIS FUNCTIONS     28    21    15    10
      NUMBER OF CLOSED SHELLS        6     5     3     1
      NUMBER OF OPEN SHELLS          1     0     0     0
      OPEN SHELL OCCUPATION NUMBER   1     0     0     0

      OPEN-SHELL ENERGY COEFFICIENTS
      J(  0,  0,  0) =  0.00000000     K(  0,  0,  0) = -1.00000000
 
  *** FINAL SCF RESULTS ***
   E =-22475.858019019
   T = 22475.858250849     V =-44951.716269867     V/T =    -1.999999990
 
  ORBITAL ENERGIES AND EXPANSION COEFFICIENTS
        S                    1S             2S             3S             4S             5S             6S             7S 
  BASIS/ORB.ENERGY    -3309.1446655   -572.2203117   -143.1064099    -35.6148743     -7.5756067     -1.1271555     -0.1178656
  1S   2.9747429D+08      0.0000009     -0.0000003      0.0000001     -0.0000001      0.0000000      0.0000000      0.0000000
  1S   4.4537945D+07      0.0000070     -0.0000024      0.0000011     -0.0000006      0.0000003     -0.0000001      0.0000000
  1S   1.0142504D+07      0.0000370     -0.0000124      0.0000059     -0.0000030      0.0000014     -0.0000006      0.0000001
  1S   2.8769392D+06      0.0001559     -0.0000522      0.0000250     -0.0000128      0.0000060     -0.0000023      0.0000005
  1S   9.4045646D+05      0.0005670     -0.0001899      0.0000910     -0.0000465      0.0000218     -0.0000085      0.0000020
  1S   3.4038712D+05      0.0018457     -0.0006189      0.0002965     -0.0001514      0.0000713     -0.0000277      0.0000065
  1S   1.3318769D+05      0.0054918     -0.0018506      0.0008880     -0.0004532      0.0002131     -0.0000829      0.0000195
  1S   5.5472394D+04      0.0150844     -0.0051270      0.0024608     -0.0012574      0.0005928     -0.0002303      0.0000538
  1S   2.4329529D+04      0.0381751     -0.0132610      0.0063945     -0.0032673      0.0015358     -0.0005979      0.0001405
  1S   1.1145133D+04      0.0876877     -0.0317625      0.0153948     -0.0078870      0.0037229     -0.0014457      0.0003376
  1S   5.2970082D+03      0.1756670     -0.0694676      0.0342049     -0.0175625      0.0082594     -0.0032180      0.0007575
  1S   2.5973798D+03      0.2836572     -0.1317757      0.0664868     -0.0344236      0.0163123     -0.0063326      0.0014758
  1S   1.3073398D+03      0.3165002     -0.1961843      0.1045047     -0.0546705      0.0257734     -0.0100698      0.0023812
  1S   6.6951444D+02      0.1878458     -0.1501781      0.0862915     -0.0464647      0.0224486     -0.0086760      0.0019883
  1S   3.3170848D+02      0.0349191      0.1817494     -0.1306693      0.0744608     -0.0367356      0.0141784     -0.0032126
  1S   1.7745268D+02     -0.0016398      0.5484473     -0.5385640      0.3278162     -0.1598233      0.0631951     -0.0150887
  1S   9.5197607D+01      0.0012189      0.4024043     -0.5044581      0.3501061     -0.1826454      0.0714811     -0.0162792
  1S   4.8480167D+01     -0.0008085      0.0696072      0.4625673     -0.4630287      0.2685627     -0.1066310      0.0239585
  1S   2.7073935D+01      0.0005288     -0.0046956      0.7845271     -1.0692858      0.6266016     -0.2609462      0.0638982
  1S   1.4323453D+01     -0.0003449      0.0025049      0.2176152      0.0002025      0.0250242     -0.0054557     -0.0030573
  1S   7.8914516D+00      0.0002300     -0.0016019      0.0022513      1.0452447     -1.1559648      0.5336473     -0.1206535
  1S   4.2496540D+00     -0.0001196      0.0007229      0.0035279      0.4068984     -0.5581625      0.2987878     -0.0840610
  1S   2.1199318D+00      0.0000530     -0.0002917     -0.0015157      0.0248329      0.9712347     -0.6920177      0.1921604
  1S   1.0762541D+00     -0.0000198      0.0001140      0.0003609      0.0009905      0.6686560     -0.6792456      0.1645497
  1S   3.4294488D-01      0.0000053     -0.0000304     -0.0000924     -0.0000586      0.0307364      0.8320249     -0.2405356
  1S   1.5110671D-01     -0.0000021      0.0000117      0.0000428     -0.0000640     -0.0046841      0.5754066     -0.4010545
  1S   2.2008875D-02      0.0000005     -0.0000029     -0.0000098      0.0000066      0.0009990      0.0113094      0.8809245
  1S   1.0014066D-02     -0.0000003      0.0000015      0.0000052     -0.0000033     -0.0005254     -0.0039039      0.2796456
        P                    2P             3P             4P             5P             6P 
  BASIS/ORB.ENERGY     -551.7018084   -133.1950281    -31.0906492     -5.8340605     -0.6284013
  2P   4.0873456D+05      0.0000143     -0.0000073      0.0000037     -0.0000017      0.0000006
  2P   9.6693907D+04      0.0001281     -0.0000653      0.0000332     -0.0000150      0.0000053
  2P   3.1388996D+04      0.0007519     -0.0003840      0.0001956     -0.0000886      0.0000311
  2P   1.2008881D+04      0.0034448     -0.0017677      0.0009002     -0.0004079      0.0001438
  2P   5.1045251D+03      0.0130997     -0.0067937      0.0034734     -0.0015754      0.0005534
  2P   2.3368513D+03      0.0420819     -0.0222888      0.0114390     -0.0051935      0.0018307
  2P   1.1309006D+03      0.1121127     -0.0617387      0.0320357     -0.0145830      0.0051249
  2P   5.7092097D+02      0.2340722     -0.1367851      0.0719515     -0.0328657      0.0116051
  2P   2.9769649D+02      0.3450316     -0.2161010      0.1162577     -0.0533931      0.0187645
  2P   1.5892179D+02      0.2975132     -0.1549865      0.0769838     -0.0346307      0.0123209
  2P   8.5808809D+01      0.1132293      0.1864499     -0.1562046      0.0790783     -0.0287705
  2P   4.7255415D+01      0.0109198      0.5272717     -0.4588329      0.2368003     -0.0846631
  2P   2.6059608D+01      0.0009686      0.3677282     -0.2349624      0.1044650     -0.0379470
  2P   1.3988021D+01     -0.0005736      0.0759163      0.4513188     -0.3292703      0.1296769
  2P   7.6213894D+00      0.0002448      0.0017522      0.6219836     -0.5407984      0.2117148
  2P   4.0212705D+00     -0.0001610      0.0008212      0.1838241      0.0974749     -0.0615917
  2P   2.1155832D+00      0.0000978     -0.0004832      0.0079784      0.6982450     -0.3909337
  2P   1.0805944D+00     -0.0000401      0.0001230      0.0018994      0.4077021     -0.2340502
  2P   4.6978766D-01      0.0000170     -0.0000584     -0.0005172      0.0416389      0.4201342
  2P   2.1265396D-01     -0.0000073      0.0000252      0.0001834     -0.0016261      0.6183964
  2P   9.0147381D-02      0.0000020     -0.0000067     -0.0000517      0.0005251      0.1897351
        D                    3D             4D             5D 
  BASIS/ORB.ENERGY     -114.9253973    -22.7489793     -2.8081234
  3D   1.1915809D+04      0.0001048     -0.0000565      0.0000231
  3D   3.6113530D+03      0.0010566     -0.0005693      0.0002316
  3D   1.4143226D+03      0.0065068     -0.0035377      0.0014481
  3D   6.3257356D+02      0.0286434     -0.0157178      0.0064227
  3D   3.0667873D+02      0.0928577     -0.0520665      0.0214500
  3D   1.5701301D+02      0.2183448     -0.1246907      0.0513601
  3D   8.3139013D+01      0.3487197     -0.1954744      0.0807405
  3D   4.5143608D+01      0.3314797     -0.1308879      0.0464776
  3D   2.4612027D+01      0.1527449      0.1739570     -0.1020352
  3D   1.3220086D+01      0.0257433      0.4652820     -0.2506901
  3D   7.1101448D+00      0.0011660      0.3879433     -0.1683547
  3D   3.7261576D+00      0.0001496      0.1135492      0.2411022
  3D   1.8959821D+00     -0.0000253      0.0072402      0.5274145
  3D   9.2797378D-01      0.0000058      0.0003818      0.3539139
  3D   4.0607233D-01      0.0000004     -0.0001656      0.0723706
        F                    4F 
  BASIS/ORB.ENERGY      -11.2535486
  4F   1.2384109D+03      0.0002798
  4F   4.3900782D+02      0.0028467
  4F   1.9184951D+02      0.0161981
  4F   9.3419633D+01      0.0597226
  4F   4.8070162D+01      0.1539902
  4F   2.5604943D+01      0.2759019
  4F   1.3731395D+01      0.3444738
  4F   7.3349905D+00      0.2859295
  4F   3.7934647D+00      0.1332070
  4F   1.8097568D+00      0.0234105
 
 *** Overlap Matrix ***
 S       1     2     3     4     5     6     7     8     9    10    11    12    13    14    15    16    17    18    19    20    21    22    23    24    25    26    27    28
   1 1.000
   2 0.552 1.000
   3 0.213 0.685 1.000
   4 0.086 0.330 0.756 1.000
   5 0.038 0.152 0.416 0.800 1.000
   6 0.018 0.072 0.211 0.482 0.830 1.000
   7 0.009 0.036 0.108 0.264 0.535 0.853 1.000
   8 0.005 0.019 0.056 0.142 0.311 0.578 0.870 1.000
   9 0.002 0.010 0.031 0.078 0.176 0.353 0.614 0.883 1.000
  10 0.001 0.006 0.017 0.044 0.100 0.207 0.390 0.645 0.895 1.000
  11 0.001 0.003 0.010 0.025 0.058 0.122 0.238 0.424 0.671 0.904 1.000
  12 0.000 0.002 0.006 0.015 0.034 0.072 0.143 0.266 0.454 0.693 0.911 1.000
  13 0.000 0.001 0.003 0.009 0.020 0.043 0.087 0.164 0.292 0.480 0.711 0.917 1.000
  14 0.000 0.001 0.002 0.005 0.012 0.026 0.053 0.101 0.183 0.314 0.502 0.725 0.921 1.000
  15 0.000 0.000 0.001 0.003 0.007 0.016 0.031 0.060 0.111 0.194 0.323 0.505 0.720 0.913 1.000
  16 0.000 0.000 0.001 0.002 0.005 0.010 0.020 0.038 0.070 0.124 0.211 0.342 0.523 0.734 0.930 1.000
  17 0.000 0.000 0.000 0.001 0.003 0.006 0.012 0.024 0.044 0.078 0.135 0.224 0.357 0.537 0.760 0.931 1.000
  18 0.000 0.000 0.000 0.001 0.002 0.004 0.007 0.014 0.027 0.048 0.083 0.139 0.226 0.356 0.545 0.744 0.920 1.000
  19 0.000 0.000 0.000 0.000 0.001 0.002 0.005 0.009 0.017 0.031 0.054 0.091 0.150 0.240 0.384 0.558 0.757 0.939 1.000
  20 0.000 0.000 0.000 0.000 0.001 0.001 0.003 0.006 0.011 0.019 0.033 0.057 0.094 0.153 0.251 0.381 0.554 0.769 0.928 1.000
  21 0.000 0.000 0.000 0.000 0.000 0.001 0.002 0.004 0.007 0.012 0.021 0.036 0.061 0.099 0.165 0.257 0.388 0.578 0.764 0.936 1.000
  22 0.000 0.000 0.000 0.000 0.000 0.001 0.001 0.002 0.004 0.008 0.013 0.023 0.038 0.063 0.106 0.166 0.257 0.402 0.567 0.770 0.932 1.000
  23 0.000 0.000 0.000 0.000 0.000 0.000 0.001 0.001 0.003 0.005 0.008 0.014 0.023 0.038 0.063 0.100 0.158 0.254 0.374 0.549 0.739 0.915 1.000
  24 0.000 0.000 0.000 0.000 0.000 0.000 0.000 0.001 0.002 0.003 0.005 0.008 0.014 0.023 0.038 0.061 0.096 0.157 0.238 0.364 0.524 0.720 0.919 1.000
  25 0.000 0.000 0.000 0.000 0.000 0.000 0.000 0.000 0.001 0.001 0.002 0.003 0.006 0.010 0.016 0.026 0.041 0.068 0.105 0.166 0.253 0.381 0.576 0.792 1.000
  26 0.000 0.000 0.000 0.000 0.000 0.000 0.000 0.000 0.000 0.001 0.001 0.002 0.003 0.005 0.009 0.014 0.022 0.037 0.057 0.092 0.142 0.220 0.352 0.533 0.885 1.000
  27 0.000 0.000 0.000 0.000 0.000 0.000 0.000 0.000 0.000 0.000 0.000 0.000 0.001 0.001 0.002 0.003 0.005 0.009 0.014 0.022 0.034 0.054 0.091 0.148 0.329 0.544 1.000
  28 0.000 0.000 0.000 0.000 0.000 0.000 0.000 0.000 0.000 0.000 0.000 0.000 0.000 0.001 0.001 0.002 0.003 0.005 0.008 0.012 0.019 0.030 0.051 0.084 0.191 0.336 0.893 1.000
 P       1     2     3     4     5     6     7     8     9    10    11    12    13    14    15    16    17    18    19    20    21
   1 1.000
   2 0.549 1.000
   3 0.190 0.686 1.000
   4 0.064 0.311 0.757 1.000
   5 0.023 0.126 0.401 0.801 1.000
   6 0.009 0.051 0.184 0.469 0.830 1.000
   7 0.004 0.021 0.081 0.236 0.521 0.851 1.000
   8 0.002 0.009 0.036 0.112 0.281 0.563 0.867 1.000
   9 0.001 0.004 0.016 0.052 0.141 0.319 0.595 0.878 1.000
  10 0.000 0.002 0.008 0.025 0.069 0.167 0.350 0.619 0.886 1.000
  11 0.000 0.001 0.004 0.012 0.033 0.083 0.188 0.373 0.634 0.890 1.000
  12 0.000 0.000 0.002 0.006 0.016 0.041 0.096 0.206 0.392 0.648 0.896 1.000
  13 0.000 0.000 0.001 0.003 0.008 0.020 0.048 0.107 0.218 0.404 0.657 0.897 1.000
  14 0.000 0.000 0.000 0.001 0.004 0.009 0.023 0.052 0.110 0.220 0.402 0.646 0.888 1.000
  15 0.000 0.000 0.000 0.001 0.002 0.004 0.011 0.025 0.054 0.113 0.222 0.398 0.641 0.893 1.000
  16 0.000 0.000 0.000 0.000 0.001 0.002 0.005 0.011 0.025 0.054 0.110 0.212 0.382 0.633 0.882 1.000
  17 0.000 0.000 0.000 0.000 0.000 0.001 0.002 0.005 0.011 0.025 0.052 0.104 0.202 0.375 0.618 0.881 1.000
  18 0.000 0.000 0.000 0.000 0.000 0.000 0.001 0.002 0.005 0.011 0.023 0.048 0.096 0.191 0.353 0.604 0.871 1.000
  19 0.000 0.000 0.000 0.000 0.000 0.000 0.000 0.001 0.002 0.004 0.008 0.017 0.036 0.075 0.150 0.293 0.522 0.810 1.000
  20 0.000 0.000 0.000 0.000 0.000 0.000 0.000 0.000 0.001 0.001 0.003 0.007 0.014 0.029 0.060 0.126 0.252 0.473 0.826 1.000
  21 0.000 0.000 0.000 0.000 0.000 0.000 0.000 0.000 0.000 0.000 0.001 0.002 0.005 0.010 0.021 0.046 0.099 0.208 0.463 0.800 1.000
 D       1     2     3     4     5     6     7     8     9    10    11    12    13    14    15
   1 1.000
   2 0.555 1.000
   3 0.183 0.690 1.000
   4 0.055 0.305 0.759 1.000
   5 0.017 0.114 0.392 0.799 1.000
   6 0.006 0.040 0.167 0.455 0.825 1.000
   7 0.002 0.014 0.065 0.211 0.498 0.840 1.000
   8 0.001 0.005 0.024 0.088 0.245 0.527 0.852 1.000
   9 0.000 0.002 0.009 0.034 0.104 0.265 0.542 0.853 1.000
  10 0.000 0.001 0.003 0.012 0.040 0.112 0.270 0.537 0.847 1.000
  11 0.000 0.000 0.001 0.004 0.014 0.043 0.115 0.267 0.530 0.847 1.000
  12 0.000 0.000 0.000 0.001 0.005 0.015 0.042 0.109 0.254 0.517 0.836 1.000
  13 0.000 0.000 0.000 0.000 0.002 0.005 0.014 0.038 0.098 0.237 0.489 0.822 1.000
  14 0.000 0.000 0.000 0.000 0.000 0.001 0.004 0.012 0.032 0.085 0.209 0.456 0.804 1.000
  15 0.000 0.000 0.000 0.000 0.000 0.000 0.001 0.003 0.008 0.023 0.062 0.163 0.387 0.748 1.000
 F       1     2     3     4     5     6     7     8     9    10
   1 1.000
   2 0.560 1.000
   3 0.178 0.687 1.000
   4 0.049 0.292 0.752 1.000
   5 0.013 0.098 0.367 0.784 1.000
   6 0.003 0.029 0.139 0.414 0.803 1.000
   7 0.001 0.008 0.044 0.163 0.436 0.807 1.000
   8 0.000 0.002 0.012 0.053 0.174 0.437 0.804 1.000
   9 0.000 0.000 0.003 0.014 0.053 0.165 0.418 0.786 1.000
  10 0.000 0.000 0.001 0.003 0.012 0.043 0.136 0.360 0.740 1.000
--------------------------------------------------------------------------------------------------------      RADIUM   [RN]7S(2), 1S                                                          

      CHARGE = 88.000000

      SYMMETRY SPECIES               S     P     D     F 
      NUMBER OF BASIS FUNCTIONS     28    21    15    10
      NUMBER OF CLOSED SHELLS        7     5     3     1
      NUMBER OF OPEN SHELLS          0     0     0     0
      OPEN SHELL OCCUPATION NUMBER   0     0     0     0
 
  *** FINAL SCF RESULTS ***
   E =-23094.303033315
   T = 23094.303074683     V =-46188.606107998     V/T =    -1.999999998
 
  ORBITAL ENERGIES AND EXPANSION COEFFICIENTS
        S                    1S             2S             3S             4S             5S             6S             7S 
  BASIS/ORB.ENERGY    -3388.9409412   -587.7441324   -147.8716420    -37.3415046     -8.2531027     -1.3706164     -0.1487360
  1S   3.0389752d+08      0.0000009     -0.0000003      0.0000001     -0.0000001      0.0000000      0.0000000      0.0000000
  1S   4.5552414d+07      0.0000070     -0.0000024      0.0000011     -0.0000006      0.0000003     -0.0000001      0.0000000
  1S   1.0375833d+07      0.0000370     -0.0000124      0.0000059     -0.0000030      0.0000014     -0.0000006      0.0000002
  1S   2.9423400d+06      0.0001561     -0.0000522      0.0000251     -0.0000128      0.0000061     -0.0000025      0.0000007
  1S   9.6165447d+05      0.0005675     -0.0001902      0.0000913     -0.0000467      0.0000222     -0.0000091      0.0000026
  1S   3.4789432d+05      0.0018497     -0.0006206      0.0002977     -0.0001525      0.0000727     -0.0000296      0.0000084
  1S   1.3597395d+05      0.0055151     -0.0018594      0.0008931     -0.0004574      0.0002176     -0.0000888      0.0000252
  1S   5.6550090d+04      0.0151785     -0.0051624      0.0024812     -0.0012717      0.0006065     -0.0002472      0.0000701
  1S   2.4768074d+04      0.0384593     -0.0133687      0.0064534     -0.0033086      0.0015734     -0.0006421      0.0001824
  1S   1.1335948d+04      0.0883133     -0.0320249      0.0155453     -0.0079884      0.0038146     -0.0015546      0.0004406
  1S   5.3874919d+03      0.1764906     -0.0698964      0.0344565     -0.0177544      0.0084473     -0.0034497      0.0009803
  1S   2.6448011d+03      0.2836590     -0.1320846      0.0667675     -0.0346739      0.0166234     -0.0067754      0.0019189
  1S   1.3343583d+03      0.3150361     -0.1955968      0.1043172     -0.0547863      0.0261297     -0.0106942      0.0030443
  1S   6.8571772d+02      0.1868913     -0.1498188      0.0863174     -0.0465790      0.0227771     -0.0092668      0.0026101
  1S   3.4236567d+02      0.0353019      0.1754270     -0.1262963      0.0720453     -0.0360088      0.0146540     -0.0041115
  1S   1.8387754d+02     -0.0014417      0.5422182     -0.5293003      0.3232897     -0.1594083      0.0659625     -0.0188618
  1S   9.9042481d+01      0.0011715      0.4091190     -0.5168845      0.3582026     -0.1891168      0.0780631     -0.0219821
  1S   5.1001449d+01     -0.0007922      0.0750558      0.4164334     -0.4129441      0.2436323     -0.1022055      0.0286503
  1S   2.8791792d+01      0.0005226     -0.0043636      0.7910290     -1.0721529      0.6336109     -0.2754276      0.0798775
  1S   1.5575083d+01     -0.0003365      0.0024774      0.2490110     -0.1076707      0.1025028     -0.0438991      0.0107811
  1S   8.5306529d+00      0.0002182     -0.0015281      0.0089253      1.0297736     -1.1210830      0.5482228     -0.1568997
  1S   4.6499626d+00     -0.0001132      0.0006718      0.0026858      0.4720531     -0.6787347      0.3730342     -0.1157679
  1S   2.2906751d+00      0.0000502     -0.0002677     -0.0012076      0.0349680      0.9397123     -0.6961302      0.2244133
  1S   1.1764839d+00     -0.0000203      0.0001143      0.0002681      0.0000462      0.7193744     -0.7905784      0.2571297
  1S   3.9980454d-01      0.0000063     -0.0000352     -0.0000812      0.0001654      0.0387240      0.8121212     -0.3269608
  1S   1.8865371d-01     -0.0000027      0.0000148      0.0000430     -0.0001747     -0.0060856      0.6394429     -0.4935128
  1S   3.7449786d-02      0.0000007     -0.0000038     -0.0000099      0.0000305      0.0012812      0.0165478      0.7636577
  1S   1.6486124d-02     -0.0000003      0.0000018      0.0000046     -0.0000143     -0.0005711     -0.0049830      0.4620276
        P                    2P             3P             4P             5P             6P 
  BASIS/ORB.ENERGY     -566.9426939   -137.7985756    -32.7219329     -6.4498112     -0.8197591
  2P   4.2338961d+05      0.0000140     -0.0000071      0.0000037     -0.0000017      0.0000006
  2P   1.0018603d+05      0.0001254     -0.0000640      0.0000327     -0.0000150      0.0000056
  2P   3.2521500d+04      0.0007366     -0.0003767      0.0001926     -0.0000885      0.0000332
  2P   1.2435452d+04      0.0033811     -0.0017375      0.0008882     -0.0004081      0.0001534
  2P   5.2810291d+03      0.0128921     -0.0066949      0.0034354     -0.0015802      0.0005920
  2P   2.4152510d+03      0.0415312     -0.0220236      0.0113457     -0.0052228      0.0019633
  2P   1.1680591d+03      0.1109167     -0.0611416      0.0318416     -0.0147000      0.0055100
  2P   5.8967216d+02      0.2321274     -0.1357669      0.0716869     -0.0332017      0.0125030
  2P   3.0771124d+02      0.3435441     -0.2154084      0.1163167     -0.0541906      0.0203163
  2P   1.6454335d+02      0.2989391     -0.1579697      0.0792510     -0.0361763      0.0137192
  2P   8.9106791d+01      0.1161935      0.1771058     -0.1501409      0.0771799     -0.0299912
  2P   4.9198018d+01      0.0118740      0.5225407     -0.4560496      0.2391536     -0.0913340
  2P   2.7220871d+01      0.0009663      0.3755075     -0.2508132      0.1151672     -0.0446521
  2P   1.4694673d+01     -0.0005594      0.0812561      0.4314876     -0.3205677      0.1353654
  2P   8.0534875d+00      0.0002378      0.0021567      0.6296945     -0.5579757      0.2346834
  2P   4.2915614d+00     -0.0001602      0.0008738      0.1976993      0.0691825     -0.0534401
  2P   2.2701467d+00      0.0000986     -0.0005140      0.0102626      0.7025544     -0.4269771
  2P   1.1706292d+00     -0.0000410      0.0001348      0.0018124      0.4219645     -0.2650283
  2P   5.2109596d-01      0.0000179     -0.0000647     -0.0005031      0.0449578      0.4524573
  2P   2.4279689d-01     -0.0000076      0.0000277      0.0001711     -0.0016901      0.6349177
  2P   1.0267986d-01      0.0000020     -0.0000072     -0.0000428      0.0003778      0.1569437
        D                    3D             4D             5D 
  BASIS/ORB.ENERGY     -119.2286545    -24.1977213     -3.2967999
  3D   1.2716921d+04      0.0000958     -0.0000519      0.0000217
  3D   3.8557645d+03      0.0009672     -0.0005241      0.0002183
  3D   1.5110552d+03      0.0059706     -0.0032624      0.0013666
  3D   6.7634478d+02      0.0264605     -0.0145933      0.0061050
  3D   3.2815548d+02      0.0868218     -0.0488825      0.0206069
  3D   1.6809138d+02      0.2082218     -0.1195613      0.0504357
  3D   8.9067596d+01      0.3418080     -0.1935316      0.0818740
  3D   4.8398994d+01      0.3390632     -0.1437057      0.0539822
  3D   2.6439870d+01      0.1656519      0.1492868     -0.0929518
  3D   1.4252982d+01      0.0304290      0.4546243     -0.2519001
  3D   7.7016800d+00      0.0014253      0.4044083     -0.1902801
  3D   4.0697548d+00      0.0001999      0.1278837      0.2178854
  3D   2.0913956d+00     -0.0000422      0.0094557      0.5303371
  3D   1.0369272d+00      0.0000122      0.0003705      0.3677963
  3D   4.6525079d-01     -0.0000010     -0.0001675      0.0763315
        F                    4F 
  BASIS/ORB.ENERGY      -12.4304149
  4F   1.2700525d+03      0.0002845
  4F   4.5026780d+02      0.0028946
  4F   1.9690874d+02      0.0164500
  4F   9.5977888d+01      0.0605505
  4F   4.9468845d+01      0.1555821
  4F   2.6420880d+01      0.2771062
  4F   1.4229014d+01      0.3439814
  4F   7.6451619d+00      0.2830296
  4F   3.9838960d+00      0.1303442
  4F   1.9214472d+00      0.0223748
 
 *** Overlap Matrix ***
 S       1     2     3     4     5     6     7     8     9    10    11    12    13    14    15    16    17    18    19    20    21    22    23    24    25    26    27    28
   1 1.000
   2 0.553 1.000
   3 0.214 0.685 1.000
   4 0.086 0.330 0.756 1.000
   5 0.038 0.152 0.416 0.800 1.000
   6 0.018 0.072 0.211 0.482 0.830 1.000
   7 0.009 0.036 0.107 0.263 0.535 0.852 1.000
   8 0.005 0.019 0.056 0.142 0.310 0.578 0.869 1.000
   9 0.002 0.010 0.030 0.078 0.175 0.352 0.614 0.883 1.000
  10 0.001 0.006 0.017 0.043 0.099 0.207 0.389 0.644 0.894 1.000
  11 0.001 0.003 0.010 0.025 0.057 0.121 0.237 0.423 0.671 0.904 1.000
  12 0.000 0.002 0.006 0.015 0.034 0.072 0.143 0.266 0.454 0.693 0.911 1.000
  13 0.000 0.001 0.003 0.009 0.020 0.043 0.087 0.164 0.292 0.481 0.713 0.918 1.000
  14 0.000 0.001 0.002 0.005 0.012 0.026 0.053 0.102 0.184 0.316 0.504 0.727 0.922 1.000
  15 0.000 0.000 0.001 0.003 0.007 0.016 0.032 0.061 0.112 0.196 0.326 0.509 0.724 0.915 1.000
  16 0.000 0.000 0.001 0.002 0.005 0.010 0.020 0.038 0.071 0.125 0.214 0.346 0.527 0.738 0.931 1.000
  17 0.000 0.000 0.000 0.001 0.003 0.006 0.013 0.024 0.045 0.080 0.137 0.228 0.361 0.541 0.762 0.932 1.000
  18 0.000 0.000 0.000 0.001 0.002 0.004 0.008 0.015 0.027 0.049 0.085 0.142 0.231 0.362 0.551 0.749 0.922 1.000
  19 0.000 0.000 0.000 0.000 0.001 0.002 0.005 0.010 0.018 0.032 0.055 0.094 0.154 0.247 0.391 0.566 0.764 0.941 1.000
  20 0.000 0.000 0.000 0.000 0.001 0.002 0.003 0.006 0.011 0.020 0.035 0.060 0.099 0.160 0.261 0.393 0.567 0.779 0.933 1.000
  21 0.000 0.000 0.000 0.000 0.000 0.001 0.002 0.004 0.007 0.013 0.022 0.038 0.063 0.103 0.171 0.264 0.397 0.587 0.770 0.935 1.000
  22 0.000 0.000 0.000 0.000 0.000 0.001 0.001 0.002 0.005 0.008 0.014 0.024 0.040 0.066 0.110 0.173 0.266 0.412 0.576 0.772 0.934 1.000
  23 0.000 0.000 0.000 0.000 0.000 0.000 0.001 0.001 0.003 0.005 0.008 0.014 0.024 0.039 0.066 0.104 0.162 0.258 0.378 0.547 0.738 0.912 1.000
  24 0.000 0.000 0.000 0.000 0.000 0.000 0.000 0.001 0.002 0.003 0.005 0.009 0.014 0.024 0.040 0.063 0.100 0.162 0.242 0.365 0.527 0.719 0.922 1.000
  25 0.000 0.000 0.000 0.000 0.000 0.000 0.000 0.000 0.001 0.001 0.002 0.004 0.006 0.011 0.018 0.028 0.045 0.074 0.112 0.175 0.266 0.397 0.600 0.812 1.000
  26 0.000 0.000 0.000 0.000 0.000 0.000 0.000 0.000 0.000 0.001 0.001 0.002 0.004 0.006 0.010 0.016 0.026 0.042 0.065 0.101 0.157 0.241 0.386 0.573 0.902 1.000
  27 0.000 0.000 0.000 0.000 0.000 0.000 0.000 0.000 0.000 0.000 0.000 0.001 0.001 0.002 0.003 0.005 0.008 0.013 0.019 0.031 0.048 0.075 0.126 0.203 0.419 0.641 1.000
  28 0.000 0.000 0.000 0.000 0.000 0.000 0.000 0.000 0.000 0.000 0.000 0.000 0.001 0.001 0.002 0.003 0.004 0.007 0.010 0.017 0.026 0.041 0.069 0.113 0.244 0.401 0.884 1.000
 P       1     2     3     4     5     6     7     8     9    10    11    12    13    14    15    16    17    18    19    20    21
   1 1.000
   2 0.549 1.000
   3 0.190 0.686 1.000
   4 0.064 0.311 0.757 1.000
   5 0.023 0.126 0.400 0.800 1.000
   6 0.009 0.051 0.183 0.468 0.830 1.000
   7 0.004 0.021 0.081 0.235 0.521 0.851 1.000
   8 0.002 0.009 0.036 0.111 0.280 0.562 0.867 1.000
   9 0.001 0.004 0.016 0.052 0.141 0.319 0.595 0.878 1.000
  10 0.000 0.002 0.008 0.025 0.069 0.167 0.351 0.620 0.886 1.000
  11 0.000 0.001 0.004 0.012 0.033 0.084 0.189 0.375 0.636 0.891 1.000
  12 0.000 0.000 0.002 0.006 0.016 0.041 0.097 0.208 0.395 0.650 0.897 1.000
  13 0.000 0.000 0.001 0.003 0.008 0.020 0.049 0.108 0.221 0.407 0.660 0.898 1.000
  14 0.000 0.000 0.000 0.001 0.004 0.009 0.023 0.053 0.112 0.223 0.406 0.650 0.890 1.000
  15 0.000 0.000 0.000 0.001 0.002 0.004 0.011 0.026 0.056 0.116 0.226 0.403 0.646 0.895 1.000
  16 0.000 0.000 0.000 0.000 0.001 0.002 0.005 0.012 0.026 0.056 0.113 0.218 0.390 0.640 0.885 1.000
  17 0.000 0.000 0.000 0.000 0.000 0.001 0.002 0.005 0.012 0.026 0.054 0.108 0.208 0.383 0.625 0.883 1.000
  18 0.000 0.000 0.000 0.000 0.000 0.000 0.001 0.002 0.005 0.011 0.024 0.050 0.100 0.198 0.362 0.610 0.874 1.000
  19 0.000 0.000 0.000 0.000 0.000 0.000 0.000 0.001 0.002 0.004 0.009 0.019 0.038 0.080 0.158 0.304 0.536 0.819 1.000
  20 0.000 0.000 0.000 0.000 0.000 0.000 0.000 0.000 0.001 0.002 0.003 0.007 0.015 0.032 0.066 0.136 0.268 0.494 0.837 1.000
  21 0.000 0.000 0.000 0.000 0.000 0.000 0.000 0.000 0.000 0.001 0.001 0.003 0.005 0.011 0.023 0.050 0.106 0.219 0.474 0.799 1.000
 D       1     2     3     4     5     6     7     8     9    10    11    12    13    14    15
   1 1.000
   2 0.555 1.000
   3 0.184 0.690 1.000
   4 0.056 0.306 0.759 1.000
   5 0.017 0.114 0.393 0.799 1.000
   6 0.006 0.041 0.168 0.455 0.825 1.000
   7 0.002 0.014 0.065 0.211 0.498 0.841 1.000
   8 0.001 0.005 0.025 0.088 0.245 0.528 0.852 1.000
   9 0.000 0.002 0.009 0.034 0.105 0.267 0.544 0.854 1.000
  10 0.000 0.001 0.003 0.012 0.040 0.113 0.272 0.540 0.848 1.000
  11 0.000 0.000 0.001 0.004 0.015 0.044 0.117 0.271 0.534 0.849 1.000
  12 0.000 0.000 0.000 0.001 0.005 0.015 0.044 0.112 0.259 0.524 0.839 1.000
  13 0.000 0.000 0.000 0.000 0.002 0.005 0.015 0.040 0.102 0.244 0.499 0.827 1.000
  14 0.000 0.000 0.000 0.000 0.000 0.002 0.004 0.013 0.034 0.090 0.218 0.467 0.810 1.000
  15 0.000 0.000 0.000 0.000 0.000 0.000 0.001 0.003 0.009 0.025 0.068 0.174 0.404 0.760 1.000
 F       1     2     3     4     5     6     7     8     9    10
   1 1.000
   2 0.560 1.000
   3 0.178 0.688 1.000
   4 0.049 0.293 0.752 1.000
   5 0.013 0.098 0.369 0.785 1.000
   6 0.003 0.030 0.140 0.416 0.804 1.000
   7 0.001 0.008 0.045 0.166 0.440 0.809 1.000
   8 0.000 0.002 0.013 0.054 0.177 0.443 0.808 1.000
   9 0.000 0.001 0.003 0.015 0.055 0.170 0.425 0.791 1.000
  10 0.000 0.000 0.001 0.003 0.013 0.045 0.141 0.369 0.746 1.000
--------------------------------------------------------------------------------------------------------