-------------------------------------------------------------------------------------------------------      LAWRENCIUM   [RN]7S(2)6D(1)5F(14), 2D                                           

      CHARGE =103.000000

      SYMMETRY SPECIES               S     P     D     F 
      NUMBER OF BASIS FUNCTIONS     28    21    18    13
      NUMBER OF CLOSED SHELLS        7     5     3     2
      NUMBER OF OPEN SHELLS          0     0     1     0
      OPEN SHELL OCCUPATION NUMBER   0     0     1     0

      OPEN-SHELL ENERGY COEFFICIENTS
      J(  2,  2,  0) =  0.00000000     K(  2,  2,  0) = -1.80000000
      J(  2,  2,  2) =  0.00000000     K(  2,  2,  2) =  0.05714286
      J(  2,  2,  4) =  0.00000000     K(  2,  2,  4) =  0.05714286
 
  *** FINAL SCF RESULTS ***
   E =-33557.949541358
   T = 33557.949373837     V =-67115.898915195     V/T =    -2.000000005
 
  ORBITAL ENERGIES AND EXPANSION COEFFICIENTS
        S                    1S             2S             3S             4S             5S             6S             7S 
  BASIS/ORB.ENERGY    -4695.8043611   -840.3629178   -222.5486645    -60.9425940    -14.1997286     -2.0645473     -0.1832028
  1S   4.0135183d+08      0.0000010     -0.0000003      0.0000002     -0.0000001      0.0000000      0.0000000      0.0000000
  1S   6.0126624d+07      0.0000074     -0.0000025      0.0000012     -0.0000006      0.0000003     -0.0000001      0.0000000
  1S   1.3694487d+07      0.0000388     -0.0000131      0.0000064     -0.0000034      0.0000017     -0.0000007      0.0000002
  1S   3.8830389d+06      0.0001637     -0.0000552      0.0000269     -0.0000143      0.0000074     -0.0000030      0.0000008
  1S   1.2687011d+06      0.0005955     -0.0002010      0.0000979     -0.0000521      0.0000268     -0.0000109      0.0000028
  1S   4.5898073d+05      0.0019394     -0.0006554      0.0003191     -0.0001698      0.0000875     -0.0000355      0.0000090
  1S   1.7954699d+05      0.0057686     -0.0019592      0.0009555     -0.0005082      0.0002616     -0.0001063      0.0000271
  1S   7.4794104d+04      0.0158193     -0.0054220      0.0026459     -0.0014091      0.0007260     -0.0002942      0.0000750
  1S   3.2828618d+04      0.0399008     -0.0139886      0.0068579     -0.0036522      0.0018800     -0.0007642      0.0001949
  1S   1.5059791d+04      0.0911088     -0.0333709      0.0164564     -0.0087903      0.0045332     -0.0018367      0.0004678
  1S   7.1735091d+03      0.1806873     -0.0724865      0.0363339     -0.0194553      0.0100281     -0.0040808      0.0010410
  1S   3.5293782d+03      0.2869705     -0.1359608      0.0699709     -0.0378175      0.0195754     -0.0079283      0.0020188
  1S   1.7850195d+03      0.3124350     -0.1984078      0.1080188     -0.0590409      0.0305900     -0.0124979      0.0031914
  1S   9.2042679d+02      0.1795595     -0.1440610      0.0848942     -0.0479187      0.0251917     -0.0101319      0.0025720
  1S   4.6111919d+02      0.0322701      0.1958853     -0.1462774      0.0877555     -0.0469905      0.0188991     -0.0047933
  1S   2.4809237d+02     -0.0014007      0.5508750     -0.5620461      0.3617334     -0.1961549      0.0814850     -0.0208747
  1S   1.3455020d+02      0.0010496      0.3910628     -0.5004685      0.3704928     -0.2121544      0.0867243     -0.0220430
  1S   7.0119821d+01     -0.0006967      0.0661295      0.4971402     -0.5457266      0.3486838     -0.1453997      0.0370165
  1S   3.9015741d+01      0.0004506     -0.0034519      0.7920139     -1.1555728      0.7875416     -0.3518694      0.0912334
  1S   2.0491163d+01     -0.0003291      0.0020676      0.2044744      0.0875518     -0.0595517      0.0418825     -0.0122208
  1S   1.2065731d+01      0.0002443     -0.0014941     -0.0071928      1.1084917     -1.5458452      0.7825100     -0.2040784
  1S   6.5894653d+00     -0.0001292      0.0006949      0.0052867      0.3601317     -0.3283598      0.1771880     -0.0494992
  1S   3.5127201d+00      0.0000609     -0.0002938     -0.0023570      0.0172925      1.1433292     -0.9340671      0.2652876
  1S   1.8308794d+00     -0.0000227      0.0001130      0.0006388      0.0021926      0.5423011     -0.5739733      0.1692550
  1S   6.7353093d-01      0.0000064     -0.0000322     -0.0001623     -0.0003224      0.0240589      0.8520949     -0.2981110
  1S   3.0318056d-01     -0.0000023      0.0000113      0.0000658      0.0000290     -0.0022238      0.6015982     -0.4338260
  1S   5.5566859d-02      0.0000005     -0.0000026     -0.0000143     -0.0000152      0.0005157      0.0149524      0.7141083
  1S   2.3030780d-02     -0.0000002      0.0000012      0.0000065      0.0000067     -0.0002264     -0.0045040      0.4836554
        P                    2P             3P             4P             5P             6P 
  BASIS/ORB.ENERGY     -815.3377449   -210.0137129    -54.8567382    -11.6023796     -1.2472087
  2P   5.6752457d+05      0.0000147     -0.0000077      0.0000041     -0.0000021      0.0000008
  2P   1.3432315d+05      0.0001319     -0.0000686      0.0000366     -0.0000184      0.0000068
  2P   4.3640492d+04      0.0007727     -0.0004028      0.0002152     -0.0001081      0.0000398
  2P   1.6721851d+04      0.0035272     -0.0018475      0.0009873     -0.0004970      0.0001839
  2P   7.1252348d+03      0.0133500     -0.0070706      0.0037933     -0.0019080      0.0007033
  2P   3.2723833d+03      0.0426635     -0.0230908      0.0124441     -0.0062789      0.0023241
  2P   1.5897577d+03      0.1130275     -0.0636766      0.0347143     -0.0175372      0.0064699
  2P   8.0636575d+02      0.2345852     -0.1404757      0.0777639     -0.0395455      0.0146724
  2P   4.2303374d+02      0.3434563     -0.2205826      0.1249686     -0.0637489      0.0235280
  2P   2.2757154d+02      0.2952517     -0.1562385      0.0812911     -0.0408389      0.0152842
  2P   1.2413189d+02      0.1128284      0.1908666     -0.1732825      0.1003825     -0.0387534
  2P   6.9367349d+01      0.0110986      0.5247992     -0.4900093      0.2850137     -0.1077369
  2P   3.8771201d+01      0.0010250      0.3682813     -0.2452049      0.1255083     -0.0486157
  2P   2.1170828d+01     -0.0006367      0.0762470      0.4942474     -0.4466978      0.1931643
  2P   1.2019315d+01      0.0003135      0.0005911      0.6137386     -0.6250164      0.2617867
  2P   6.6137890d+00     -0.0001874      0.0008842      0.1686451      0.2534181     -0.1604557
  2P   3.5426525d+00      0.0001098     -0.0005792      0.0087983      0.7470149     -0.4715101
  2P   1.8439231d+00     -0.0000459      0.0001558      0.0012865      0.3169357     -0.1404931
  2P   8.4263022d-01      0.0000188     -0.0000678     -0.0002469      0.0249399      0.5055842
  2P   3.8696025d-01     -0.0000076      0.0000273      0.0000809     -0.0001176      0.5808004
  2P   1.6203923d-01      0.0000019     -0.0000069     -0.0000207      0.0000757      0.1379858
        D                    3D             4D             5D             6D 
  BASIS/ORB.ENERGY     -186.8785143    -43.5370826     -6.9516780     -0.2672862
  3D   2.0894677d+04      0.0000680     -0.0000392      0.0000187     -0.0000044
  3D   6.3357633d+03      0.0006919     -0.0003998      0.0001904     -0.0000454
  3D   2.4850220d+03      0.0043344     -0.0025196      0.0012054     -0.0002862
  3D   1.1146126d+03      0.0197052     -0.0115762      0.0055393     -0.0013201
  3D   5.4371888d+02      0.0672264     -0.0402055      0.0193704     -0.0046064
  3D   2.8077806d+02      0.1712469     -0.1049422      0.0507482     -0.0121173
  3D   1.5065464d+02      0.3077241     -0.1886718      0.0916096     -0.0217946
  3D   8.3032224d+01      0.3540479     -0.1870576      0.0855345     -0.0202949
  3D   4.6283751d+01      0.2169736      0.0548879     -0.0584427      0.0155830
  3D   2.5701017d+01      0.0560791      0.4046162     -0.2732904      0.0682837
  3D   1.4450602d+01      0.0035575      0.4559225     -0.2813203      0.0698974
  3D   8.0289962d+00      0.0003543      0.1815827      0.1607759     -0.0597939
  3D   4.3406667d+00     -0.0002322      0.0218190      0.5274595     -0.1579807
  3D   2.2731612d+00      0.0000242      0.0011337      0.3981922     -0.1156526
  3D   1.1215799d+00     -0.0000344      0.0000422      0.1066202      0.1344195
  3D   4.6854989d-01      0.0000075      0.0000276      0.0064519      0.4202240
  3D   1.8577543d-01     -0.0000032     -0.0000113      0.0000732      0.4723478
  3D   6.7815771d-02      0.0000010      0.0000028      0.0000185      0.2216605
        F                    4F             5F 
  BASIS/ORB.ENERGY      -27.6836571     -1.2481294
  4F   1.8884200d+03      0.0002983     -0.0001224
  4F   6.6995218d+02      0.0030972     -0.0012643
  4F   2.9352103d+02      0.0179356     -0.0073997
  4F   1.4339953d+02      0.0675226     -0.0278495
  4F   7.4239729d+01      0.1748531     -0.0727470
  4F   3.9826507d+01      0.3069233     -0.1215463
  4F   2.1635647d+01      0.3597250     -0.1203837
  4F   1.1850189d+01      0.2430067      0.0168372
  4F   6.4037065d+00      0.0791051      0.2559094
  4F   3.3282902d+00      0.0090054      0.3921682
  4F   1.6615830d+00      0.0002041      0.3389935
  4F   7.8123508d-01      0.0000243      0.1836088
  4F   3.3216259d-01     -0.0000051      0.0469152
 
 *** Overlap Matrix ***
 S       1     2     3     4     5     6     7     8     9    10    11    12    13    14    15    16    17    18    19    20    21    22    23    24    25    26    27    28
   1 1.000
   2 0.552 1.000
   3 0.214 0.685 1.000
   4 0.086 0.330 0.756 1.000
   5 0.038 0.152 0.416 0.800 1.000
   6 0.018 0.072 0.211 0.482 0.830 1.000
   7 0.009 0.036 0.107 0.264 0.535 0.853 1.000
   8 0.005 0.019 0.056 0.142 0.311 0.578 0.870 1.000
   9 0.002 0.010 0.031 0.078 0.176 0.353 0.615 0.884 1.000
  10 0.001 0.006 0.017 0.044 0.100 0.208 0.391 0.646 0.895 1.000
  11 0.001 0.003 0.010 0.025 0.058 0.122 0.238 0.425 0.672 0.904 1.000
  12 0.000 0.002 0.006 0.015 0.034 0.073 0.144 0.267 0.456 0.695 0.912 1.000
  13 0.000 0.001 0.003 0.009 0.021 0.044 0.088 0.166 0.294 0.483 0.714 0.918 1.000
  14 0.000 0.001 0.002 0.005 0.012 0.027 0.054 0.103 0.186 0.318 0.506 0.729 0.922 1.000
  15 0.000 0.000 0.001 0.003 0.007 0.016 0.032 0.062 0.113 0.198 0.329 0.511 0.726 0.916 1.000
  16 0.000 0.000 0.001 0.002 0.005 0.010 0.020 0.039 0.072 0.127 0.216 0.349 0.530 0.740 0.932 1.000
  17 0.000 0.000 0.000 0.001 0.003 0.006 0.013 0.025 0.046 0.081 0.139 0.231 0.365 0.545 0.765 0.933 1.000
  18 0.000 0.000 0.000 0.001 0.002 0.004 0.008 0.015 0.028 0.050 0.087 0.145 0.236 0.367 0.557 0.755 0.925 1.000
  19 0.000 0.000 0.000 0.001 0.001 0.003 0.005 0.010 0.018 0.032 0.056 0.095 0.156 0.248 0.393 0.567 0.763 0.938 1.000
  20 0.000 0.000 0.000 0.000 0.001 0.002 0.003 0.006 0.011 0.020 0.035 0.059 0.098 0.158 0.256 0.387 0.557 0.765 0.926 1.000
  21 0.000 0.000 0.000 0.000 0.000 0.001 0.002 0.004 0.008 0.013 0.023 0.040 0.066 0.107 0.177 0.273 0.407 0.596 0.783 0.949 1.000
  22 0.000 0.000 0.000 0.000 0.000 0.001 0.001 0.003 0.005 0.009 0.015 0.025 0.042 0.069 0.114 0.179 0.274 0.420 0.590 0.795 0.935 1.000
  23 0.000 0.000 0.000 0.000 0.000 0.000 0.001 0.002 0.003 0.005 0.009 0.016 0.026 0.043 0.072 0.114 0.177 0.278 0.408 0.594 0.764 0.930 1.000
  24 0.000 0.000 0.000 0.000 0.000 0.000 0.001 0.001 0.002 0.003 0.006 0.010 0.016 0.027 0.044 0.070 0.110 0.177 0.266 0.407 0.556 0.749 0.925 1.000
  25 0.000 0.000 0.000 0.000 0.000 0.000 0.000 0.000 0.001 0.002 0.003 0.005 0.008 0.013 0.021 0.034 0.053 0.086 0.131 0.208 0.299 0.442 0.630 0.835 1.000
  26 0.000 0.000 0.000 0.000 0.000 0.000 0.000 0.000 0.000 0.001 0.001 0.003 0.004 0.007 0.012 0.018 0.029 0.047 0.073 0.117 0.172 0.263 0.398 0.583 0.890 1.000
  27 0.000 0.000 0.000 0.000 0.000 0.000 0.000 0.000 0.000 0.000 0.000 0.001 0.001 0.002 0.003 0.005 0.008 0.013 0.021 0.033 0.050 0.078 0.123 0.197 0.387 0.616 1.000
  28 0.000 0.000 0.000 0.000 0.000 0.000 0.000 0.000 0.000 0.000 0.000 0.000 0.001 0.001 0.002 0.003 0.004 0.007 0.011 0.017 0.026 0.040 0.065 0.104 0.214 0.367 0.869 1.000
 P       1     2     3     4     5     6     7     8     9    10    11    12    13    14    15    16    17    18    19    20    21
   1 1.000
   2 0.549 1.000
   3 0.190 0.687 1.000
   4 0.064 0.312 0.758 1.000
   5 0.023 0.127 0.402 0.802 1.000
   6 0.009 0.051 0.185 0.471 0.831 1.000
   7 0.004 0.021 0.082 0.238 0.524 0.853 1.000
   8 0.002 0.009 0.037 0.114 0.284 0.566 0.868 1.000
   9 0.001 0.004 0.017 0.054 0.144 0.324 0.599 0.880 1.000
  10 0.000 0.002 0.008 0.025 0.071 0.171 0.356 0.625 0.888 1.000
  11 0.000 0.001 0.004 0.012 0.034 0.086 0.193 0.381 0.642 0.893 1.000
  12 0.000 0.000 0.002 0.006 0.017 0.043 0.101 0.214 0.404 0.659 0.901 1.000
  13 0.000 0.000 0.001 0.003 0.008 0.021 0.051 0.113 0.229 0.418 0.669 0.901 1.000
  14 0.000 0.000 0.000 0.001 0.004 0.010 0.025 0.056 0.119 0.233 0.418 0.659 0.893 1.000
  15 0.000 0.000 0.000 0.001 0.002 0.005 0.012 0.028 0.062 0.126 0.243 0.424 0.666 0.906 1.000
  16 0.000 0.000 0.000 0.000 0.001 0.002 0.006 0.014 0.030 0.063 0.127 0.239 0.418 0.670 0.896 1.000
  17 0.000 0.000 0.000 0.000 0.000 0.001 0.003 0.006 0.014 0.030 0.062 0.121 0.228 0.411 0.644 0.887 1.000
  18 0.000 0.000 0.000 0.000 0.000 0.000 0.001 0.003 0.006 0.013 0.028 0.057 0.112 0.217 0.380 0.620 0.877 1.000
  19 0.000 0.000 0.000 0.000 0.000 0.000 0.000 0.001 0.002 0.005 0.011 0.022 0.045 0.091 0.172 0.319 0.551 0.829 1.000
  20 0.000 0.000 0.000 0.000 0.000 0.000 0.000 0.000 0.001 0.002 0.004 0.009 0.017 0.036 0.071 0.141 0.274 0.499 0.831 1.000
  21 0.000 0.000 0.000 0.000 0.000 0.000 0.000 0.000 0.000 0.001 0.001 0.003 0.006 0.013 0.025 0.052 0.107 0.219 0.464 0.795 1.000
 D       1     2     3     4     5     6     7     8     9    10    11    12    13    14    15    16    17    18
   1 1.000
   2 0.555 1.000
   3 0.184 0.691 1.000
   4 0.056 0.307 0.760 1.000
   5 0.017 0.115 0.396 0.802 1.000
   6 0.006 0.042 0.171 0.462 0.829 1.000
   7 0.002 0.015 0.068 0.219 0.509 0.846 1.000
   8 0.001 0.005 0.026 0.093 0.257 0.542 0.858 1.000
   9 0.000 0.002 0.010 0.037 0.114 0.283 0.562 0.863 1.000
  10 0.000 0.001 0.004 0.014 0.046 0.127 0.295 0.565 0.861 1.000
  11 0.000 0.000 0.001 0.005 0.018 0.053 0.136 0.303 0.570 0.867 1.000
  12 0.000 0.000 0.000 0.002 0.007 0.020 0.056 0.137 0.301 0.570 0.862 1.000
  13 0.000 0.000 0.000 0.001 0.002 0.007 0.021 0.054 0.131 0.292 0.550 0.850 1.000
  14 0.000 0.000 0.000 0.000 0.001 0.002 0.007 0.019 0.049 0.121 0.267 0.520 0.835 1.000
  15 0.000 0.000 0.000 0.000 0.000 0.001 0.002 0.006 0.015 0.041 0.099 0.229 0.474 0.807 1.000
  16 0.000 0.000 0.000 0.000 0.000 0.000 0.000 0.001 0.004 0.010 0.025 0.064 0.161 0.370 0.724 1.000
  17 0.000 0.000 0.000 0.000 0.000 0.000 0.000 0.000 0.001 0.002 0.005 0.014 0.039 0.107 0.285 0.696 1.000
  18 0.000 0.000 0.000 0.000 0.000 0.000 0.000 0.000 0.000 0.000 0.001 0.003 0.007 0.022 0.068 0.239 0.653 1.000
 F       1     2     3     4     5     6     7     8     9    10    11    12    13
   1 1.000
   2 0.561 1.000
   3 0.179 0.689 1.000
   4 0.049 0.295 0.754 1.000
   5 0.013 0.100 0.372 0.787 1.000
   6 0.003 0.030 0.143 0.421 0.807 1.000
   7 0.001 0.009 0.047 0.171 0.447 0.814 1.000
   8 0.000 0.002 0.014 0.058 0.187 0.458 0.818 1.000
   9 0.000 0.001 0.004 0.017 0.063 0.189 0.455 0.811 1.000
  10 0.000 0.000 0.001 0.004 0.017 0.059 0.176 0.427 0.789 1.000
  11 0.000 0.000 0.000 0.001 0.004 0.015 0.050 0.151 0.385 0.766 1.000
  12 0.000 0.000 0.000 0.000 0.001 0.003 0.011 0.037 0.119 0.336 0.731 1.000
  13 0.000 0.000 0.000 0.000 0.000 0.000 0.002 0.006 0.023 0.083 0.266 0.671 1.000
-------------------------------------------------------------------------------------------------------