$ ELEMENTS                      REFERENCES
$ ---------                       ----------
$
a  21
$
   2  18
           5
 2      0.298400010000     -0.276319000000
 2      0.973599970000     -2.715285060000
 2      3.002300020000    -10.296417240000
 2     12.396699910000    -36.817741390000
 1     47.468799590000    -13.807664870000
           6
 2      0.184900000000      0.030747000000
 2      1.010200020000     98.841827390000
 2      1.172199960000   -176.844284060000
 2      1.406200050000     99.042518620000
 1      4.105599880000      8.554347040000
 0      5.191299920000      3.603574040000
           6
 2      0.744000020000     52.921836850000
 2      0.935199980000   -114.069564820000
 2      1.258700010000    111.667655940000
 2      1.638800030000    -52.406764980000
 1      2.003999950000      5.548337940000
 0      1.070500020000      5.542308810000
$
a  22
$
   2  18
           5
 2      0.337900010000     -0.300060000000
 2      1.114400030000     -2.861759900000
 2      3.428200010000    -10.930517200000
 2     13.609700200000    -36.186641690000
 1     45.699401860000    -12.745088580000
           6
 2      0.214800000000      0.034806000000
 2      0.993399980000     21.712488170000
 2      1.177800060000    -39.980285640000
 2      1.814800020000      1.935830950000
 1      0.932100000000     24.444116590000
 0     10.550800320000      3.186232090000
           6
 2      0.763199980000     21.598297120000
 2      1.067500000000    -72.594680790000
 2      1.409399990000     79.001052860000
 2      1.817299960000    -38.155254360000
 1      0.795600000000      7.751764770000
 0      0.583500030000      5.455997940000
$
a  23
$
   2  18
           5
 2      0.377299990000     -0.316358000000
 2      1.235200050000     -2.866274120000
 2      3.706399920000    -10.883733750000
 2     13.444999690000    -30.683534620000
 1     37.798801420000    -11.546134000000
           6
 2      0.241200000000      0.046276000000
 2      1.313699960000    116.585624690000
 2      1.551000000000   -206.265716550000
 2      1.895599960000    116.925033570000
 1      7.147999760000     17.728771210000
 0     20.988399510000      2.970518110000
           6
 2      0.205800000000      0.023834000000
 2      0.944400010000     85.664985660000
 2      1.102900030000   -168.829452510000
 2      1.313799980000    101.257102970000
 1      3.758399960000      6.586526870000
 0      3.913800000000      5.590045930000
$
a  24
$
   2  18
           5
 2      0.337399990000     -0.189848010000
 2      1.104400040000     -2.217073920000
 2      3.444400070000    -10.171612740000
 2     13.095000270000    -31.332519530000
 1     41.701000210000    -12.178556440000
           6
 2      0.603999970000     20.500301360000
 2      0.709299980000    -65.953872680000
 2      0.904200020000    115.603408810000
 2      1.091799970000    -68.626678470000
 1      1.739500050000     13.323779110000
 0      8.372200010000      3.152808900000
           6
 2      0.175600010000      0.019634000000
 2      1.020599960000     96.546966550000
 2      1.193400030000   -186.337203980000
 2      1.443600060000    109.437385560000
 1      4.163700100000      7.510340210000
 0      4.568999770000      5.510863780000
$
a  25
$
   2  18
           5
 2      0.451900010000     -0.322371990000
 2      1.386299970000     -2.421310900000
 2      3.749300000000     -9.073353770000
 2     11.575099950000    -23.510959630000
 1     33.643699650000    -11.558000560000
           6
 2      0.746100010000     50.562812810000
 2      0.836499990000   -139.925720210000
 2      1.008700010000    187.175201420000
 2      1.195299980000    -96.709877010000
 1      1.958899970000     18.296155930000
 0      8.920399670000      3.136734010000
           6
 2      1.093700050000     35.466609950000
 2      1.485700010000   -103.008041380000
 2      1.970800040000    106.408111570000
 2      2.599100110000    -43.289203640000
 1      1.044499990000     10.657282830000
 0      3.009099960000      5.335989950000
$
a  26
$
   2  18
           5
 2      0.495200010000     -0.335382010000
 2      1.503900050000     -2.398789880000
 2      3.966900110000     -8.887219430000
 2     11.906700130000    -23.245460510000
 1     34.955200200000    -11.525058750000
           6
 2      0.817300020000     53.326511380000
 2      0.915300010000   -144.993484500000
 2      1.107100010000    193.693191530000
 2      1.316699980000   -101.954780580000
 1      2.085799930000     20.214622500000
 0      8.912400250000      3.224127050000
           6
 2      0.222900000000      0.023527000000
 2      1.295400020000     92.195762630000
 2      1.557600020000   -187.783859250000
 2      1.890400050000    121.008552550000
 1      4.917500020000     12.368420600000
 0      7.788899900000      5.203413960000
$
a  27
$
   2  18
           5
 2      0.532300000000     -0.328276990000
 2      1.536499980000     -2.079792980000
 2      3.874200110000     -7.911245820000
 2     10.969300270000    -20.625631330000
 1     32.244400020000    -11.212104800000
           6
 2      0.866999980000     41.987350460000
 2      0.986999990000   -118.175361630000
 2      1.222599980000    165.507247920000
 2      1.485700010000    -86.301429750000
 1      2.069600110000      6.806845190000
 0      1.478600030000      3.706466910000
           6
 2      0.246900010000      0.026888000000
 2      1.405400040000     97.555221560000
 2      1.667500020000   -178.493103030000
 2      2.079299930000    108.753860470000
 1      5.261499880000     12.923869130000
 0      8.093500140000      5.227323060000
$
a  28
$
   2  18
           5
 2      0.604700030000     -0.398207990000
 2      1.937000040000     -3.115494970000
 2      5.494599820000    -11.885994910000
 2     18.089500430000    -32.509994510000
 1     53.189399720000    -11.935028080000
           6
 2      0.937900010000     43.799377440000
 2      1.066499950000   -122.488281250000
 2      1.320099950000    170.382904050000
 2      1.604500060000    -88.123619080000
 1      2.269799950000      8.001575470000
 0      1.709400060000      3.674683090000
           6
 2      0.265300010000      0.027447000000
 2      1.509199980000     94.021553040000
 2      1.812800050000   -187.115493770000
 2      2.211999890000    122.751968380000
 1      5.485599990000     12.053374290000
 0      7.518899920000      5.363712790000
$
a  29
$
   2  18
           5
 2      0.475100010000     -0.172870990000
 2      1.423699970000     -1.670338030000
 2      4.039599900000     -8.224877360000
 2     12.443900110000    -23.395143510000
 1     38.740398410000    -11.426144600000
           6
 2      0.811500010000      6.229032040000
 2      1.107399940000    -48.317298890000
 2      1.380300050000    113.068710330000
 2      1.653800010000    -65.061851500000
 1      2.909399990000     19.981918330000
 0     10.474800110000      3.217010020000
           6
 2      0.734700020000     35.695529940000
 2      0.835900010000   -103.460067750000
 2      1.032300000000    151.972305300000
 2      1.253000020000    -87.702873230000
 1      2.321799990000     20.809242250000
 0      9.204199790000      4.792951110000
$
a  30
$
   2  18
           5
 2      0.706200000000     -0.425633010000
 2      2.269999980000     -3.323036910000
 2      6.477900030000    -12.901469230000
 2     21.370000840000    -35.579940800000
 1     63.255599980000    -12.051876070000
           6
 2      1.131899950000     54.526363370000
 2      1.284700040000   -151.996139530000
 2      1.589900020000    214.513092040000
 2      1.935400010000   -113.678443910000
 1      3.166500090000     20.791292190000
 0     15.256999970000      3.026611090000
           6
 2      0.845600010000     37.360401150000
 2      0.962400020000   -108.311317440000
 2      1.198500040000    166.686203000000
 2      1.463000060000   -102.955787660000
 1      2.191200020000      9.700778010000
 0      1.617200020000      5.595258240000
$
a  39
$
   3  36
           6
 2      0.403100010000     -0.388143990000
 2      0.954599980000     -3.854775910000
 2      2.478499890000     -9.365509990000
 2      7.709300040000    -39.124206540000
 2     23.465799330000    -93.549850460000
 1     73.732597350000    -25.218704220000
           7
 2      0.524299980000    -27.568723680000
 2      0.611400010000     80.272773740000
 2      0.803300020000   -101.278060910000
 2      0.996800010000     67.889152530000
 2      3.880000110000     37.908855440000
 1      8.831500050000     34.859485630000
 0     22.290000920000      3.965604070000
           7
 2      0.689199980000    127.967529300000
 2      0.814300000000   -265.123046880000
 2      1.081500050000    258.526428220000
 2      1.519400000000   -181.089630130000
 2      2.092700000000     94.941291810000
 1      6.040599820000     16.679019930000
 0      7.350900170000      5.708453180000
           7
 2      0.230900000000     -0.185406000000
 2      1.298200010000     22.322004320000
 2      1.514099960000    -70.949508670000
 2      1.998900060000    131.669036870000
 2      2.567300080000   -108.045074460000
 1      4.386300090000     11.550354000000
 0      1.970999960000      7.161090850000
$
a  40
$
   3  36
           5
 2      0.508499980000     -0.653339030000
 2      1.259899970000     -5.426953790000
 2      3.859299900000    -15.365553860000
 2     12.275500300000    -64.252105710000
 1     38.517601010000    -23.127315520000
           7
 2      0.677900020000    -60.998077390000
 2      0.792299990000    189.740234380000
 2      1.040599940000   -245.028442380000
 2      1.446300030000    219.893112180000
 2      1.962000010000   -110.716156010000
 1      2.626600030000     24.828603740000
 0     10.835599900000      3.390290980000
           7
 2      0.785600010000    139.578338620000
 2      0.934000020000   -287.816406250000
 2      1.249400020000    279.625579830000
 2      1.772099970000   -194.228546140000
 2      2.471299890000    104.419593810000
 1      7.062799930000     16.832500460000
 0      8.154899600000      5.690843110000
           7
 2      0.096700000000      0.000482000000
 2      0.241500010000     -0.176140000000
 2      2.063499930000    -43.042251590000
 2      2.502599950000    130.940322880000
 2      3.203599930000   -109.386764530000
 1      5.271200180000     13.357794760000
 0      3.538100000000      6.978295800000
$
a  41
$
   3  36
           5
 2      0.653900030000     -1.186314940000
 2      1.740100030000     -7.808446880000
 2      6.603600030000    -31.780580520000
 2     22.665100100000   -104.862030030000
 1     86.969398500000    -27.511325840000
           7
 2      0.738200010000    -62.148174290000
 2      0.856500030000    190.850891110000
 2      1.113999960000   -243.216094970000
 2      1.531299950000    221.003814700000
 2      2.065700050000   -114.931213380000
 1      2.501899960000     28.062576290000
 0     10.753299710000      3.426693920000
           7
 2      0.887600000000    151.045959470000
 2      1.064599990000   -307.148620610000
 2      1.445799950000    293.110351560000
 2      2.089999910000   -199.332519530000
 2      2.998500110000    112.109558110000
 1      8.679200170000     16.486143110000
 0      8.909999850000      5.683679100000
           7
 2      0.648299990000      0.236830000000
 2      0.284900010000     -0.236738990000
 2      1.364300010000     21.644777300000
 2      1.461200000000    -54.170314790000
 2      1.668800000000     41.121330260000
 1      7.643700120000     11.944309230000
 0      6.684800150000      7.144710060000
$
a  42
$
   3  36
           5
 2      0.678399980000     -0.978515980000
 2      1.735900040000     -7.127297880000
 2      5.994900230000    -24.652162550000
 2     19.343000410000    -89.418601990000
 1     66.900199890000    -25.306896210000
           7
 2      0.831200000000    -67.007370000000
 2      0.971700010000    212.170379640000
 2      1.281299950000   -271.792388920000
 2      1.797199960000    243.672561650000
 2      2.470499990000   -122.492263790000
 1      3.402199980000     27.535816190000
 0     14.034199710000      3.309365990000
           7
 2      0.667200030000    -47.978744510000
 2      0.764800010000    172.932159420000
 2      0.942099990000   -230.605010990000
 2      1.165599940000    133.045913700000
 2      2.485699890000    -23.995468140000
 1      2.935899970000     25.510080340000
 0      9.794699670000      5.349644180000
           7
 2      0.089000000000     -0.000254000000
 2      0.316300000000     -0.253564000000
 2      2.151299950000    -49.080429080000
 2      2.932199960000    143.461776730000
 2      3.748199940000   -139.967620850000
 1      5.983200070000     13.826973920000
 0      1.196499940000      6.990664010000
$
a  43
$
   3  36
           5
 2      0.700500010000     -0.794722970000
 2      1.723799940000     -6.377966880000
 2      5.296599870000    -18.395580290000
 2     16.522399900000    -75.563278200000
 1     52.402198790000    -23.712507250000
           7
 2      0.893700000000    -65.769210820000
 2      1.041499970000    210.012695310000
 2      1.362900020000   -267.636566160000
 2      1.899199960000    243.096954350000
 2      2.601300000000   -123.481338500000
 1      3.418400050000     29.384080890000
 0     13.777400020000      3.367980000000
           7
 2      0.761099990000    -62.084716800000
 2      0.870000000000    202.833740230000
 2      1.112599970000   -269.542755130000
 2      1.523599980000    247.413177490000
 2      1.975700020000   -117.692100520000
 1      2.912699940000     25.420368190000
 0     10.047499660000      5.316985130000
           7
 2      0.289799990000     -0.141506000000
 2      0.905399980000     -7.070951940000
 2      1.202100040000     38.744728090000
 2      1.525400040000    -74.019493100000
 2      1.980800030000     56.814571380000
 1     11.477000240000     16.016593930000
 0     10.156700130000      6.782462120000
$
a  44
$
   3  36
           5
 2      0.768899980000     -0.843801980000
 2      1.888100030000     -6.691244130000
 2      5.834799770000    -19.533927920000
 2     18.125799180000    -79.454788210000
 1     57.637100220000    -23.905576710000
           7
 2      0.991100010000    -71.565223690000
 2      1.141600010000    228.003540040000
 2      1.464800000000   -284.921813960000
 2      1.993000030000    254.734451290000
 2      2.649100070000   -129.974243160000
 1      3.197200060000     27.736591340000
 0     12.944499970000      3.390430930000
           7
 2      0.796700000000    -29.943958280000
 2      0.921599980000    113.427848820000
 2      1.208699940000   -152.272155760000
 2      1.713400010000    142.091079710000
 2      2.428200010000    -67.733924870000
 1      3.448600050000     27.246610640000
 0     11.522600170000      5.291899200000
           7
 2      0.239700000000     -0.019484000000
 2      0.422699990000     -0.351891010000
 2      1.515699980000     20.845666890000
 2      1.811300040000    -59.393928530000
 2      2.253099920000     53.669864650000
 1     11.239800450000     14.556511880000
 0      9.818099980000      6.936320780000
$
a  45
$
   3  36
           5
 2      0.845799980000     -0.924496000000
 2      2.083899970000     -7.141870980000
 2      6.527299880000    -21.235776900000
 2     20.226699830000    -85.087997440000
 1     64.990402220000    -24.243013380000
           7
 2      1.065799950000    -77.586914060000
 2      1.216699960000    240.803176880000
 2      1.535300020000   -278.741058350000
 2      2.083600040000    215.335723880000
 2      2.962300060000   -114.765075680000
 1      3.096600060000     36.795772550000
 0     15.238499640000      3.335530040000
           7
 2      0.896300020000    -59.615089420000
 2      1.036499980000    208.176071170000
 2      1.345900060000   -285.843078610000
 2      1.865300060000    259.176666260000
 2      2.500200030000   -118.676048280000
 1      3.805500030000     28.717847820000
 0     13.410599710000      5.178184990000
           7
 2      0.486299990000     -0.354537990000
 2      0.264600010000     -0.038878000000
 2      2.986500020000    -83.945213320000
 2      3.982500080000    205.585433960000
 2      5.475500110000   -192.868881230000
 1      8.452300070000     18.639743800000
 0      1.476500030000      6.652493950000
$
a  46
$
   3  36
           4
 2      0.988099990000     -1.461148020000
 2      2.629400010000     -9.507230760000
 2     10.258199690000    -41.770366670000
 1     29.559200290000    -21.681322100000
           6
 2      1.567800050000    170.326370240000
 2      1.892899990000   -308.215209960000
 2      2.563699960000    278.719696040000
 2      3.516400100000   -136.468627930000
 1      4.761600020000     32.850059510000
 0     18.320699690000      3.320018050000
           6
 2      1.107399940000    104.993041990000
 2      1.344400050000   -201.673980710000
 2      1.823199990000    191.113693240000
 2      2.478199960000    -89.625846860000
 1      3.498100040000     28.297565460000
 0     12.457300190000      5.313970090000
           6
 2      0.252000000000     -0.061951000000
 2      0.690400000000     -1.105036020000
 2      1.756100060000    -16.169296260000
 2      2.830600020000     17.753337860000
 1      1.046000000000      6.824406150000
 0     10.499600410000      7.955711840000
$
a  47
$
   3  36
           4
 2      1.070799950000     -1.545709010000
 2      2.852000000000     -9.913275720000
 2     11.170800210000    -44.193672180000
 1     32.341800690000    -21.826278690000
           6
 2      1.654000040000    171.232803340000
 2      1.991600040000   -307.324798580000
 2      2.690399890000    280.427368160000
 2      3.732899900000   -153.773880000000
 1      4.361000060000     40.922111510000
 0     18.486499790000      3.483609910000
           6
 2      1.219699980000    123.847404480000
 2      1.488399980000   -238.366378780000
 2      2.043299910000    222.445526120000
 2      2.822799920000   -103.420562740000
 1      4.097899910000     30.840427400000
 0     15.147399900000      5.187270160000
           6
 2      0.293900010000     -0.094469000000
 2      0.925000010000     -3.486984010000
 2      2.097899910000    -38.787940980000
 2      2.529400110000     34.734714510000
 1      1.063699960000      9.891553880000
 0     10.939399720000      7.726563930000
$
a  48
$
   3  36
           4
 2      1.207900050000     -1.770061020000
 2      3.176700120000    -10.568596840000
 2     12.616299630000    -49.035675050000
 1     36.904899600000    -22.091350560000
           6
 2      0.806200030000     31.958778380000
 2      0.931999980000   -104.650222780000
 2      1.180799960000    173.251190190000
 2      1.521800040000   -104.914184570000
 1      2.083499910000     23.641065600000
 0     11.306500430000      3.908067940000
           6
 2      0.947499990000    -41.685653690000
 2      1.102399950000    145.678085330000
 2      1.440000060000   -189.842498780000
 2      1.904500010000    125.718536380000
 1      7.302499770000     31.133787160000
 0     19.805900570000      5.277713780000
           6
 2      0.543399990000     -0.529760000000
 2      1.575700040000     -5.009637830000
 2      1.822499990000    -15.284319880000
 2      2.541399960000      6.599100110000
 1      1.300099970000     11.883126260000
 0     10.564200400000      7.847898960000
$
a  57
$
   3  54
           6
 2      0.204200000000     -0.222674000000
 2      0.535099980000     -2.144053940000
 2      1.430799960000     -8.956301690000
 2      4.211900230000    -31.270423890000
 2     13.201600070000    -80.725898740000
 1     39.324199680000    -34.548191070000
           8
 2      0.492399990000    -57.202869420000
 2      0.566800000000    190.335113530000
 2      0.732500020000   -265.088958740000
 2      1.017799970000    250.972808840000
 2      1.460500000000   -178.219741820000
 2      2.049999950000    103.273139950000
 1      6.220799920000     34.957992550000
 0     17.265699390000      6.509714130000
           8
 2      0.379900010000    -28.082557680000
 2      0.426600010000    111.271400450000
 2      0.532800020000   -172.921432500000
 2      0.715900000000    176.782363890000
 2      0.995999990000   -131.832550050000
 2      1.349400040000     73.783042910000
 1      4.176300050000     29.544179920000
 0     11.680999760000      6.006917000000
           8
 2      0.113100000000     -0.032366000000
 2      0.592700000000    -24.128753660000
 2      0.682299970000     72.466339110000
 2      0.869899990000   -125.808128360000
 2      1.173099990000    177.715606690000
 2      1.517799970000   -112.061134340000
 1      2.466500040000     34.286933900000
 0     12.289199830000      7.132682800000
$
a  72
$
   4  68
           6
 2      0.561100010000     -0.631359990000
 2      1.355700020000     -7.105474950000
 2      3.525599960000    -24.147146230000
 2      9.665499690000    -85.580062870000
 2     31.158100130000   -185.188064580000
 1     91.571098330000    -47.484359740000
           8
 2      0.627099990000     12.230643270000
 2      0.700299980000    -59.603244780000
 2      0.878499980000    156.655197140000
 2      1.203899980000   -204.998657230000
 2      1.728600030000    187.900314330000
 2      2.402699950000    -82.801742550000
 1      4.020400050000     40.810142520000
 0     12.752300260000      6.656349180000
           8
 2      0.426499990000     37.694381710000
 2      0.475300010000   -116.207061770000
 2      0.579699990000    196.354232790000
 2      0.742699980000   -211.904037480000
 2      0.916199980000    113.471412660000
 2      3.805099960000     47.261531830000
 1      8.300800320000     45.126884460000
 0     23.664100650000      5.778818130000
           8
 2      0.257499990000     -0.244240000000
 2      0.567399980000     11.362399100000
 2      0.675300000000    -36.058372500000
 2      0.888000010000     65.088005070000
 2      1.210800050000    -97.138000490000
 2      1.564299940000     75.798690800000
 1      6.028299810000     19.088708880000
 0      5.422900200000      8.357749940000
           8
 2      0.609499990000     -6.326028820000
 2      0.683799980000     12.383467670000
 2      1.142699960000    -67.872566220000
 2      1.237400050000     70.923477170000
 2      4.849100110000     36.171588900000
 2     12.748000150000     96.396850590000
 1     33.747100830000     28.853151320000
 0     33.603000640000      1.039633990000
$
a  73
$
   4  68
           6
 2      0.626900020000     -0.712556000000
 2      1.508600000000     -7.586466790000
 2      3.947299960000    -25.986028670000
 2     10.695799830000    -91.304855350000
 2     35.086799620000   -202.253799440000
 1    103.438697810000    -48.066310880000
           8
 2      0.682399990000     12.134854320000
 2      0.765800000000    -59.389678960000
 2      0.973999980000    160.961410520000
 2      1.358000040000   -207.031433110000
 2      2.002099990000    187.823654170000
 2      2.900799990000    -85.492492680000
 1      4.684199810000     45.549724580000
 0     16.760900500000      6.453742030000
           8
 2      0.461600010000     38.242988590000
 2      0.517899990000   -117.849319460000
 2      0.640800000000    203.919784550000
 2      0.837000010000   -223.777755740000
 2      1.052399990000    121.214561460000
 2      4.618800160000     57.049972530000
 1      9.978599550000     46.132263180000
 0     28.192300800000      5.676952840000
           8
 2      0.219500010000     -0.117143000000
 2      1.036100030000    -28.523294450000
 2      1.218700050000     74.394119260000
 2      1.627699970000   -114.172462460000
 2      2.292900090000    155.097442630000
 2      3.117700100000    -83.561569210000
 1      5.815100190000     47.673103330000
 0     23.040899280000      7.064989090000
           8
 2      0.479200010000     22.671558380000
 2      0.530900000000    -63.553985600000
 2      0.633000020000     73.783477780000
 2      0.782300000000    -36.864551540000
 2      1.465299960000     16.237644200000
 2      4.937500000000     38.820686340000
 1     10.753100400000     28.878837590000
 0     28.316699980000      1.538009050000
$
a  74
$
   4  68
           6
 2      0.683700030000     -0.750379980000
 2      1.652799960000     -8.056512830000
 2      4.380199910000    -27.777786250000
 2     11.738200190000    -96.638145450000
 2     39.069000240000   -219.250213620000
 1    115.773696900000    -48.639835360000
           8
 2      0.109200000000     -0.005597000000
 2      0.872100000000    -57.148006440000
 2      1.016700030000    168.477325440000
 2      1.352599980000   -202.826110840000
 2      1.818500040000    127.622497560000
 2      2.722300050000   -116.136657710000
 1      1.868899940000     68.527229310000
 0     19.640100480000      4.927663800000
           8
 2      0.497100000000     38.402690890000
 2      0.554099980000   -116.084892270000
 2      0.680300000000    199.117141720000
 2      0.879000010000   -217.430786130000
 2      1.095700030000    119.613456730000
 2      4.520999910000     54.779850010000
 1      9.709899900000     47.164291380000
 0     27.315399170000      5.729158880000
           8
 2      0.814100030000    -10.730678560000
 2      0.222200010000     -0.095880000000
 2      0.884800020000     13.171008110000
 2      2.142899990000    -74.291130070000
 2      2.701499940000    194.932846070000
 2      3.511300090000   -128.381912230000
 1      5.694699760000     22.449178700000
 0      4.355000020000      8.121221540000
           8
 2      0.449499990000     42.526157380000
 2      0.506500010000   -130.231170650000
 2      0.625800010000    176.635131840000
 2      0.856000010000   -173.755310060000
 2      1.068099980000    103.756179810000
 2      4.848700050000     59.370613100000
 1     11.446800230000     47.211559300000
 0     37.238800050000      4.744698050000
$
a  75
$
   4  68
           6
 2      0.744600000000     -0.809023980000
 2      1.802000050000     -8.501441960000
 2      4.823900220000    -29.580821990000
 2     12.784399990000   -101.492370610000
 2     42.995399480000   -235.578430180000
 1    128.289306640000    -49.221652980000
           8
 2      0.761799990000     12.201304440000
 2      0.851300000000    -58.661792760000
 2      1.069200040000    154.635803220000
 2      1.464800000000   -191.600738530000
 2      2.103800060000    181.256759640000
 2      2.931200030000    -75.588249210000
 1      4.980599880000     44.001098630000
 0     14.679800030000      6.719489100000
           8
 2      0.535700020000     38.365737910000
 2      0.602700000000   -120.067382810000
 2      0.748700020000    213.545379640000
 2      0.984600010000   -236.234451290000
 2      1.248100040000    130.948287960000
 2      5.425700190000     66.509529110000
 1     11.567000390000     48.348117830000
 0     31.936500550000      5.649829860000
           8
 2      0.260100010000     -0.136305000000
 2      1.422899960000     76.105384830000
 2      1.183200000000    -25.865705490000
 2      1.911299940000   -131.805297850000
 2      2.738100050000    203.931900020000
 2      3.772200110000   -130.431259160000
 1      6.408800130000     53.739620210000
 0     28.947099690000      6.906219010000
           8
 2      0.455399990000     42.603733060000
 2      0.516099990000   -132.345779420000
 2      0.647600000000    197.703948970000
 2      0.857599970000   -187.960632320000
 2      1.096500040000     99.533691410000
 2      4.661499980000     50.981296540000
 1     10.156600000000     43.489906310000
 0     28.486200330000      4.849675180000
$
a  76
$
   4  68
           6
 2      0.807799990000     -0.876578990000
 2      1.953799960000     -8.941044810000
 2      5.285299780000    -31.520309450000
 2     13.878000260000   -106.301918030000
 2     47.062900540000   -252.037857060000
 1    141.497299190000    -49.823085780000
           8
 2      0.801999990000     26.274255750000
 2      0.907199980000    -96.176116940000
 2      1.157799960000    211.952987670000
 2      1.616299990000   -253.411651610000
 2      2.365200040000    228.250823970000
 2      3.387799980000   -102.191635130000
 1      5.567800050000     48.779174800000
 0     19.545600890000      6.438572880000
           8
 2      0.569700000000     37.432064060000
 2      0.638599990000   -116.317687990000
 2      0.789200010000    207.202484130000
 2      1.029700040000   -229.604583740000
 2      1.295899990000    129.959594730000
 2      5.372499940000     63.953624730000
 1     11.334500310000     49.047302250000
 0     31.141300200000      5.689023020000
           8
 2      0.316500010000     -0.252712010000
 2      0.786499980000     13.532974240000
 2      0.929899990000    -43.620311740000
 2      1.215000030000     79.108329770000
 2      1.659800050000   -120.068511960000
 2      2.167999980000    100.242538450000
 1      8.581600190000     51.208412170000
 0     30.715700150000      7.078042980000
           8
 2      0.424800010000     42.012729640000
 2      0.481900010000   -130.600570680000
 2      0.605499980000    195.075286870000
 2      0.802100000000   -184.759506230000
 2      1.027799960000     97.175323490000
 2      4.366799830000     47.794315340000
 1      9.822600360000     44.163059230000
 0     27.932500840000      4.861011030000
$
a  77
$
   4  68
           6
 2      0.867200020000     -0.918686990000
 2      2.101599930000     -9.341831210000
 2      5.731999870000    -33.087322240000
 2     14.906100270000   -110.599311830000
 2     50.870399480000   -266.874145510000
 1    154.076293950000    -50.383438110000
           8
 2      0.841300010000     27.137773510000
 2      0.950200020000    -97.933944700000
 2      1.207100030000    212.038787840000
 2      1.670199990000   -248.607849120000
 2      2.417900090000    227.195434570000
 2      3.391599890000    -97.368591310000
 1      5.762499810000     47.978084560000
 0     18.472499850000      6.553921220000
           8
 2      0.656300010000     57.662288670000
 2      0.725200000000   -154.396926880000
 2      0.903400000000    247.695861820000
 2      1.231099960000   -276.296478270000
 2      1.788300040000    270.382476810000
 2      2.381200080000   -159.552688600000
 1      3.082000020000     41.999565120000
 0     11.048600200000      5.935458180000
           8
 2      0.285400000000     -0.120884000000
 2      0.832899990000     -1.391111970000
 2      1.774600030000     43.520832060000
 2      2.238300090000   -142.591125490000
 2      3.049400090000    247.567718510000
 2      4.092199800000   -151.512451170000
 1      6.558000090000     24.362541200000
 0      5.538700100000      8.044630050000
           8
 2      0.308299990000    -19.304008480000
 2      0.346300010000     60.738647460000
 2      0.429300010000   -107.938209530000
 2      0.573499980000    136.659591670000
 2      0.795000020000   -107.831634520000
 2      1.150900010000     58.891727450000
 1      4.225800040000     29.420352940000
 0      9.362600330000      5.931431770000
$
a  78
$
   4  68
           6
 2      0.912100020000     -0.974928020000
 2      2.165400030000     -9.496993060000
 2      6.065800190000    -31.972324370000
 2     15.520799640000   -115.023094180000
 2     52.946399690000   -275.538909910000
 1    160.880905150000    -50.802780150000
           8
 2      1.143300060000    -80.754020690000
 2      1.324800010000    255.402435300000
 2      1.723999980000   -314.580841060000
 2      2.410599950000    297.734954830000
 2      3.499700070000   -197.639343260000
 2      5.130000110000    146.508392330000
 1     12.909199710000     48.660682680000
 0     34.226600650000      4.064911840000
           8
 2      0.851599990000    -17.786716460000
 2      0.975099980000     96.914001460000
 2      1.266199950000   -146.014526370000
 2      1.805099960000    147.231948850000
 2      2.704999920000    -89.586181640000
 2      4.244800090000     85.018013000000
 1     10.743900300000     50.108768460000
 0     31.214599610000      5.642663000000
           8
 2      0.282000010000     -0.118513000000
 2      1.267199990000    -17.328950880000
 2      1.569200040000     49.303390500000
 2      2.301899910000   -115.680267330000
 2      3.293600080000    226.664566040000
 2      4.609099870000   -154.830764770000
 1      7.736499790000     59.639099120000
 0     36.099998470000      6.811202050000
           8
 2      0.321300000000    -28.150094990000
 2      0.333799990000     31.239727020000
 2      1.391199950000     47.821971890000
 2      1.497799990000    -29.597185130000
 2      3.370399950000     68.588371280000
 2      3.546799900000    -27.416641240000
 1      8.283499720000     44.576736450000
 0     23.964399340000      4.994918820000
$
a  79
$
   4  68
           6
 2      0.965699970000     -0.986902000000
 2      2.290400030000     -9.686306000000
 2      6.438399790000    -32.572463990000
 2     16.364599230000   -118.530876160000
 2     55.989299770000   -286.254638670000
 1    171.101394650000    -51.274230960000
           8
 2      1.224799990000    -84.969299320000
 2      1.433599950000    280.177642820000
 2      1.892899990000   -354.643554690000
 2      2.696300030000    334.331909180000
 2      3.989900110000   -219.392608640000
 2      6.005499840000    170.858749390000
 1     14.582599640000     56.338729860000
 0     39.310699460000      6.409299850000
           8
 2      0.906400020000     -6.911901000000
 2      1.031100030000     72.125465390000
 2      1.328699950000   -114.975334170000
 2      1.903699990000    123.616683960000
 2      2.836400030000    -71.135711670000
 2      4.588399890000     79.016601560000
 1     11.198100090000     51.287006380000
 0     32.295700070000      5.651982780000
           8
 2      0.293100000000     -0.113657000000
 2      1.030099990000     -2.404025080000
 2      2.018599990000     62.581115720000
 2      3.439199920000    255.447174070000
 2      5.157899860000   -161.806472780000
 2      2.514899970000   -175.770767210000
 1      8.062399860000     63.620792390000
 0     41.028499600000      6.750319960000
           8
 2      0.433499990000    -47.607799530000
 2      0.509700000000    176.318023680000
 2      0.579599980000   -168.676895140000
 2      0.771099980000     54.492446900000
 2      2.593499900000     37.715393070000
 2      8.390700340000    -24.139675140000
 1      6.929399970000     49.168022160000
 0     22.258899690000      4.759585860000
$
a  80
$
   4  68
           6
 2      1.066100000000     -1.125592950000
 2      2.555200100000    -10.712209700000
 2      7.327700140000    -37.997997280000
 2     18.271600720000   -124.305496220000
 2     62.892898560000   -312.364624020000
 1    194.987594600000    -52.263057710000
           8
 2      1.310600040000    -84.917053220000
 2      1.525599960000    276.988677980000
 2      1.999099970000   -338.399078370000
 2      2.824300050000    317.144927980000
 2      4.172100070000   -203.942871090000
 2      6.288499830000    165.251312260000
 1     15.612799640000     50.152797700000
 0     40.719898220000      3.979590890000
           8
 2      0.973500010000    -14.863204000000
 2      1.120800020000     94.565658570000
 2      1.470000030000   -141.043975830000
 2      2.118999960000    143.836837770000
 2      3.243799920000    -80.448020940000
 2      5.328000070000     94.060874940000
 1     12.845600130000     52.950096130000
 0     36.974300380000      5.603943820000
           8
 2      1.489099980000     64.182441710000
 2      0.359400000000     -0.143450010000
 2      1.384500030000    -47.454059600000
 2      2.668999910000   -103.458328250000
 2      3.745399950000    235.987045290000
 2      5.633500100000   -176.666534420000
 1      8.813500400000     67.144996640000
 0     47.669300080000      6.698038100000
           8
 2      0.723800000000    -41.446113590000
 2      0.824999990000    136.941604610000
 2      1.047999980000   -188.020156860000
 2      1.427399990000    196.114654540000
 2      2.014300110000   -135.424804690000
 2      2.813600060000     97.133018490000
 1      8.314499850000     44.362388610000
 0     22.519500730000      5.045633790000
$
a  81
$
   4  78
           6
 2      0.461900000000     -0.922608020000
 2      1.261000040000     -9.826391220000
 2      3.661000010000    -29.633234020000
 2     12.766799930000   -127.581237790000
 2     35.783599850000   -146.622283940000
 1     70.470199590000    -47.998950960000
           8
 2      0.135199990000     -0.059072000000
 2      1.238999960000    -64.689170840000
 2      1.488600020000    220.174270630000
 2      1.931900020000   -223.005722050000
 2      2.687000040000     57.811622620000
 2      2.720000030000     71.119911190000
 1      8.387499810000     47.154346470000
 0     19.962900160000      6.741919040000
           8
 2      0.131699990000     -0.029028000000
 2      0.917100010000    -54.727687840000
 2      1.101199980000    212.209335330000
 2      1.382599950000   -258.961395260000
 2      1.787600040000    136.791885380000
 2      5.275000100000     23.777013780000
 1      8.774299620000     43.263282780000
 0     21.406299590000      5.954450130000
           8
 2      0.481300000000     86.402603150000
 2      0.513000010000   -117.924087520000
 2      0.652800020000     43.220916750000
 2      2.151400090000      1.915411950000
 2      2.625000000000     39.048858640000
 2      5.909500120000    -78.688125610000
 1      5.606599810000     71.565719600000
 0     29.180900570000      6.896534920000
           8
 2      0.158300000000      2.142658000000
 2      0.671500030000     14.021944050000
 2      1.276999950000    -23.814620970000
 2      1.781499980000     84.821334840000
 2      2.279000040000    -42.854782100000
 2      4.753399850000     86.606376650000
 1     10.526200290000     58.786163330000
 0     21.882400510000      9.169788360000
$
a  82
$
   4  78
           6
 2      0.508000020000     -0.748592970000
 2      1.292899970000     -8.604126930000
 2      3.438699960000    -26.178201680000
 2     11.498100280000   -107.492874150000
 2     36.336200710000   -246.230163570000
 1    113.204902650000    -56.317615510000
           8
 2      0.229700000000     -0.145753000000
 2      0.931400000000     38.231201170000
 2      1.071699980000    -96.506919860000
 2      1.554999950000    241.822265620000
 2      2.090699910000   -282.880004880000
 2      2.904700040000    164.920745850000
 1      9.832300190000     52.078247070000
 0     27.408000950000      6.502915860000
           8
 2      0.149900000000     -0.026264000000
 2      1.245700000000    248.637695310000
 2      1.031200050000    -63.247859950000
 2      1.597499970000   -321.259460450000
 2      2.076499940000    179.968231200000
 2      5.179299830000      1.059473040000
 1      8.428400040000     47.108230590000
 0     24.581300740000      5.810613160000
           8
 2      0.617200020000     93.859634400000
 2      0.707400020000   -202.124633790000
 2      0.917500020000    226.669174190000
 2      1.221799970000   -178.515304570000
 2      1.647699950000     97.730903630000
 2      5.082200050000     47.095981600000
 1      8.891400340000     44.105506900000
 0     17.542999270000      7.952721120000
           8
 2      0.810999990000    124.173660280000
 2      0.942300020000   -255.847793580000
 2      1.223700050000    257.961791990000
 2      1.678300020000   -191.856124880000
 2      2.250400070000    113.372886660000
 2      8.252699850000     90.456001280000
 1     16.565399170000     51.460128780000
 0     42.042301180000      4.825222020000
$
a  83
$
   4  78
           6
 2      0.568899990000     -0.707479000000
 2      1.393900040000     -8.350649830000
 2      3.537300110000    -25.688995360000
 2     11.376799580000    -99.042198180000
 2     33.823600770000   -227.299026490000
 1    104.521003720000    -55.693328860000
           8
 2      0.524400000000    -34.600868230000
 2      0.540099980000     38.518608090000
 2      1.121899960000    -48.424682620000
 2      1.539100050000    150.188400270000
 2      2.362499950000   -223.608016970000
 2      3.004800080000    192.421539310000
 1      9.952599530000     54.639472960000
 0     27.900499340000      6.566446780000
           8
 2      0.168900000000     -0.023393000000
 2      1.087800030000    -74.608718870000
 2      1.272899990000    231.866104130000
 2      1.649799940000   -272.942626950000
 2      2.121900080000    163.374618530000
 2      9.054200170000     -7.988770010000
 1      7.601799960000     45.166915890000
 0     18.947599410000      5.939535140000
           8
 2      0.747699980000    106.074966430000
 2      0.873399970000   -232.362823490000
 2      1.143599990000    250.494781490000
 2      1.584499960000   -186.172851560000
 2      2.195699930000    113.543830870000
 2      6.449600220000     38.242950440000
 1      9.127099990000     43.724082950000
 0     18.453899380000      8.001645090000
           8
 2      0.579100010000    110.707061770000
 2      0.632799980000   -148.416610720000
 2      0.981300000000    123.525497440000
 2      1.357699990000   -189.744705200000
 2      1.641000030000    140.471511840000
 2      5.685400010000     52.218120580000
 1     10.562500000000     37.945266720000
 0     17.245700840000      5.432665820000
$
a  84
$
   4  78
           6
 2      0.629199980000     -0.681283000000
 2      1.522199990000     -8.543198590000
 2      3.778300050000    -26.423458100000
 2     11.888299940000    -99.833976750000
 2     34.907501220000   -228.197052000000
 1    106.911598210000    -55.574501040000
           8
 2      0.258199990000     -0.084448000000
 2      1.563899990000    -80.858978270000
 2      1.889899970000    254.402374270000
 2      2.688100100000   -269.286682130000
 2      4.138199810000    235.260223390000
 2      6.863399980000   -115.935890200000
 1      9.401000020000     65.203849790000
 0     36.999401090000      6.072697160000
           8
 2      0.206400010000     -0.025544000000
 2      1.159000040000    -71.267585750000
 2      1.365100030000    220.396316530000
 2      1.800600050000   -248.641006470000
 2      2.408299920000    156.541046140000
 2     10.215600010000    140.725204470000
 1     23.225299840000     66.544296260000
 0     66.825302120000      5.463257790000
           8
 2      0.658699990000    -52.110191350000
 2      0.749499980000    168.505310060000
 2      0.948800030000   -243.100891110000
 2      1.287600040000    250.633529660000
 2      1.819200040000   -185.836853030000
 2      2.514699940000    120.023330690000
 1      7.500899790000     45.582305910000
 0     16.729799270000      7.917720790000
           8
 2      0.429800000000     -0.157983010000
 2      2.065900090000    -49.453636170000
 2      2.495899920000    159.052886960000
 2      3.372100110000   -265.506469730000
 2      4.429699900000    231.146224980000
 2      9.186200140000    -54.274257660000
 1     12.391900060000     53.809329990000
 0     49.192798610000      4.430209160000
$
a  85
$
   4  78
           6
 2      0.712899980000     -0.774484990000
 2      1.678099990000     -9.041028020000
 2      4.163199900000    -28.500471120000
 2     13.124600410000   -109.591690060000
 2     39.278800960000   -245.295913700000
 1    119.852897640000    -56.340644840000
           8
 2      0.838000000000    -45.674232480000
 2      0.962599990000    132.168685910000
 2      1.227900030000   -217.870925900000
 2      1.697800040000    325.104278560000
 2      2.438699960000   -306.250152590000
 2      3.355600120000    195.502655030000
 1      9.587900160000     40.299274440000
 0     15.943200110000      7.169395920000
           8
 2      0.235100000000     -0.026505000000
 2      1.329000000000    -90.512123110000
 2      1.551000000000    286.967193600000
 2      2.014800070000   -331.296539310000
 2      2.611599920000    193.591781620000
 2      7.401700020000     -9.224390980000
 1      8.694700240000     47.917049410000
 0     22.873300550000      5.860083100000
           8
 2      0.713000000000    -48.581035610000
 2      0.798500000000    140.932418820000
 2      1.028599980000   -197.971450810000
 2      1.376299980000    188.842803960000
 2      2.128299950000   -125.928283690000
 2      3.014100070000    112.622375490000
 1      9.309300420000     56.067329410000
 0     25.966800690000      7.516972070000
           8
 2      0.511900010000     31.654102330000
 2      0.631900010000    -52.625946040000
 2      0.912800010000     48.307891850000
 2      1.459599970000    -20.871135710000
 2      2.708100080000     42.205795290000
 2      4.435900210000     17.822919850000
 1      9.464500430000     47.568595890000
 0     23.417600630000      5.069708820000
$
a  86
$
   4  78
           6
 2      0.768400010000     -0.721399010000
 2      1.771600010000     -8.754591940000
 2      4.314799790000    -28.940364840000
 2     13.434300420000   -107.487159730000
 2     39.144100190000   -240.137695310000
 1    118.785697940000    -56.168144230000
           8
 2      0.921700000000    -41.804084780000
 2      1.057600020000    121.578475950000
 2      1.355200050000   -207.845397950000
 2      1.903300050000    339.979919430000
 2      2.814100030000   -331.865753170000
 2      4.048600200000    214.763885500000
 1     14.253600120000     63.205005650000
 0     47.457298280000      6.296038150000
           8
 2      1.269999980000    -43.269607540000
 2      1.602100010000    179.174148560000
 2      2.247400050000   -231.133071900000
 2      3.364700080000    229.069473270000
 2      5.192399980000   -126.941284180000
 2      8.584199910000    152.430603030000
 1     19.642299650000     58.187381740000
 0     52.356800080000      5.531785970000
           8
 2      0.793299970000    -41.884521480000
 2      0.904600020000    142.925048830000
 2      1.158699990000   -203.376251220000
 2      1.600800040000    205.234390260000
 2      2.364099980000   -142.266922000000
 2      3.437900070000    118.221458440000
 1     10.247200010000     58.023300170000
 0     28.552200320000      7.454586980000
           8
 2      0.146599990000      2.045972110000
 2      0.513599990000     10.230695720000
 2      1.441699980000     26.785425190000
 2      2.171499970000     41.190872190000
 2      1.905300020000    -31.828348160000
 2      4.786600110000     78.479652400000
 1     10.761899950000     61.611682890000
 0     22.370399480000      9.200254440000
$
a 104
$
   4  78
           6
 2      0.649800000000     -0.537347020000
 2      1.719100000000     -8.067266460000
 2      4.402999880000    -34.812389370000
 2     12.458000180000    -91.223991390000
 2     39.952201840000   -314.497619630000
 1    130.945907590000    -66.699211120000
           8
 2      0.326599990000     -0.066280000000
 2      1.227200030000    -17.689107890000
 2      1.582600000000     70.772369380000
 2      2.275099990000   -149.709884640000
 2      3.779900070000    334.757354740000
 2      6.594600200000   -317.540191650000
 1     10.360099790000    134.175933840000
 0     66.568801880000     13.305339810000
           8
 2      0.025100000000     -0.002087000000
 2      1.208600040000      2.655953880000
 2      0.249699990000     -0.084976000000
 2      2.473099950000   -109.662391660000
 2      3.070400000000    291.623748780000
 2      4.645699980000   -204.213180540000
 1      6.865399840000     75.008293150000
 0     32.442600250000      9.111849780000
           8
 2      0.258899990000     -0.056172000000
 2      1.282699940000     46.696933750000
 2      1.513399960000   -138.692932130000
 2      2.085200070000    274.697540280000
 2      3.115999940000   -324.345062260000
 2      4.608799930000    261.811492920000
 1     16.743000030000     32.166999820000
 0     13.113200190000      8.764485360000
           8
 2      0.779900010000     79.362846370000
 2      0.905099990000   -205.718978880000
 2      1.181900020000    270.892028810000
 2      1.643900040000   -225.022079470000
 2      2.273200040000    145.163589480000
 2      6.229199890000    -22.459674840000
 1      6.195799830000     58.644306180000
 0     18.502899170000     10.057545660000
$
a 105
$
   4  78
           6
 2      0.776000020000     -0.654713990000
 2      2.026299950000     -9.763248440000
 2      5.149300100000    -40.440589900000
 2     14.694199560000   -104.137252810000
 2     45.587001800000   -338.957489010000
 1    149.363296510000    -68.107994080000
           7
 2      1.173900010000    -34.701797490000
 2      1.395699980000     76.959983830000
 2      2.262099980000   -141.277008060000
 2      3.858999970000    348.224212650000
 2      7.210000040000   -362.542816160000
 1     11.802800180000    143.069396970000
 0     55.645801540000     11.258031850000
           8
 2      0.319999990000     -0.102359000000
 2      0.038800000000     -0.001960000000
 2      1.704499960000     14.734362600000
 2      2.360899930000    -74.837257390000
 2      3.602200030000    313.126434330000
 2      5.378300190000   -301.738311770000
 1      8.454799650000     85.846115110000
 0     47.011798860000      7.742674830000
           8
 2      0.288700010000     -0.054147000000
 2      1.358100060000     40.557594300000
 2      1.634199980000   -147.524841310000
 2      2.176500080000    300.052642820000
 2      3.174099920000   -325.154388430000
 2      4.659599780000    253.428543090000
 1     16.086399080000     69.351501460000
 0     44.618198390000      7.488787170000
           8
 2      0.760200020000    -46.106319430000
 2      0.867699980000    150.971252440000
 2      1.104500060000   -244.644851680000
 2      1.531499980000    300.793121340000
 2      2.195400000000   -237.390182500000
 2      3.152699950000    163.818069460000
 1      8.634099960000     55.569210050000
 0     20.935600280000     10.163735390000
$
a 106
$
   4  78
           6
 2      0.796700000000     -0.474568990000
 2      2.038599970000     -8.393960000000
 2      5.018099780000    -37.517650600000
 2     13.732500080000    -95.686332700000
 2     43.016700740000   -324.340087890000
 1    139.777893070000    -67.139846800000
           8
 2      0.877600010000     17.245317460000
 2      1.017799970000    -43.637584690000
 2      1.491799950000     81.757202150000
 2      2.334300040000   -159.667404170000
 2      4.065499780000    366.794494630000
 2      7.559299950000   -377.865448000000
 1     12.478199960000    154.138870240000
 0     93.082901000000     13.194971080000
           8
 2      0.320600000000     -0.090314000000
 2      1.958799960000     56.947139740000
 2      2.363300090000   -180.849456790000
 2      3.341300010000    391.773376460000
 2      5.169799800000   -419.339874270000
 2      8.406100270000    433.023193360000
 1     24.642700200000     36.613498690000
 0     21.328800200000     15.146233560000
           8
 2      0.936600030000    -21.794298170000
 2      1.120399950000     74.874519350000
 2      1.501399990000   -153.153869630000
 2      2.185899970000    285.913970950000
 2      3.331500050000   -311.648529050000
 2      5.061200140000    255.272216800000
 1     15.039999960000     41.123718260000
 0     19.947999950000      8.448281290000
           8
 2      0.906400020000    -52.109657290000
 2      1.040799980000    161.168914790000
 2      1.360200050000   -250.287536620000
 2      1.920899990000    301.221252440000
 2      2.852999930000   -220.960968020000
 2      4.270400050000    176.554214480000
 1     10.591300010000     52.234596250000
 0     21.022199630000     10.222618100000
$
a 107
$
   4  78
           6
 2      0.983799990000     -0.801000000000
 2      2.560600040000    -12.557978630000
 2      6.488900180000    -49.942100520000
 2     18.936500550000   -129.571975710000
 2     56.692798610000   -379.929809570000
 1    184.422195430000    -70.426223750000
           8
 2      0.913299980000     12.407077790000
 2      1.116799950000    -43.630050660000
 2      1.576200010000     90.794799800000
 2      2.447900060000   -168.454360960000
 2      4.225800040000    376.052764890000
 2      7.737299920000   -367.844451900000
 1     12.608200070000    150.678924560000
 0     87.176101680000     13.176980970000
           8
 2      0.369500010000     -0.085521000000
 2      2.371299980000     77.271759030000
 2      2.824399950000   -248.700439450000
 2      3.916500090000    568.454040530000
 2      5.984300140000   -663.798583980000
 2      9.352899550000    552.648315430000
 1     29.155899050000     38.022460940000
 0     25.508699420000     11.823279380000
           8
 2      1.014199970000    -22.360015870000
 2      1.220900060000     85.300811770000
 2      1.599099990000   -170.912521360000
 2      2.327300070000    306.437652590000
 2      3.559400080000   -334.478149410000
 2      5.363200190000    273.660980220000
 1     15.804699900000     42.245578770000
 0     21.233800890000      8.404567720000
           8
 2      1.028699990000    -48.467243190000
 2      1.203099970000    159.866622920000
 2      1.595499990000   -242.649475100000
 2      2.326800110000    290.391754150000
 2      3.549700020000   -196.077560420000
 2      5.711500170000    191.153045650000
 1     13.519599910000     50.542484280000
 0     22.610700610000     10.228658680000
$
a 108
$
   4  78
           6
 2      0.896900000000     -0.407070990000
 2      2.313100100000     -8.493902210000
 2      5.563600060000    -39.606960300000
 2     14.845800400000    -98.784568790000
 2     45.650798800000   -330.969085690000
 1    147.204895020000    -67.526649480000
           8
 2      0.978900020000     14.474160190000
 2      1.187899950000    -48.334098820000
 2      1.667199970000     96.427505490000
 2      2.569400070000   -174.883377080000
 2      4.396299840000    382.985107420000
 2      7.940700050000   -356.319793700000
 1     12.777000430000    147.680221560000
 0     82.823997500000     13.202260020000
           8
 2      1.337399960000    -32.199752810000
 2      1.634699940000    108.107353210000
 2      2.275599960000   -219.733337400000
 2      3.506799940000    448.845825200000
 2      5.725599770000   -495.563903810000
 2      9.826000210000    531.298583980000
 1     30.717100140000     39.341564180000
 0     26.002000810000     14.986586570000
           8
 2      1.093999980000    -28.149185180000
 2      1.278000000000     89.615943910000
 2      1.684499980000   -172.129623410000
 2      2.420500040000    311.192749020000
 2      3.634399890000   -326.208282470000
 2      5.395500180000    262.402282710000
 1     15.188699720000     47.869972230000
 0     24.633600230000      8.246172900000
           8
 2      1.148399950000    -49.935592650000
 2      1.346300010000    166.810729980000
 2      1.792199970000   -251.105346680000
 2      2.620199920000    302.569610600000
 2      4.012400150000   -202.464004520000
 2      6.455100060000    207.007095340000
 1     14.895299910000     48.090595250000
 0     22.672399520000     10.327009200000
$
a 109
$
   4  78
           6
 2      1.095000030000     -0.742977980000
 2      2.911000010000    -13.419464110000
 2      7.324399950000    -54.972221370000
 2     21.521099090000   -143.766403200000
 2     64.152801510000   -406.553466800000
 1    208.512695310000    -71.896530150000
           8
 2      1.332999940000     -7.345620160000
 2      2.025599960000    102.149703980000
 2      2.440799950000    -97.023033140000
 2      2.435100080000    -70.052879330000
 2      4.658199790000    319.740112300000
 2      9.052300450000   -335.572143550000
 1     15.964300160000    172.152465820000
 0     94.162696840000     11.662644390000
           8
 2      1.500300050000    -26.101995470000
 2      1.862900020000    100.266319270000
 2      2.558900120000   -222.647216800000
 2      3.878200050000    484.859222410000
 2      6.264100070000   -535.240539550000
 2     10.696800230000    555.704345700000
 1     31.225900650000     36.368156430000
 0     26.583900450000     15.108423230000
           8
 2      1.153499960000    -28.653041840000
 2      1.368299960000    101.301460270000
 2      1.809299950000   -208.376800540000
 2      2.597899910000    363.425933840000
 2      4.116300110000   -395.470916750000
 2      6.276800160000    332.531707760000
 1     19.169200900000     46.906845090000
 0     26.246299740000      8.156343460000
           8
 2      1.270599960000    -45.764926910000
 2      1.508900050000    164.030990600000
 2      2.031399970000   -253.098526000000
 2      2.974600080000    300.892272950000
 2      4.753399850000   -192.398117070000
 2      7.748499870000    237.146636960000
 1     18.346000670000     45.002365110000
 0     23.064899440000     10.400747300000
$
a 110
$
   4  78
           6
 2      0.970399980000     -0.384887990000
 2      2.637300010000     -9.264926910000
 2      6.385200020000    -45.043155670000
 2     17.339300160000   -112.137001040000
 2     52.767501830000   -361.939880370000
 1    171.289306640000    -69.285629270000
           8
 2      0.912400010000      9.980010030000
 2      1.162799950000    -38.319728850000
 2      1.684100030000     86.869598390000
 2      2.642199990000   -165.242645260000
 2      4.749199870000    394.741668700000
 2      9.126299860000   -401.456909180000
 1     15.644100190000    167.145767210000
 0    108.734199520000     12.862904550000
           8
 2      1.446400050000    -39.120632170000
 2      1.751799940000    127.034667970000
 2      2.446199890000   -251.352569580000
 2      3.843400000000    520.133911130000
 2      6.475800040000   -596.807312010000
 2     11.817500110000    673.248352050000
 1     40.545299530000     44.027725220000
 0     33.485599520000     14.789047240000
           8
 2      1.571599960000     45.618640900000
 2      1.910099980000   -139.636337280000
 2      3.021500110000    176.867736820000
 2      2.875600100000    203.081481930000
 2      4.593699930000   -484.807189940000
 2      8.548100470000    507.970245360000
 1     25.925399780000     51.644027710000
 0     36.390598300000     13.122715950000
           8
 2      0.963299990000     33.983673100000
 2      1.114200000000   -106.386917110000
 2      1.463199970000    202.399261470000
 2      2.085400100000   -263.342285160000
 2      3.152299880000    300.345367430000
 2      4.696000100000   -148.455139160000
 1      6.998600010000     68.818672180000
 0     25.595600130000      9.565678600000
$
a 111
$
   4  78
           6
 2      0.953100030000     -0.322362990000
 2      2.711200000000     -8.950009350000
 2      6.667399880000    -47.344680790000
 2     18.549600600000   -120.621833800000
 2     56.972599030000   -381.879058840000
 1    186.632003780000    -70.458297730000
           8
 2      1.021499990000     14.501743320000
 2      1.251199960000    -46.825809480000
 2      1.784899950000     92.411254880000
 2      2.807199960000   -172.521911620000
 2      4.953100200000    406.452209470000
 2      9.416899680000   -394.516754150000
 1     15.883099560000    165.660568240000
 0    110.133201600000     13.126523970000
           8
 2      1.525699970000    -39.417972560000
 2      1.835600020000    127.470832820000
 2      2.545099970000   -251.712509160000
 2      3.966200110000    517.517822270000
 2      6.626200200000   -577.285888670000
 2     11.937500000000    652.118957520000
 1     39.444000240000     42.730941770000
 0     32.649600980000     14.866935730000
           8
 2      1.184000020000    -30.463470460000
 2      1.408200030000    100.255111690000
 2      1.917199970000   -199.131774900000
 2      2.920300010000    397.951110840000
 2      4.751599790000   -467.314849850000
 2      8.011400220000    445.343872070000
 1     29.171699520000     43.254035950000
 0     25.303100590000     10.117769240000
           8
 2      1.054700020000     35.776519780000
 2      1.229900000000   -114.930557250000
 2      1.624600050000    219.445709230000
 2      2.360399960000   -282.551818850000
 2      3.613100050000    321.357757570000
 2      5.565400120000   -152.144012450000
 1      8.375800130000     73.913093570000
 0     30.584100720000      9.391478540000
$
a 112
$
   4  78
           6
 2      0.843100010000     -0.184495000000
 2      2.472300050000     -5.997738840000
 2      5.966100220000    -38.916522980000
 2     15.687999730000   -102.479728700000
 2     49.701499940000   -347.998687740000
 1    161.479003910000    -68.488891600000
           7
 2      1.786700010000    -49.131729130000
 2      1.872200010000     65.119583130000
 2      3.293200020000   -102.822692870000
 2      5.163300040000    327.320922850000
 2      9.976599690000   -278.885711670000
 1     15.744700430000    148.844406130000
 0     56.915401460000     11.232328410000
           8
 2      1.563400030000    -36.843418120000
 2      1.879400010000    120.385360720000
 2      2.602400060000   -239.351882930000
 2      4.062799930000    497.398010250000
 2      6.783899780000   -547.437561040000
 2     12.240699770000    657.425048830000
 1     40.532501220000     45.181137090000
 0     33.590000150000     14.859857560000
           8
 2      1.119500040000    -26.867996220000
 2      1.337599990000     85.132919310000
 2      1.872300030000   -174.761627200000
 2      2.892999890000    358.177673340000
 2      4.801499840000   -414.632873540000
 2      8.526399610000    468.036804200000
 1     29.184299470000     43.069293980000
 0     25.792200090000     13.081728940000
           8
 2      1.251199960000     48.663566590000
 2      1.474599960000   -156.475067140000
 2      1.999199990000    321.751373290000
 2      2.983700040000   -431.872772220000
 2      4.775300030000    473.966796880000
 2      7.786799910000   -225.622421260000
 1     11.989999770000     90.020988460000
 0     47.785598750000      8.876081470000
$
a 113
$
   4  78
           7
 2      1.123499990000     -0.370920990000
 2      2.933900120000     -8.814242360000
 2      6.909299850000    -42.939888000000
 2     16.852300640000    -95.364112850000
 2     46.568298340000   -284.667755130000
 2    142.420501710000   -641.743713380000
 1    447.962585450000    -82.607383730000
           9
 2      0.524600030000     -8.713354110000
 2      0.540499990000      9.877405170000
 2      1.321699980000    -21.819221500000
 2      1.812600020000     64.814361570000
 2      2.860300060000   -133.792816160000
 2      5.087399960000    335.692474370000
 2      9.620300290000   -273.981689450000
 1     15.983499530000    156.727935790000
 0     92.817596440000     13.211568830000
           9
 2      0.930899980000      1.445750000000
 2      1.397400020000    -13.785655980000
 2      2.164500000000    102.823104860000
 2      2.944900040000   -291.154815670000
 2      4.386899950000    600.885864260000
 2      7.197899820000   -620.629638670000
 2     13.013699530000    674.373291020000
 1     45.735698700000    171.243667600000
 0    169.984298710000     12.678697590000
           9
 2      1.375399950000    -36.798526760000
 2      1.601799960000    115.171562190000
 2      2.132200000000   -221.514587400000
 2      3.140899900000    423.052429200000
 2      4.946499820000   -460.611022950000
 2      8.243700030000    465.858001710000
 2     14.459099770000   -165.126708980000
 1     23.078399660000     96.465347290000
 0     86.474899290000      6.971831800000
           9
 2      1.102499960000     38.350330350000
 2      1.281999950000   -120.871742250000
 2      1.695099950000    230.473678590000
 2      2.438100100000   -299.488220210000
 2      3.743599890000    353.542633060000
 2      5.942599770000   -208.641143800000
 2     10.246199610000    283.832672120000
 1     28.946399690000    105.780662540000
 0     91.195297240000      8.860997200000
$
a 114
$
   4  78
           7
 2      0.961700020000     -0.183383000000
 2      2.631999970000     -5.718897820000
 2      6.058800220000    -33.331165310000
 2     14.089599610000    -82.594520570000
 2     39.390499110000   -234.911437990000
 2    110.790100100000   -516.632934570000
 1    338.012207030000    -77.893943790000
           9
 2      0.602100010000    -16.451971050000
 2      0.663100000000     33.124992370000
 2      0.818099980000    -22.996162410000
 2      1.964800000000     53.474578860000
 2      2.989700080000   -147.877120970000
 2      5.494299890000    405.930114750000
 2     11.072500230000   -413.647308350000
 1     19.807300570000    183.073059080000
 0    133.678604130000     12.675603870000
           9
 2      1.133299950000     21.042551040000
 2      1.317600010000    -62.411422730000
 2      1.760499950000    113.422447200000
 2      2.589900020000   -201.146316530000
 2      4.142300130000    408.057678220000
 2      6.941999910000   -373.061614990000
 2     13.246899600000    534.605163570000
 1     41.694000240000    161.959457400000
 0    146.890701290000     12.760734560000
           9
 2      0.797500010000     23.097251890000
 2      0.922200020000    -63.868541720000
 2      1.253200050000    113.153228760000
 2      1.857300040000   -194.741897580000
 2      3.025500060000    374.281250000000
 2      5.205299850000   -432.293273930000
 2      9.800800320000    529.602050780000
 1     42.536098480000     49.038772580000
 0     27.080400470000     12.666753770000
           9
 2      1.190000060000     38.578575130000
 2      1.404399990000   -129.950729370000
 2      1.866799950000    252.969451900000
 2      2.734600070000   -321.001617430000
 2      4.272999760000    373.651947020000
 2      6.942800050000   -202.087814330000
 2     12.338600160000    314.605529790000
 1     33.950599670000    112.113197330000
 0    108.482299800000      8.812569620000
$
a 115
$
   4  78
           7
 2      1.036299940000     -0.237170990000
 2      2.890100000000     -6.687313080000
 2      6.725800040000    -38.343498230000
 2     16.035499570000    -92.207138060000
 2     45.674900050000   -277.988037110000
 2    139.173904420000   -631.095336910000
 1    440.178314210000    -82.666793820000
           9
 2      0.613399980000     -4.281742100000
 2      0.767199990000     15.861089710000
 2      1.092100020000    -33.914680480000
 2      1.722100020000     66.604888920000
 2      2.883600000000   -133.200561520000
 2      5.429900170000    352.125244140000
 2     11.020700450000   -309.860076900000
 1     19.705499650000    179.749069210000
 0    131.031600950000     13.127737050000
           9
 2      1.074100020000     21.446901320000
 2      1.283699990000    -68.365715030000
 2      1.779999970000    140.410430910000
 2      2.663000110000   -260.709259030000
 2      4.400199890000    543.202636720000
 2      7.676499840000   -610.929931640000
 2     14.890800480000    802.351379390000
 1     55.976398470000     47.713981630000
 0     40.888099670000     14.750978470000
           9
 2      0.789799990000     15.721649170000
 2      0.945800010000    -52.311382290000
 2      1.295500040000    105.274291990000
 2      1.947900060000   -193.765975950000
 2      3.187099930000    393.060302730000
 2      5.507400040000   -462.188079830000
 2     10.407199860000    565.236389160000
 1     39.147899630000     46.743503570000
 0     31.470100400000     12.914608000000
           9
 2      1.297999980000     45.808986660000
 2      1.508499980000   -138.868438720000
 2      2.013299940000    260.212310790000
 2      2.941499950000   -327.438934330000
 2      4.572000030000    382.295074460000
 2      7.347499850000   -196.396636960000
 2     13.310299870000    325.727935790000
 1     36.957199100000    118.554679870000
 0    123.865097050000      8.775046350000
$
a 116
$
   4  78
           7
 2      0.930300000000     -0.150500000000
 2      2.676800010000     -4.737330910000
 2      6.254399780000    -32.934741970000
 2     14.829999920000    -88.566497800000
 2     43.390201570000   -265.300750730000
 2    132.259002690000   -614.827575680000
 1    422.113098140000    -82.201454160000
           9
 2      0.638599990000    -10.540089610000
 2      0.730499980000     28.556432720000
 2      0.886200010000    -25.292600630000
 2      1.970199940000     49.599224090000
 2      3.029500010000   -127.413215640000
 2      5.683700080000    350.951904300000
 2     11.288200380000   -293.060028080000
 1     19.754199980000    174.239349370000
 0    119.140998840000     13.047712330000
           9
 2      1.124699950000     21.168308260000
 2      1.351699950000    -71.959426880000
 2      1.839699980000    144.238983150000
 2      2.754100080000   -260.100555420000
 2      4.534299850000    541.997497560000
 2      7.843599800000   -596.333496090000
 2     14.997200010000    782.450317380000
 1     53.473999020000     46.665035250000
 0     40.443801880000     14.831286430000
           9
 2      0.830800000000     16.373691560000
 2      0.982699990000    -49.793529510000
 2      1.368899940000    104.080268860000
 2      2.027199980000   -197.515228270000
 2      3.283900020000    390.685089110000
 2      5.642199990000   -442.165588380000
 2     10.506899830000    542.019042970000
 1     34.192199710000     98.687110900000
 0     66.914001460000     11.409050940000
           9
 2      1.498700020000     57.578071590000
 2      1.765599970000   -183.660705570000
 2      2.394399880000    374.725341800000
 2      3.552799940000   -490.566040040000
 2      5.671599870000    547.351989750000
 2      9.343700410000   -282.563629150000
 2     17.163900380000    423.432373050000
 1     46.384799960000    125.180076600000
 0    150.758804320000      8.725048070000
$
a 117
$
   4  78
           7
 2      0.832799970000     -0.097043000000
 2      2.487499950000     -3.422337060000
 2      5.942599770000    -29.063526150000
 2     14.114299770000    -86.280189510000
 2     41.714401250000   -251.829299930000
 2    125.295097350000   -590.415771480000
 1    400.272491460000    -81.464126590000
           9
 2      0.548900010000     -6.255239960000
 2      0.571300030000      7.355998040000
 2      1.442299960000    -21.351013180000
 2      1.988399980000     63.489635470000
 2      3.215600010000   -134.176864620000
 2      5.908400060000    361.621978760000
 2     11.643799780000   -282.312194820000
 1     19.945400240000    171.549896240000
 0    115.805099490000     13.149717330000
           9
 2      1.151800040000     21.185531620000
 2      1.366799950000    -67.266227720000
 2      1.849799990000    126.328964230000
 2      2.781699900000   -224.593505860000
 2      4.586500170000    472.641387940000
 2      7.894100190000   -462.935546880000
 2     15.394399640000    646.974243160000
 1     42.373901370000     34.980949400000
 0     36.065898900000     15.357382770000
           9
 2      0.895299970000     17.424505230000
 2      1.060600040000    -56.321807860000
 2      1.436900020000    111.494262700000
 2      2.128000020000   -202.389099120000
 2      3.425800090000    401.896698000000
 2      5.802199840000   -447.328674320000
 2     10.641699790000    547.998901370000
 1     41.715400700000    156.444580080000
 0    164.296493530000     11.153514860000
           9
 2      0.970499990000    -26.669952390000
 2      1.154500010000     88.514297490000
 2      1.573500040000   -176.857406620000
 2      2.388400080000    341.516021730000
 2      3.882800100000   -443.154693600000
 2      6.816199780000    505.219207760000
 2     13.281000140000   -203.255218510000
 1     21.792299270000    116.876525880000
 0     94.373397830000      8.441382410000
$

$ END OF ECP
