$ Elements                             References
$ --------                             ----------
$ Y-Cd(ecp-28), Hf-Hg(ecp-46): D. Andrae,U. Haeussermann, M.Dolg, H.Stoll, H.Preuss, Theor.Chim.Acta, 1990, 77, 123?141.
$ In-Sb(ecp-28), Tl-Bi(ecp-46): B. Metz, H. Stoll, M. Dolg, J. Chem. Phys., 2000, 113, 2563?2569.
$ Te-Xe(ecp-28), Po-Rn(ecp-46): K. A. Peterson, D. Figgen, E. Goll, H. Stoll, M. Dolg, J. Chem. Phys., 2003, 119, 11113?11123.
$ Rb(ecp-28), Cs(ecp-46): T.Leininger, A.Nicklass, W.Kuechle, H.Stoll, M.Dolg, A.Bergner, Chem. Phys. Lett., 1996, 255, 274?280.
$ Sr(ecp-28), Ba(ecp-46): M. Kaupp, P. V. Schleyer, H. Stoll and H. Preuss, J. Chem. Phys., 1991, 94, 1360?1366.
$
a  37
$
   3  28
           1
 2      3.843114000000    -12.316900000000
           3
 2      5.036551000000     89.500198000000
 2      1.970849000000      0.493761000000
 2      3.843114000000     12.316900000000
           3
 2      4.258341000000     58.568974000000
 2      1.470709000000      0.431791000000
 2      3.843114000000     12.316900000000
           3
 2      3.023127000000     26.224898000000
 2      0.650383000000      0.962839000000
 2      3.843114000000     12.316900000000
$
a  38
$
   3  28
           1
 2      4.633975000000    -15.805992000000
           3
 2      7.400074000000    135.479430000000
 2      3.606379000000     17.534463000000
 2      4.633975000000     15.805992000000
           3
 2      6.484868000000     88.359709000000
 2      3.288053000000     15.394372000000
 2      4.633975000000     15.805992000000
           3
 2      4.622841000000     29.888987000000
 2      2.246904000000      6.659414000000
 2      4.633975000000     15.805992000000
$
a  39
$
   3  28
           2
 2      6.584212000000    -19.122198110000
 2      3.292106000000     -2.436375430000
           4
 2      7.488049400000    135.153844120000
 2      3.744024700000     15.552441300000
 2      6.584212000000     19.122198110000
 2      3.292106000000      2.436375430000
           4
 2      6.445377200000     87.784991670000
 2      3.222688600000     11.564065990000
 2      6.584212000000     19.122198110000
 2      3.292106000000      2.436375430000
           4
 2      4.658447200000     29.701000720000
 2      2.329223600000      5.539968470000
 2      6.584212000000     19.122198110000
 2      3.292106000000      2.436375430000
$
a  40
$
   3  28
           2
 2      7.540000000000    -21.093776050000
 2      3.770000000000     -3.080694270000
           4
 2      8.200000000000    150.267591060000
 2      4.089727800000     18.976216500000
 2      7.540000000000     21.093776050000
 2      3.770000000000      3.080694270000
           4
 2      7.110000000000     99.622123720000
 2      3.596798000000     14.168733290000
 2      7.540000000000     21.093776050000
 2      3.770000000000      3.080694270000
           4
 2      5.350000000000     35.045123550000
 2      2.491821500000      6.111259480000
 2      7.540000000000     21.093776050000
 2      3.770000000000      3.080694270000
$
a  41
$
   3  28
           2
 2      8.490000000000    -22.929549960000
 2      4.250000000000     -3.666309860000
           4
 2      8.900000000000    165.179143490000
 2      4.430000000000     21.992974370000
 2      8.490000000000     22.929549960000
 2      4.250000000000      3.666309860000
           4
 2      7.770000000000    111.794414450000
 2      3.960000000000     16.633483260000
 2      8.490000000000     22.929549960000
 2      4.250000000000      3.666309860000
           4
 2      6.050000000000     38.112248800000
 2      2.840000000000      8.039167270000
 2      8.490000000000     22.929549960000
 2      4.250000000000      3.666309860000
$
a  42
$
   3  28
           2
 2      9.450000000000    -24.805177070000
 2      4.720000000000     -4.153781550000
           4
 2      9.714593800000    180.103108500000
 2      4.680500400000     24.997227910000
 2      9.450000000000     24.805177070000
 2      4.720000000000      4.153781550000
           4
 2      8.142136600000    123.772752310000
 2      4.625986300000     19.530228000000
 2      9.450000000000     24.805177070000
 2      4.720000000000      4.153781550000
           4
 2      6.618414800000     48.375022290000
 2      3.248751600000      8.892052740000
 2      9.450000000000     24.805177070000
 2      4.720000000000      4.153781550000
$
a  43
$
   3  28
           2
 2     10.400000000000    -26.562447470000
 2      5.200000000000     -4.585680540000
           4
 2     10.422346200000    195.159165910000
 2      5.036516000000     28.092603330000
 2     10.400000000000     26.562447470000
 2      5.200000000000      4.585680540000
           4
 2      8.950449400000    135.284566220000
 2      4.854439400000     21.806504300000
 2     10.400000000000     26.562447470000
 2      5.200000000000      4.585680540000
           4
 2      6.945696800000     54.329729420000
 2      3.970584900000     11.155067950000
 2     10.400000000000     26.562447470000
 2      5.200000000000      4.585680540000
$
a  44
$
   3  28
           2
 2     11.360000000000    -28.340616270000
 2      5.680000000000     -4.944629230000
           4
 2     11.105269300000    209.822971220000
 2      5.414745400000     30.654726420000
 2     11.360000000000     28.340616270000
 2      5.680000000000      4.944629230000
           4
 2      9.771270700000    146.336182280000
 2      5.073990800000     24.127877230000
 2     11.360000000000     28.340616270000
 2      5.680000000000      4.944629230000
           4
 2      7.671423100000     67.515896670000
 2      4.136564700000      9.870104150000
 2     11.360000000000     28.340616270000
 2      5.680000000000      4.944629230000
$
a  45
$
   3  28
           2
 2     12.310000000000    -30.093455720000
 2      6.160000000000     -5.218481920000
           4
 2     11.720000000000    225.347753530000
 2      5.820000000000     32.823188980000
 2     12.310000000000     30.093455720000
 2      6.160000000000      5.218481920000
           4
 2     10.420000000000    158.709411590000
 2      5.450000000000     26.444100490000
 2     12.310000000000     30.093455720000
 2      6.160000000000      5.218481920000
           4
 2      8.820000000000     62.758625720000
 2      3.870000000000     10.978719470000
 2     12.310000000000     30.093455720000
 2      6.160000000000      5.218481920000
$
a  46
$
   3  28
           2
 2     13.270000000000    -31.929554310000
 2      6.630000000000     -5.398216940000
           4
 2     12.430000000000    240.229040330000
 2      6.170759400000     35.171943470000
 2     13.270000000000     31.929554310000
 2      6.630000000000      5.398216940000
           4
 2     11.080000000000    170.417276050000
 2      5.829554100000     28.472132870000
 2     13.270000000000     31.929554310000
 2      6.630000000000      5.398216940000
           4
 2      9.510000000000     69.013844880000
 2      4.139781100000     11.750861580000
 2     13.270000000000     31.929554310000
 2      6.630000000000      5.398216940000
$
a  47
$
   3  28
           2
 2     14.220000000000    -33.689920120000
 2      7.110000000000     -5.531120210000
           4
 2     13.130000000000    255.139364520000
 2      6.510000000000     36.866121540000
 2     14.220000000000     33.689920120000
 2      7.110000000000      5.531120210000
           4
 2     11.740000000000    182.181868710000
 2      6.200000000000     30.357751480000
 2     14.220000000000     33.689920120000
 2      7.110000000000      5.531120210000
           4
 2     10.210000000000     73.719260870000
 2      4.380000000000     12.502117120000
 2     14.220000000000     33.689920120000
 2      7.110000000000      5.531120210000
$
a  48
$
   3  28
           2
 2     15.184795700000    -35.476625550000
 2      7.592397800000     -5.617676850000
           4
 2     13.835868900000    270.009483240000
 2      6.857270400000     38.767307980000
 2     15.184795700000     35.476625550000
 2      7.592397800000      5.617676850000
           4
 2     12.404971000000    193.829629390000
 2      6.567799500000     31.896525230000
 2     15.184795700000     35.476625550000
 2      7.592397800000      5.617676850000
           4
 2     10.896925300000     79.193647000000
 2      4.641164900000     13.230826740000
 2     15.184795700000     35.476625550000
 2      7.592397800000      5.617676850000
$
a  49
$
   3  28
           2
 2     12.539056000000    -13.728078000000
 2     12.552561000000    -18.206866000000
           4
 2     15.392822000000    281.122350000000
 2      8.055864000000     61.901470000000
 2     12.539056000000     13.728078000000
 2     12.552561000000     18.206866000000
           6
 2     13.928672000000     67.462154000000
 2     13.347234000000    134.949250000000
 2      7.614132000000     14.746140000000
 2      7.318365000000     29.639262000000
 2     12.539056000000     13.728078000000
 2     12.552561000000     18.206866000000
           6
 2     14.034715000000     35.493254000000
 2     14.511616000000     53.178773000000
 2      5.550550000000      9.177281000000
 2      5.059415000000     12.392410000000
 2     12.539056000000     13.728078000000
 2     12.552561000000     18.206866000000
$
a  50
$
   3  28
           2
 2     12.282348000000    -12.576333000000
 2     12.272150000000    -16.595944000000
           4
 2     17.420414000000    279.988682000000
 2      7.631155000000     62.377810000000
 2     12.282348000000     12.576333000000
 2     12.272150000000     16.595944000000
           6
 2     16.131024000000     66.162523000000
 2     15.628077000000    132.174396000000
 2      7.325608000000     16.339417000000
 2      6.942519000000     32.488959000000
 2     12.282348000000     12.576333000000
 2     12.272150000000     16.595944000000
           6
 2     15.514976000000     36.387441000000
 2     15.188160000000     54.507841000000
 2      5.456024000000      8.696823000000
 2      5.363105000000     12.840208000000
 2     12.282348000000     12.576333000000
 2     12.272150000000     16.595944000000
$
a  51
$
   3  28
           2
 2     14.444978000000    -15.366801000000
 2     14.449295000000    -20.296138000000
           4
 2     16.330865000000    281.071581000000
 2      8.556542000000     61.716604000000
 2     14.444978000000     15.366801000000
 2     14.449295000000     20.296138000000
           6
 2     14.470337000000     67.457380000000
 2     13.816194000000    134.933503000000
 2      8.424924000000     14.716344000000
 2      8.092728000000     29.518512000000
 2     14.444978000000     15.366801000000
 2     14.449295000000     20.296138000000
           6
 2     14.886331000000     35.447815000000
 2     15.146319000000     53.143466000000
 2      5.908267000000      9.179223000000
 2      5.594322000000     13.240253000000
 2     14.444978000000     15.366801000000
 2     14.449295000000     20.296138000000
$
a  52
$
   3  28
           2
 2     15.206168000000    -15.745450000000
 2     15.201702000000    -20.742448000000
           4
 2     16.814473000000    281.045843000000
 2      8.793526000000     61.620656000000
 2     15.206168000000     15.745450000000
 2     15.201702000000     20.742448000000
           6
 2     14.877801000000     67.449464000000
 2     14.269731000000    134.904304000000
 2      8.724435000000     14.689547000000
 2      8.291515000000     29.415063000000
 2     15.206168000000     15.745450000000
 2     15.201702000000     20.742448000000
           6
 2     15.205008000000     35.432057000000
 2     15.225848000000     53.135687000000
 2      6.071769000000      9.069802000000
 2      5.804760000000     13.122304000000
 2     15.206168000000     15.745450000000
 2     15.201702000000     20.742448000000
$
a  53
$
   3  28
           4
 2     19.458609000000    -21.842040000000
 2     19.349260000000    -28.468191000000
 2      4.823767000000     -0.243713000000
 2      4.884315000000     -0.320804000000
           7
 2     40.015835000000     49.994293000000
 2     17.429747000000    281.025317000000
 2      9.005484000000     61.573326000000
 2     19.458609000000     21.842040000000
 2     19.349260000000     28.468191000000
 2      4.823767000000      0.243713000000
 2      4.884315000000      0.320804000000
           8
 2     15.355466000000     67.442841000000
 2     14.971833000000    134.881137000000
 2      8.960164000000     14.675051000000
 2      8.259096000000     29.375666000000
 2     19.458609000000     21.842040000000
 2     19.349260000000     28.468191000000
 2      4.823767000000      0.243713000000
 2      4.884315000000      0.320804000000
          10
 2     15.068908000000     35.439529000000
 2     14.555322000000     53.176057000000
 2      6.718647000000      9.067195000000
 2      6.456393000000     13.206937000000
 2      1.191779000000      0.089335000000
 2      1.291157000000      0.052380000000
 2     19.458609000000     21.842040000000
 2     19.349260000000     28.468191000000
 2      4.823767000000      0.243713000000
 2      4.884315000000      0.320804000000
$
a  54
$
   3  28
           4
 2     20.881557000000    -23.089295000000
 2     20.783443000000    -30.074475000000
 2      5.253389000000     -0.288227000000
 2      5.361188000000     -0.386924000000
           7
 2     40.005184000000     49.997962000000
 2     17.812214000000    281.013303000000
 2      9.304150000000     61.538255000000
 2     20.881557000000     23.089295000000
 2     20.783443000000     30.074475000000
 2      5.253389000000      0.288227000000
 2      5.361188000000      0.386924000000
           8
 2     15.701772000000     67.439142000000
 2     15.258608000000    134.874711000000
 2      9.292184000000     14.663300000000
 2      8.559003000000     29.354730000000
 2     20.881557000000     23.089295000000
 2     20.783443000000     30.074475000000
 2      5.253389000000      0.288227000000
 2      5.361188000000      0.386924000000
          10
 2     15.185600000000     35.436908000000
 2     14.284500000000     53.195772000000
 2      7.121889000000      9.046232000000
 2      6.991963000000     13.223681000000
 2      0.623946000000      0.084853000000
 2      0.647284000000      0.044155000000
 2     20.881557000000     23.089295000000
 2     20.783443000000     30.074475000000
 2      5.253389000000      0.288227000000
 2      5.361188000000      0.386924000000
$
a  55
$
   3  46
           1
 2      3.123269000000    -28.884309000000
           3
 2      4.079750000000     84.547730000000
 2      2.417406000000     16.654173000000
 2      3.123269000000     28.884309000000
           3
 2      5.514080000000    157.049059000000
 2      2.160316000000     26.423307000000
 2      3.123269000000     28.884309000000
           3
 2      1.807410000000     13.172753000000
 2      0.858182000000      3.342833000000
 2      3.123269000000     28.884309000000
$
a  56
$
   3  46
           1
 2      3.589465000000    -33.473174000000
           3
 2      9.526986000000    427.845816000000
 2      4.487510000000    204.417530000000
 2      3.589465000000     33.473174000000
           3
 2      8.315930000000    293.605864000000
 2      4.292217000000    294.193316000000
 2      3.589465000000     33.473174000000
           3
 2      5.916108000000    112.550402000000
 2      2.874842000000    181.782621000000
 2      3.589465000000     33.473174000000
$
a  57
$
   3  46
           1
 2      4.028600000000    -36.010016000000
           3
 2      3.309900000000     91.932177000000
 2      1.655000000000     -3.788764000000
 2      4.028600000000     36.010016000000
           3
 2      2.836800000000     63.759486000000
 2      1.418400000000     -0.647958000000
 2      4.028600000000     36.010016000000
           3
 2      2.021300000000     36.116173000000
 2      1.010700000000      0.219114000000
 2      4.028600000000     36.010016000000
$
a  72
$
   3  60
           1
 2      1.785769840000     10.046722510000
           3
 2     14.769959000000   1499.284710730000
 2      7.384979400000     40.282101360000
 2      1.785769840000    -10.046722510000
           3
 2      9.849489500000    397.733005330000
 2      4.924744500000     19.316405860000
 2      1.785769840000    -10.046722510000
           3
 2      6.096756400000    101.329805260000
 2      3.048378200000      5.873438210000
 2      1.785769840000    -10.046722510000
$
a  73
$
   3  60
           1
 2      2.017881110000     12.017960940000
           3
 2     14.546407700000   1345.880647030000
 2      7.273203800000     36.766806200000
 2      2.017881110000    -12.017960940000
           3
 2      9.935565290000    378.425301450000
 2      4.967782430000     22.293090860000
 2      2.017881110000    -12.017960940000
           3
 2      6.347376910000    104.883955710000
 2      3.173688460000      8.755848050000
 2      2.017881110000    -12.017960940000
$
a  74
$
   3  60
           1
 2      2.258888460000     14.152579470000
           3
 2     14.322856400000   1192.395882260000
 2      7.161428100000     32.522933150000
 2      2.258888460000    -14.152579470000
           3
 2     10.021641100000    359.031967110000
 2      5.010820400000     24.030380190000
 2      2.258888460000    -14.152579470000
           3
 2      6.597997430000    108.301348970000
 2      3.298998710000     10.982528270000
 2      2.258888460000    -14.152579470000
$
a  75
$
   3  60
           1
 2      2.508650590000     16.449852270000
           3
 2     14.099305100000   1038.951572260000
 2      7.049652500000     29.561738300000
 2      2.508650590000    -16.449852270000
           3
 2     10.107716900000    339.543509650000
 2      5.053858300000     24.913696460000
 2      2.508650590000    -16.449852270000
           3
 2      6.848617940000    111.699652750000
 2      3.424308970000     12.624329270000
 2      2.508650590000    -16.449852270000
$
a  76
$
   3  60
           1
 2      2.767075100000     18.909457010000
           3
 2     13.875753900000    885.405719140000
 2      6.937876900000     25.967040140000
 2      2.767075100000    -18.909457010000
           3
 2     10.193792600000    320.083901850000
 2      5.096896200000     26.148764930000
 2      2.767075100000    -18.909457010000
           3
 2      7.099238460000    115.044843130000
 2      3.549619230000     13.622574570000
 2      2.767075100000    -18.909457010000
$
a  77
$
   3  60
           1
 2      3.034071920000     21.531031070000
           3
 2     13.652202600000    732.269199780000
 2      6.826101300000     26.484720870000
 2      3.034071920000    -21.531031070000
           3
 2     10.279868400000    299.489473570000
 2      5.139934100000     26.466233540000
 2      3.034071920000    -21.531031070000
           3
 2      7.349858970000    124.457594510000
 2      3.674929490000     14.035995180000
 2      3.034071920000    -21.531031070000
$
a  78
$
   3  60
           1
 2      3.309568570000     24.314375730000
           3
 2     13.428651300000    579.223860920000
 2      6.714325600000     29.669490620000
 2      3.309568570000    -24.314375730000
           3
 2     10.365944200000    280.860774220000
 2      5.182972100000     26.745382040000
 2      3.309568570000    -24.314375730000
           3
 2      7.600479490000    120.396444290000
 2      3.800239740000     15.810920580000
 2      3.309568570000    -24.314375730000
$
a  79
$
   3  60
           2
 2      4.789820000000     30.490088900000
 2      2.394910000000      5.171073810000
           4
 2     13.205100000000    426.846679200000
 2      6.602550000000     37.007082850000
 2      4.789820000000    -30.490088900000
 2      2.394910000000     -5.171073810000
           4
 2     10.452020000000    261.199580380000
 2      5.226010000000     26.962496040000
 2      4.789820000000    -30.490088900000
 2      2.394910000000     -5.171073810000
           4
 2      7.851100000000    124.790665610000
 2      3.925550000000     16.300725730000
 2      4.789820000000    -30.490088900000
 2      2.394910000000     -5.171073810000
$
a  80
$
   3  60
           1
 2      3.885791120000     30.364996430000
           3
 2     12.981548700000    275.737211740000
 2      6.490774400000     49.089212490000
 2      3.885791120000    -30.364996430000
           3
 2     10.538095800000    241.540073980000
 2      5.269047900000     27.396590810000
 2      3.885791120000    -30.364996430000
           3
 2      8.101720510000    127.867007610000
 2      4.050860260000     16.608311510000
 2      3.885791120000    -30.364996430000
$
a  81
$
   3  60
           4
 2      5.626399000000     15.825488000000
 2      5.548952000000     21.104021000000
 2      2.874946000000      2.915127000000
 2      2.821451000000      3.896903000000
           6
 2     12.167805000000    281.284663000000
 2      8.294909000000     62.434251000000
 2      5.626399000000    -15.825488000000
 2      5.548952000000    -21.104021000000
 2      2.874946000000     -2.915127000000
 2      2.821451000000     -3.896903000000
           8
 2      7.151492000000      4.633408000000
 2      5.172865000000      9.341756000000
 2      9.891072000000     72.299253000000
 2      9.003391000000    144.558037000000
 2      5.626399000000    -15.825488000000
 2      5.548952000000    -21.104021000000
 2      2.874946000000     -2.915127000000
 2      2.821451000000     -3.896903000000
           8
 2      7.130218000000     35.943039000000
 2      6.926906000000     53.909593000000
 2      5.417570000000     10.381939000000
 2      5.138681000000     15.583822000000
 2      5.626399000000    -15.825488000000
 2      5.548952000000    -21.104021000000
 2      2.874946000000     -2.915127000000
 2      2.821451000000     -3.896903000000
$
a  82
$
   3  60
           2
 2      3.887512000000     12.209892000000
 2      3.811963000000     16.190291000000
           4
 2     12.296303000000    281.285499000000
 2      8.632634000000     62.520217000000
 2      3.887512000000    -12.209892000000
 2      3.811963000000    -16.190291000000
           6
 2     10.241790000000     72.276897000000
 2      8.924176000000    144.591083000000
 2      6.581342000000      4.758693000000
 2      6.255403000000      9.940621000000
 2      3.887512000000    -12.209892000000
 2      3.811963000000    -16.190291000000
           6
 2      7.754336000000     35.848507000000
 2      7.720281000000     53.724342000000
 2      4.970264000000     10.115256000000
 2      4.563789000000     14.833731000000
 2      3.887512000000    -12.209892000000
 2      3.811963000000    -16.190291000000
$
a  83
$
   3  60
           2
 2      4.214546000000     13.713383000000
 2      4.133400000000     18.194308000000
           4
 2     13.043090000000    283.264227000000
 2      8.221682000000     62.471959000000
 2      4.214546000000    -13.713383000000
 2      4.133400000000    -18.194308000000
           6
 2     10.467777000000     72.001499000000
 2      9.118901000000    144.002277000000
 2      6.754791000000      5.007945000000
 2      6.252592000000      9.991550000000
 2      4.214546000000    -13.713383000000
 2      4.133400000000    -18.194308000000
           6
 2      8.081474000000     36.396259000000
 2      7.890595000000     54.597664000000
 2      4.955556000000      9.984294000000
 2      4.704559000000     14.981485000000
 2      4.214546000000    -13.713383000000
 2      4.133400000000    -18.194308000000
$
a  84
$
   3  60
           4
 2      5.013270000000     17.428295000000
 2      4.984640000000     23.380353000000
 2      1.326760000000      0.163392000000
 2      1.528758000000      0.324566000000
           6
 2     13.277227000000    283.244706000000
 2      8.399518000000     62.396461000000
 2      5.013270000000    -17.428295000000
 2      4.984640000000    -23.380353000000
 2      1.326760000000     -0.163392000000
 2      1.528758000000     -0.324566000000
           8
 2     10.665682000000     71.991716000000
 2      9.283753000000    143.971871000000
 2      6.872749000000      4.949615000000
 2      6.326150000000      9.740499000000
 2      5.013270000000    -17.428295000000
 2      4.984640000000    -23.380353000000
 2      1.326760000000     -0.163392000000
 2      1.528758000000     -0.324566000000
           8
 2      8.214866000000     36.378383000000
 2      8.008696000000     54.562715000000
 2      5.055227000000      9.889499000000
 2      4.782553000000     14.693877000000
 2      5.013270000000    -17.428295000000
 2      4.984640000000    -23.380353000000
 2      1.326760000000     -0.163392000000
 2      1.528758000000     -0.324566000000
$
a  85
$
   3  60
           4
 2      5.812163000000     19.870198000000
 2      5.753715000000     26.416452000000
 2      2.513472000000      0.994970000000
 2      2.536261000000      1.490701000000
           7
 2     30.200832000000     49.957158000000
 2     13.612306000000    283.210371000000
 2      8.529340000000     62.281052000000
 2      5.812163000000    -19.870198000000
 2      5.753715000000    -26.416452000000
 2      2.513472000000     -0.994970000000
 2      2.536261000000     -1.490701000000
           8
 2     10.854065000000     71.982371000000
 2      9.468229000000    143.903532000000
 2      7.031114000000      4.871759000000
 2      6.143858000000      8.983059000000
 2      5.812163000000    -19.870198000000
 2      5.753715000000    -26.416452000000
 2      2.513472000000     -0.994970000000
 2      2.536261000000     -1.490701000000
           8
 2      8.313515000000     36.363237000000
 2      7.998965000000     54.548970000000
 2      5.179966000000      9.776285000000
 2      4.942226000000     14.264755000000
 2      5.812163000000    -19.870198000000
 2      5.753715000000    -26.416452000000
 2      2.513472000000     -0.994970000000
 2      2.536261000000     -1.490701000000
$
a  86
$
   3  60
           4
 2      6.348571000000     21.797290000000
 2      6.295949000000     28.946805000000
 2      2.882118000000      1.447365000000
 2      2.908048000000      2.177964000000
           7
 2     30.151242000000     49.965551000000
 2     14.521241000000    283.070000000000
 2      8.052038000000     62.002870000000
 2      6.348571000000    -21.797290000000
 2      6.295949000000    -28.946805000000
 2      2.882118000000     -1.447365000000
 2      2.908048000000     -2.177964000000
           8
 2     11.009942000000     71.969119000000
 2      9.617625000000    143.860559000000
 2      7.336008000000      4.714761000000
 2      6.406253000000      9.013065000000
 2      6.348571000000    -21.797290000000
 2      6.295949000000    -28.946805000000
 2      2.882118000000     -1.447365000000
 2      2.908048000000     -2.177964000000
           8
 2      8.369220000000     36.368365000000
 2      8.116975000000     54.551761000000
 2      5.353656000000      9.634487000000
 2      5.097212000000     14.387902000000
 2      6.348571000000    -21.797290000000
 2      6.295949000000    -28.946805000000
 2      2.882118000000     -1.447365000000
 2      2.908048000000     -2.177964000000
$

$ END OF ECP
