$ H - HE: J.S. BINKLEY, J.A. POPLE, W.J.HEHRE, J. AM. CHEM.SOC. 102, 939 (1980)
$ LI - AR: W.J. STEVENS, H. BASCH, M. KRAUSS, J. CHEM. PHYS. 81, 6026 (1984)
$ K - RN:  W.J. STEVENS, M. KRAUSS, H. BASCH, P. G. Jasien, Can. J. Chem. 70,
$ 612 (1992)
$ CE - LU: T. R. CUNDARI AND W.J. STEVENS, J. CHEM. PHYS. 98, 5555 (1993)
$
a  39
$
   3  28
           1
 1      3.133230000000     -3.708270000000
           3
 0      0.747340000000      3.524580000000
 2      2.110460000000   -115.677950000000
 2      2.374310000000    141.665510000000
           3
 0      0.829240000000      3.453190000000
 2      1.929730000000    -67.461920000000
 2      2.203790000000     85.094530000000
           2
 0      9.367700000000      2.295900000000
 2      2.830380000000     20.621820000000
$
a  40
$
   3  28
           1
 1      4.314410000000     -6.119230000000
           3
 0      0.930350000000      4.570310000000
 2      2.330030000000   -112.558540000000
 2      2.666320000000    139.029720000000
           3
 0      0.977530000000      4.045240000000
 2      2.149980000000    -66.647680000000
 2      2.508920000000     86.370340000000
           2
 0     16.575980000000      5.640850000000
 2      3.320790000000     26.660930000000
$
a  41
$
   3  28
           1
 1      4.641980000000     -5.816950000000
           3
 0      1.073390000000      4.999370000000
 2      2.511740000000   -100.178560000000
 2      2.939400000000    127.215700000000
           3
 0      0.996260000000      3.647940000000
 2      2.280200000000    -62.174370000000
 2      2.733600000000     85.808450000000
           2
 0     10.488030000000      2.772060000000
 2      3.642660000000     29.052460000000
$
a  42
$
   3  28
           1
 1      5.625070000000     -7.230090000000
           3
 0      1.019070000000      3.836950000000
 2      2.683860000000    -90.191510000000
 2      3.279450000000    129.352140000000
           3
 0      1.109570000000      3.832950000000
 2      2.497080000000    -62.982310000000
 2      3.047400000000     89.774780000000
           2
 0      9.704000000000      2.734860000000
 2      4.030980000000     32.532310000000
$
a  43
$
   3  28
           1
 1      6.260670000000     -7.543560000000
           3
 0      1.177310000000      4.313770000000
 2      2.864180000000    -80.618470000000
 2      3.614320000000    120.825470000000
           3
 0      1.084490000000      3.389520000000
 2      2.599070000000    -57.065680000000
 2      3.304520000000     89.030160000000
           2
 0     11.620920000000      2.863650000000
 2      4.459000000000     37.180140000000
$
a  44
$
   3  28
           1
 1      6.983040000000     -7.984480000000
           3
 0      1.293930000000      4.823840000000
 2      3.048710000000    -81.319360000000
 2      3.871630000000    124.369170000000
           3
 0      1.202730000000      3.865900000000
 2      2.823030000000    -72.150480000000
 2      3.483910000000    103.670060000000
           2
 0     14.337430000000      3.210830000000
 2      4.900030000000     42.073210000000
$
a  45
$
   3  28
           1
 1      7.649680000000     -8.132250000000
           3
 0      1.337770000000      5.207730000000
 2      2.953080000000    -50.068460000000
 2      4.391310000000     90.368590000000
           3
 0      1.194680000000      3.858740000000
 2      2.924340000000    -72.743480000000
 2      3.675030000000    106.116150000000
           2
 0     17.892480000000      3.348250000000
 2      5.348740000000     47.138830000000
$
a  46
$
   3  28
           1
 1      8.343270000000     -8.334660000000
           3
 0      1.213150000000      3.978090000000
 2      4.033010000000    218.992500000000
 2      3.457720000000   -168.444040000000
           3
 0      1.456070000000      4.140210000000
 2      4.055100000000    108.326010000000
 2      3.216160000000    -72.831470000000
           2
 0     19.544770000000      3.306110000000
 2      5.846640000000     52.788020000000
$
a  47
$
   3  28
           1
 1      9.016960000000     -8.446690000000
           3
 0      1.517400000000      6.206340000000
 2      3.230880000000    -56.826240000000
 2      4.827470000000     92.401730000000
           3
 0      1.216990000000      3.756370000000
 2      3.186150000000    -80.953350000000
 2      4.053490000000    118.868010000000
           2
 0     22.940200000000      3.408950000000
 2      6.266270000000     57.105130000000
$

$ END OF ECP
