$ Elements                             References
$ --------                             ----------
$ K - Au: P. J. Hay and W. R. Wadt, J. Chem. Phys. 82, 299 (1985).
$         P. J. Hay (Private Communication).
$
a  19
$
   2  10
           5
 1   1067.108157500000    -10.000000000000
 2    218.418514200000   -124.346930600000
 2     50.043350200000    -43.993746800000
 2     14.937450000000    -16.594615800000
 2      5.099693700000     -1.872868600000
           3
 0     16.550398800000      3.000000000000
 1     19.164159100000     10.482860900000
 2      4.891068400000     45.456156900000
           5
 0     95.364585500000      5.000000000000
 1    119.120906200000      5.574830700000
 2     57.079581500000    309.649318900000
 2     17.445091000000    125.595180900000
 2      4.463613100000     23.197764900000
$
a  20
$
   2  10
           5
 1   1270.454380800000    -10.000000000000
 2    260.249505700000   -136.368419000000
 2     59.706850100000    -48.340360000000
 2     17.681815000000    -18.514190200000
 2      5.966820700000     -2.211474000000
           3
 0     18.602991200000      3.000000000000
 1     21.413897100000     11.722802700000
 2      5.685187900000     54.211756100000
           5
 0    134.768723300000      5.000000000000
 1    181.845800400000      5.163934000000
 2     80.924013200000    442.868602200000
 2     23.380699300000    175.025598900000
 2      5.186856400000     28.821743400000
$
a  21
$
   2  10
           3
 1    237.316652800000    -10.000000000000
 2     42.648900400000    -48.969555300000
 2     10.621122900000     -8.706604400000
           5
 0     69.255232400000      3.000000000000
 1     58.895341600000     17.058455900000
 2     27.263745900000    167.959541200000
 2      5.473730400000    179.838211300000
 2      5.152360700000   -121.152314400000
           6
 0     77.251297000000      5.000000000000
 1     44.452715500000      6.108819500000
 2     53.685475200000    192.938491400000
 2     18.942117000000    127.227475500000
 2      4.797057300000     68.094597400000
 2      4.414292500000    -41.646910800000
$
a  22
$
   2  10
           3
 1    265.326390900000    -10.000000000000
 2     47.768781500000    -51.842781600000
 2     11.890333400000     -9.142914500000
           5
 0     81.473069600000      3.000000000000
 1     72.649672400000     19.482557900000
 2     31.812821300000    207.334927900000
 2      6.166446800000    235.674450100000
 2      5.826834700000   -166.878438700000
           5
 0     50.296694300000      5.000000000000
 1     63.508975400000      5.534882200000
 2     26.099608400000    177.841938400000
 2      5.602257300000    107.420715300000
 2      5.217106900000    -71.906590200000
$
a  23
$
   2  10
           3
 1    296.448758200000    -10.000000000000
 2     53.501505200000    -54.890980800000
 2     13.320451000000     -9.701058600000
           5
 0     93.219365400000      3.000000000000
 1     71.102956700000     22.534568900000
 2     33.876699300000    216.563400900000
 2      6.869120000000    252.682253800000
 2      6.480472200000   -176.267165400000
           5
 0     52.095397700000      5.000000000000
 1     65.677841100000      5.700355500000
 2     27.470376400000    182.905427400000
 2      6.235202000000    117.275622600000
 2      5.813990900000    -78.582913400000
$
a  24
$
   2  10
           3
 1    329.272053900000    -10.000000000000
 2     59.548759700000    -57.940939800000
 2     14.826596600000    -10.262328500000
           5
 0    100.026065300000      3.000000000000
 1     67.846812400000     25.253459900000
 2     34.677100600000    210.647236600000
 2      7.675700500000    235.281958700000
 2      7.207742700000   -152.534346100000
           5
 0     47.972332100000      5.000000000000
 1     59.622487300000      5.639026600000
 2     26.043260000000    164.836219800000
 2      6.558269200000    106.016801800000
 2      6.126823600000    -69.858546800000
$
a  25
$
   2  10
           3
 1    357.391446900000    -10.000000000000
 2     64.647738900000    -60.299028700000
 2     16.096083300000    -10.421783400000
           5
 0    107.412721500000      3.000000000000
 1    111.495897300000     16.259181900000
 2     46.556834600000    276.937392800000
 2      8.368813500000    241.317434200000
 2      7.723748900000   -146.463532900000
           5
 0     80.041510300000      5.000000000000
 1    105.604364600000      5.758975600000
 2     40.830046600000    285.291865400000
 2      8.009845700000    143.422264700000
 2      7.339092800000    -88.703185100000
$
a  26
$
   2  10
           3
 1    392.614978700000    -10.000000000000
 2     71.175697900000    -63.266751800000
 2     17.732028100000    -10.961333800000
           5
 0    126.057189500000      3.000000000000
 1    138.126425100000     18.172913700000
 2     54.209885800000    339.123116400000
 2      9.283796600000    317.106801200000
 2      8.628908200000   -207.342164900000
           5
 0     83.175949000000      5.000000000000
 1    106.055993800000      5.953593000000
 2     42.828493700000    294.266552700000
 2      8.770180500000    154.424463500000
 2      8.039781800000    -95.316424900000
$
a  27
$
   2  10
           3
 1    434.107610400000    -10.000000000000
 2     78.840275800000    -66.724027600000
 2     19.603774900000    -11.719224300000
           4
 0    151.230758200000      3.000000000000
 1    169.679002600000     20.155311000000
 2     64.990942300000    413.376224400000
 2     12.507628700000    133.872770500000
           4
 0     92.731992400000      5.000000000000
 1    121.191018300000      6.189235300000
 2     48.626590900000    326.321591900000
 2     11.996697100000     73.878897000000
$
a  28
$
   2  10
           3
 1    469.932433100000    -10.000000000000
 2     85.423641100000    -69.408480500000
 2     21.267498400000    -12.095102000000
           4
 0    162.168609700000      3.000000000000
 1    176.533323200000     22.025361800000
 2     68.956201000000    443.018108800000
 2     13.579283800000    145.569641100000
           4
 0     69.018150600000      5.000000000000
 1    275.595559600000      4.988282400000
 2     47.131545300000    256.694585300000
 2     12.987407500000     78.475445000000
$
a  29
$
   2  10
           3
 1    511.995176300000    -10.000000000000
 2     93.280107400000    -72.554828200000
 2     23.220666900000    -12.745023100000
           4
 0    173.118085400000      3.000000000000
 1    185.241988600000     23.835182500000
 2     73.151784700000    473.893048800000
 2     14.688415700000    157.634582300000
           4
 0    100.719136900000      5.000000000000
 1    130.834566500000      6.499093600000
 2     53.868372000000    351.460539500000
 2     14.098946900000     85.501603600000
$
a  37
$
   3  28
           5
 0    879.598366400000     -0.036436200000
 1    142.018869500000    -20.803305200000
 2     40.934688200000   -115.466191000000
 2      9.908480200000    -42.506129300000
 2      3.155604100000     -5.524788900000
           4
 0     70.980721500000      2.974791000000
 1     38.694980700000     36.117043500000
 2     15.908203500000    152.274106800000
 2      3.715265900000     53.715190600000
           5
 0     93.305868400000      4.955102600000
 1     47.122137000000     24.272623600000
 2     48.805064000000    215.234141100000
 2     14.378494900000    151.668766600000
 2      3.054780700000     33.875028000000
           4
 0     33.047743000000      3.046522400000
 1      9.960188000000     29.424362400000
 2      3.740357700000     33.443180800000
 2      0.812420800000     11.102946000000
$
a  38
$
   3  28
           5
 0    782.380463100000     -0.038432300000
 1    124.654233800000    -20.617427100000
 2     36.987496600000   -101.173774400000
 2      9.882881900000    -38.774360300000
 2      3.282958800000     -4.647924300000
           4
 0     59.324063100000      2.998902200000
 1     55.203847200000     25.655266900000
 2     20.469209200000    183.181853300000
 2      3.958814100000     58.438473900000
           5
 0     92.120199100000      4.955118900000
 1     46.813255900000     25.447236700000
 2     48.656643200000    203.800278000000
 2     14.950323800000    155.051874000000
 2      3.426878500000     39.360519200000
           5
 0     65.829130100000      3.005645100000
 1     32.728262100000     26.706411900000
 2     21.114603000000     74.575690100000
 2      9.107129200000     63.174212100000
 2      2.811075400000     20.296116200000
$
a  39
$
   3  28
           5
 0    578.431034900000     -0.040481700000
 1    152.779200400000    -20.619434400000
 2     44.930152400000   -116.752227900000
 2     11.458791800000    -43.797580600000
 2      3.752326700000     -5.424760900000
           4
 0     59.471511400000      2.980133900000
 1     17.217355300000     34.783467600000
 2     18.479709300000     28.845324600000
 2      4.327619200000     64.764208800000
           4
 0     45.727100500000      4.988578300000
 1     49.459588600000     19.650656400000
 2     18.995237300000    194.094318100000
 2      3.660319300000     43.134976900000
           5
 0     62.826843500000      3.006664700000
 1     31.889790400000     25.987925000000
 2     18.364657200000     85.717289700000
 2      7.306240000000     48.779256800000
 2      2.405163500000     11.453510400000
$
a  40
$
   3  28
           5
 0    645.932187300000     -0.042584300000
 1    134.754740100000    -20.222240900000
 2     42.307461900000   -101.869517200000
 2     12.000322700000    -41.619578400000
 2      4.126045400000     -4.698616000000
           3
 0    117.625186200000      2.791055900000
 1     22.964608900000     41.948945900000
 2      4.522529800000     67.727186600000
           4
 0     47.195314500000      4.991114400000
 1     48.035603300000     20.719317200000
 2     19.454145600000    195.586775800000
 2      4.051287500000     48.287717600000
           5
 0     79.907398300000      3.004922600000
 1     45.826379800000     25.937798900000
 2     26.990352200000    125.124493400000
 2      9.683571800000     70.763402200000
 2      2.799566600000     15.049282200000
$
a  41
$
   3  28
           5
 0    342.963840500000     -0.044740100000
 1    139.930801400000    -20.053510000000
 2     43.352340500000   -103.724402100000
 2     12.444853300000    -41.045916500000
 2      4.320483700000     -4.204621900000
           3
 0    112.863061700000      2.796466900000
 1     22.967867600000     42.884578600000
 2      4.934067300000     75.187696600000
           4
 0     63.680196300000      4.946184600000
 1     23.091242900000     24.831637600000
 2     24.428364700000    137.918329200000
 2      4.231009000000     50.977847100000
           5
 0     99.335963600000      3.006405900000
 1     64.058647200000     25.534745800000
 2     37.089101100000    178.959745200000
 2     12.070857400000     92.957749000000
 2      3.157532300000     18.474425600000
$
a  42
$
   3  28
           5
 0    537.966780700000     -0.046949200000
 1    147.898293800000    -20.208008400000
 2     45.735889800000   -106.211630200000
 2     13.291146700000    -41.810736800000
 2      4.705996100000     -4.205410300000
           3
 0    110.299176000000      2.806371700000
 1     23.201464500000     44.516201200000
 2      5.353013100000     82.778522700000
           4
 0     63.290139700000      4.942087600000
 1     23.331530200000     25.860497600000
 2     24.675942300000    132.470874200000
 2      4.649304000000     57.314979400000
           5
 0    104.483997700000      3.005459100000
 1     66.230724500000     26.363785100000
 2     39.128317600000    183.384919900000
 2     13.116443700000     98.445306800000
 2      3.628026300000     22.490137700000
$
a  43
$
   3  28
           5
 0    501.119940900000     -0.049211500000
 1    150.246884400000    -20.146730800000
 2     46.709791400000   -105.579288000000
 2     13.933901400000    -41.590119700000
 2      4.985406900000     -3.941511100000
           3
 0    108.177599500000      2.822237400000
 1     23.659435100000     46.733070800000
 2      5.781497700000     90.531865700000
           4
 0     63.306201400000      4.939078200000
 1     23.693553200000     26.922963100000
 2     25.052585400000    128.507979600000
 2      5.071708400000     63.749025000000
           5
 0    102.772139700000      2.992190200000
 1     45.671375600000     28.182137900000
 2     48.261199700000     89.054846500000
 2     15.708911500000    121.189432500000
 2      3.948457600000     25.586697300000
$
a  44
$
   3  28
           5
 0    554.379630300000     -0.051527000000
 1    155.106687100000    -20.181653600000
 2     48.497626300000   -105.996691500000
 2     14.770159400000    -42.216678800000
 2      5.207736300000     -3.767502400000
           5
 0     66.711806000000      2.957834400000
 1     77.350363200000     25.374870700000
 2     18.357144500000    536.126237200000
 2     11.840472700000   -651.205722100000
 2      8.117947900000    381.381694300000
           5
 0     54.993791500000      4.965155700000
 1     13.939921200000     23.886150100000
 2     15.211824600000    464.463134400000
 2     10.546069100000   -714.445178800000
 2      7.553948600000    377.550359400000
           4
 0     60.344459500000      3.035298800000
 1     45.210030500000     23.290172300000
 2     19.119007400000    146.092662000000
 2      4.271209000000     28.912977000000
$
a  45
$
   3  28
           5
 0    600.324303200000     -0.053895800000
 1    157.691017600000    -20.131628200000
 2     49.884199500000   -105.365412100000
 2     15.596689500000    -42.327437000000
 2      5.509929600000     -3.665404300000
           5
 0     59.344252600000      2.975372800000
 1     83.742606100000     25.123030600000
 2     18.453024800000    626.092614500000
 2     12.419460600000   -812.254938500000
 2      8.817291300000    467.372934000000
           5
 0     53.430906800000      4.953721300000
 1     65.667184300000     20.487111600000
 2     16.836986200000    598.012013900000
 2     11.304213600000   -718.405902800000
 2      8.031244400000    382.817315100000
           4
 0     64.399365300000      3.027953200000
 1     43.462505300000     24.752651600000
 2     19.402030100000    142.684428900000
 2      4.687932800000     32.140685700000
$
a  46
$
   3  28
           5
 0    598.333644400000     -0.056317700000
 1    162.429829000000    -20.128803600000
 2     51.571477100000   -105.819792300000
 2     16.488826000000    -42.573334500000
 2      5.828765600000     -3.616508600000
           5
 0     73.380630400000      3.000365100000
 1     14.755043800000     32.435009300000
 2     17.835020400000    459.083038300000
 2     12.711147700000   -868.062902900000
 2      9.329206300000    514.472609800000
           5
 0     55.668987700000      4.959309900000
 1     64.233777100000     21.171102900000
 2     17.625495200000    605.056009200000
 2     11.905815500000   -726.964184600000
 2      8.510083200000    396.327488300000
           5
 0     49.999472800000      3.050874500000
 1     39.747754700000     22.250658000000
 2     11.432136600000    674.835769800000
 2      9.179008000000  -1040.855404800000
 2      7.562442900000    505.937514700000
$
a  47
$
   3  28
           5
 0    568.700623700000     -0.058793000000
 1    162.357906600000    -20.114514600000
 2     51.102575500000   -104.273311400000
 2     16.920582200000    -40.453978700000
 2      6.166959600000     -3.442000900000
           5
 0     76.097465800000      2.986152700000
 1     15.332735900000     35.157646000000
 2     18.771534500000    450.180990600000
 2     13.366329400000   -866.024830800000
 2      9.823694800000    523.111017600000
           5
 0     56.331804300000      4.964067100000
 1     69.060909800000     21.502821900000
 2     19.271799800000    546.027545300000
 2     12.577065400000   -600.382255600000
 2      8.795667000000    348.294928900000
           5
 0     53.464107800000      3.046748600000
 1     40.197545700000     23.365670500000
 2     11.908607300000    777.254011700000
 2      9.752818300000  -1238.860242300000
 2      8.178899700000    608.067712100000
$
a  55
$
   3  46
           6
 0    636.784013000000     -0.080510900000
 1    147.891244600000    -33.431144800000
 2     42.572491100000   -193.927088700000
 2     11.242788300000    -56.830143300000
 2      3.568970700000    -18.650497500000
 2      1.310746200000     -2.541139900000
           3
 0     40.864807000000      3.049993400000
 1     10.932932900000     37.967751400000
 2      2.229490300000     45.234067300000
           4
 0    118.859817100000      4.640695100000
 1     30.684795800000     62.031353300000
 2     10.176299900000    129.590948100000
 2      1.827285000000     31.518682500000
           4
 0     16.008170400000      7.305447300000
 1      2.648829100000     33.278576000000
 2     14.555567200000     53.129694800000
 2      0.670360400000     16.211887800000
$
a  56
$
   3  46
           6
 0    620.969048800000     -0.083465200000
 1    146.364882600000    -33.325767100000
 2     42.320711400000   -190.860723200000
 2     11.213515100000    -55.198417200000
 2      3.696389100000    -18.023634000000
 2      1.316950200000     -2.197828100000
           4
 0    140.366920000000      2.813116000000
 1     39.143654700000     55.305062600000
 2     12.955349300000    149.551340200000
 2      2.430875100000     50.507855300000
           5
 0     99.492226100000      4.919181200000
 1     68.271130900000     39.387207500000
 2     36.151818100000    335.075358400000
 2     10.105153700000    131.253515300000
 2      2.023264800000     36.317502500000
           5
 0     95.275253600000      2.976414000000
 1     34.660460800000     46.057114100000
 2     15.489104000000    117.165858800000
 2      5.001589500000     54.013081500000
 2      1.323626600000     15.578490600000
$
a  57
$
   3  46
           6
 0    740.916603400000     -0.086472700000
 1    146.657149900000    -33.516880300000
 2     42.358541300000   -189.070982900000
 2     11.164750000000    -54.246436700000
 2      3.755634300000    -17.135134200000
 2      1.287182700000     -1.809218500000
           4
 0    125.686266500000      2.889494300000
 1     37.576895500000     61.952159200000
 2     12.695486900000    164.807449000000
 2      2.627608200000     55.695460900000
           4
 0    179.178224700000      4.597841200000
 1     42.619566100000     71.671973600000
 2     13.413595700000    175.896589600000
 2      2.095039200000     37.913640400000
           5
 0    104.768206400000      2.970549600000
 1     40.193034000000     46.523994600000
 2     18.505079800000    137.407817600000
 2      5.805118500000     63.494518300000
 2      1.458322000000     18.099865400000
$
a  73
$
   4  60
           6
 1    768.226753300000    -60.000000000000
 2    173.594021800000   -629.712931300000
 2     43.704226800000   -221.175050300000
 2     11.618131900000    -83.476968300000
 2      4.031461800000    -17.837027500000
 2      1.090537800000     -0.816060900000
           7
 0    365.411155900000      3.000000000000
 1    697.130091500000     33.979898500000
 2    271.781037900000   1242.577624400000
 2     87.307426300000    706.166388400000
 2     22.749233900000    276.246456300000
 2      3.868008200000    513.228313200000
 2      3.671889100000   -412.960191600000
           5
 0    228.210736700000      2.000000000000
 1     62.618546200000     61.817416300000
 2     19.646567000000    194.497547900000
 2      3.365155900000    307.834667100000
 2      3.149723600000   -230.634638100000
           5
 0    151.275555400000      3.000000000000
 1     67.979491100000     55.267097800000
 2     34.747470600000    236.295754500000
 2     11.565642500000    134.475507200000
 2      3.293014800000     41.140118300000
           5
 0     82.836802900000      4.000000000000
 1     38.071987200000     50.753376000000
 2     17.454703400000    162.031287700000
 2      5.678593100000     72.061929800000
 2      1.581404100000      6.000989500000
$
a  74
$
   4  60
           6
 1    839.448912000000    -60.000000000000
 2    192.853248200000   -664.198792000000
 2     48.665197400000   -238.614365100000
 2     12.922172700000    -88.419240700000
 2      4.574889000000    -20.606232600000
 2      1.268179600000     -0.928379200000
           7
 0    313.426751800000      3.000000000000
 1    699.315546200000     39.119296700000
 2    259.892374100000   1180.969297400000
 2     85.499998000000    728.956421000000
 2     22.763592500000    293.559114000000
 2      4.076431700000    562.673149300000
 2      3.882716200000   -457.380718500000
           5
 0    224.392642400000      2.000000000000
 1     61.673693100000     63.894839300000
 2     19.146904300000    205.890183700000
 2      3.556571000000    312.142715300000
 2      3.326321000000   -231.396128100000
           5
 0    161.527895800000      3.000000000000
 1     75.581460700000     55.331525600000
 2     38.911585200000    267.197665300000
 2     12.542627100000    146.848557800000
 2      3.461518700000     44.105524300000
           5
 0     91.210272700000      4.000000000000
 1     45.415275600000     50.306552300000
 2     22.045296700000    190.736309800000
 2      6.981041300000     91.760555200000
 2      1.838048000000      8.424731200000
$
a  75
$
   4  60
           6
 1   1833.814383600000     -0.149710400000
 2    414.058945600000  -1669.255578100000
 2     59.034954000000   -346.666112900000
 2     11.917709400000    -96.668489200000
 2      3.653176400000    -11.073856700000
 2      1.276418400000     -0.579855200000
           7
 0    247.002308500000      3.149710400000
 1    631.719576700000     45.296996900000
 2    249.280044100000   1116.427958500000
 2     84.294731500000    793.641906500000
 2     23.040791200000    318.209919300000
 2      4.299711100000    586.310502500000
 2      4.097439000000   -475.690416400000
           5
 0    193.689772600000      2.149710400000
 1     56.930839400000     64.229573600000
 2     18.722760200000    218.850460700000
 2      3.734002000000    344.418916800000
 2      3.512748300000   -260.472726700000
           5
 0    126.234082400000      3.149710400000
 1     80.709082600000     46.571486800000
 2     42.552971400000    304.383459500000
 2     13.407449400000    157.158965200000
 2      3.690422800000     48.570121100000
           5
 0    112.778645900000      3.956961000000
 1     56.781596800000     52.358678100000
 2     28.583196600000    236.034082400000
 2      8.573415800000    116.578726600000
 2      2.089272100000     11.105053000000
$
a  76
$
   4  60
           5
 1    848.874329200000     -0.153729300000
 2    400.464000400000  -1642.969554200000
 2     58.035946600000   -336.795456700000
 2     12.045468200000    -94.983902700000
 2      3.444251200000    -10.351621800000
           6
 0    216.267224900000      3.153729300000
 1    343.858209800000     25.994823300000
 2    136.052360600000    859.486575600000
 2     35.038945700000    380.137650400000
 2      4.472445200000    242.701066600000
 2      3.767511900000   -125.175310700000
           5
 0    326.060013400000      2.153729300000
 1     95.633020600000     62.868427500000
 2     32.526104300000    293.132298700000
 2      3.769973000000    264.464838800000
 2      3.389585900000   -172.642031400000
           5
 0    131.031992900000      3.153729300000
 1     89.246490300000     45.339920000000
 2     46.397698000000    335.857503200000
 2     14.186605300000    166.303745700000
 2      3.766884300000     49.023782500000
           5
 0    134.736814800000      3.955798200000
 1     73.877131800000     51.952195700000
 2     38.103042500000    314.255586600000
 2     10.533769500000    147.183989400000
 2      2.333824600000     13.962294700000
$
a  77
$
   4  60
           5
 1    823.588014700000     -0.157801400000
 2    364.661333600000  -1517.527044600000
 2     55.708280100000   -316.530652900000
 2     12.046454400000    -91.888094100000
 2      3.512061000000     -9.224177300000
           6
 0    188.049077000000      3.157801400000
 1    340.419471200000     26.832257700000
 2    128.237367300000    800.425000700000
 2     33.864496100000    369.405068300000
 2      4.756000500000    242.417189900000
 2      3.964997400000   -118.217328200000
           5
 0    289.729113900000      2.157801400000
 1     87.463378900000     61.967861000000
 2     30.436376600000    269.058198600000
 2      4.055341200000    231.165479300000
 2      3.552534100000   -133.695266700000
           5
 0    136.401710600000      3.157801400000
 1     95.077692500000     45.934980300000
 2     49.225841000000    359.034466800000
 2     15.087414500000    176.474011900000
 2      4.040576400000     54.515528600000
           5
 0    127.350790800000      3.954619700000
 1     66.236437400000     52.977365500000
 2     34.429922900000    274.864338300000
 2     10.199572100000    137.204733800000
 2      2.540970200000     14.863330500000
$
a  78
$
   4  60
           5
 1    728.939405600000     -0.161926800000
 2    320.656780000000  -1320.287385200000
 2     52.868017400000   -298.317813500000
 2     12.028012800000    -87.583706500000
 2      3.523891300000     -8.149327400000
           6
 0    409.443735800000      2.733421800000
 1    274.541923100000     59.702432900000
 2    127.565857000000    891.458955000000
 2     32.903663100000    368.446765600000
 2      5.059388000000    238.026309000000
 2      4.150655600000   -107.055645400000
           4
 0    466.172889200000      1.887856800000
 1    120.788825900000     76.013862900000
 2     36.411879100000    343.551111600000
 2      5.698540800000    119.491178600000
           5
 0    249.565076300000      2.934367800000
 1    126.667858500000     59.330657100000
 2     63.143058600000    452.444519400000
 2     17.905947000000    210.476947900000
 2      4.223937300000     58.625411200000
           5
 0    121.815879900000      3.953425300000
 1     60.875703000000     53.855518200000
 2     31.476714700000    247.430513300000
 2      9.881175100000    127.818797600000
 2      2.731987400000     15.377204600000
$
a  79
$
   4  60
           5
 1    622.628795600000    -60.000000000000
 2    136.284360700000   -555.529231200000
 2     33.154978100000   -168.001978500000
 2      9.989489500000    -63.039987500000
 2      3.048131200000     -4.251668100000
           6
 0    194.737430400000      3.000000000000
 1    351.532744700000     38.602088000000
 2    122.327040200000    864.837072700000
 2     32.091461700000    374.993552000000
 2      5.245181200000    289.791010000000
 2      4.491622300000   -152.453277300000
           4
 0    420.615880100000      2.000000000000
 1    109.441781500000     73.888562500000
 2     34.171428000000    326.672987200000
 2      5.987975000000    126.581459100000
           5
 0    219.266615800000      3.000000000000
 1    122.729778600000     55.679314900000
 2     63.106336900000    449.198733500000
 2     18.368452000000    215.026909100000
 2      4.497284400000     64.084099500000
           5
 0    108.550603700000      4.000000000000
 1     56.479552700000     51.806533500000
 2     29.206915900000    231.218311300000
 2      9.544054300000    119.004738600000
 2      2.896511800000     15.342418800000
$

$ END OF ECP
