$ Elements                             References
$ --------                             ----------
$ Na - Hg: P. J. Hay and W. R. Wadt, J. Chem. Phys. 82, 270 (1985).
$          P. J. Hay and W. R. Wadt, J. Chem. Phys. 82, 284 (1985).
$          P. J. Hay and W. R. Wadt, J. Chem. Phys. 82, 299 (1985).
$
a  14
$
   2  10
           5
 1    505.313769300000    -10.000000000000
 2    103.222102600000    -84.923608700000
 2     23.456924800000    -30.329941000000
 2      6.750569300000    -12.104904600000
 2      2.160314000000     -1.894540800000
           5
 0    689.491071900000      3.000000000000
 1    114.172851000000     60.520683300000
 2     35.742433600000    201.308613700000
 2      9.452958600000     65.939974500000
 2      2.254359000000     19.030078900000
           6
 0     88.937935500000      5.000000000000
 1     76.777353800000      6.641381700000
 2     56.148098700000    247.597241600000
 2     21.187401400000    129.371538000000
 2      6.827727600000     47.461710700000
 2      2.100119200000     11.737657400000
$
a  15
$
   2  10
           5
 1    462.121142300000    -10.000000000000
 2     93.686370100000    -79.486465800000
 2     21.234909400000    -28.366825100000
 2      6.338841500000     -9.857758900000
 2      2.062068400000     -1.016378300000
           5
 0     78.083182300000      3.000000000000
 1     58.957681000000     12.910415400000
 2     36.057125500000    150.025029800000
 2     11.246445300000     71.708314600000
 2      2.675756100000     23.039701200000
           6
 0     75.161788000000      5.000000000000
 1     57.454404100000      6.344650700000
 2     47.948174800000    198.558510400000
 2     18.458836000000    111.147082000000
 2      5.941419000000     40.394414400000
 2      1.848750700000      6.448323300000
$
a  16
$
   2  10
           5
 1    532.668522200000    -10.000000000000
 2    108.134224800000    -85.359384600000
 2     24.569766400000    -30.451329000000
 2      7.370243800000    -10.374588600000
 2      2.371256900000     -0.989929500000
           5
 0    106.317678100000      3.000000000000
 1    100.824583300000     10.628403600000
 2     53.585847200000    223.636046900000
 2     15.370633200000     93.646084500000
 2      3.177840200000     28.760906500000
           6
 0    101.970918500000      5.000000000000
 1     93.280897300000      6.096984200000
 2     65.143177200000    285.442550000000
 2     24.634744000000    147.144841300000
 2      7.812053500000     53.656977800000
 2      2.311273000000      8.924955900000
$
a  17
$
   2  10
           5
 1     94.813000000000    -10.000000000000
 2    165.644000000000     66.272917000000
 2     30.831700000000    -28.968595000000
 2     10.584100000000    -12.866337000000
 2      3.770400000000     -1.710217000000
           5
 0    128.839100000000      3.000000000000
 1    120.378600000000     12.852851000000
 2     63.562200000000    275.672398000000
 2     18.069500000000    115.677712000000
 2      3.814200000000     35.060609000000
           6
 0    216.526300000000      5.000000000000
 1     46.572300000000      7.479486000000
 2    147.468500000000    613.032000000000
 2     48.986900000000    280.800685000000
 2     13.209600000000    107.878824000000
 2      3.183100000000     15.343956000000
$
a  32
$
   3  28
           5
 1    318.216758300000    -28.000000000000
 2     61.537096700000   -180.989167600000
 2     13.298689900000    -55.004390900000
 2      3.898521500000    -19.790652600000
 2      1.213766600000     -1.853357200000
           5
 0    205.188693200000      3.000000000000
 1     68.979027800000     65.226255800000
 2     27.919487900000    225.235452200000
 2      8.548165000000     94.012547200000
 2      2.317373400000     29.941500500000
           5
 0     33.248800200000      5.000000000000
 1     15.777724700000     23.477815700000
 2     14.926072200000     45.098041400000
 2      5.841639400000     56.332695700000
 2      1.834957500000     16.605864000000
           5
 0     42.020634300000      3.000000000000
 1     19.209636300000     23.737151800000
 2      9.413391700000     56.479224900000
 2      3.328290700000     25.890183500000
 2      0.852233100000      3.022983600000
$
a  33
$
   3  28
           5
 1    375.474880300000    -28.000000000000
 2     72.655476900000   -198.368735700000
 2     15.916267700000    -60.456379800000
 2      4.642025100000    -22.318827400000
 2      1.478918200000     -2.163829000000
           5
 0    105.885387000000      3.000000000000
 1     62.595184600000     31.848677700000
 2     34.501743100000    200.995821500000
 2     10.375859400000    102.638760400000
 2      2.537934700000     34.184535900000
           5
 0     37.647144000000      5.000000000000
 1     17.203466500000     24.250574700000
 2     18.907570900000     48.917496300000
 2      6.815345200000     66.533225900000
 2      2.061185300000     19.657766600000
           5
 0     52.073133500000      3.000000000000
 1     28.003782400000     23.346071200000
 2     14.705120800000     80.785491900000
 2      4.797319400000     40.268134700000
 2      1.106276300000      4.833279000000
$
a  34
$
   3  28
           5
 1    433.193133600000    -28.000000000000
 2     83.895215700000   -214.384176200000
 2     18.583913900000    -65.691878200000
 2      5.395528600000    -24.615393200000
 2      1.747432600000     -2.448149700000
           5
 0    202.898619300000      3.000000000000
 1     78.382048700000     62.029539000000
 2     35.075303700000    258.855598400000
 2     10.876954300000    118.780015300000
 2      2.800594100000     38.235527900000
           5
 0     44.301187500000      5.000000000000
 1     20.387420600000     24.797345800000
 2     23.188994800000     63.757564000000
 2      7.977766400000     79.051283100000
 2      2.298814600000     22.952018300000
           5
 0     73.362826300000      3.000000000000
 1     48.383561800000     22.470590700000
 2     25.629721100000    140.549288700000
 2      7.170582200000     63.578183500000
 2      1.363953800000      7.075361400000
$
a  35
$
   3  28
           4
 1    213.614396900000    -28.000000000000
 2     41.058538000000   -134.926885200000
 2      8.708653000000    -41.927191300000
 2      2.607466100000     -5.933642000000
           4
 0     54.198068200000      3.000000000000
 1     32.905355800000     27.343064200000
 2     13.674489000000    118.802884700000
 2      3.034115200000     43.435487600000
           5
 0     54.256334000000      5.000000000000
 1     26.009559300000     25.050425200000
 2     28.201299500000     92.615746300000
 2      9.434106100000     95.824901600000
 2      2.532176400000     26.268498300000
           5
 0     87.632872100000      3.000000000000
 1     61.737337700000     22.553355700000
 2     32.438510400000    178.124198800000
 2      8.753719900000     76.992416200000
 2      1.663318900000      9.481827000000
$
a  50
$
   3  46
           5
 0      0.216902100000     -0.066538000000
 1     33.309718200000    -29.746941600000
 2      9.884683200000    -61.830727800000
 2      2.501959300000    -18.941063400000
 2      0.783332300000     -2.238498200000
           5
 0    155.606229300000      2.948277700000
 1     56.514546400000     63.761471800000
 2     22.658364800000    230.527678800000
 2      6.583708000000     85.071331400000
 2      1.594770200000     28.821564400000
           5
 0     40.466670500000      2.694194600000
 1     13.621844000000     44.827107900000
 2      4.109268800000     57.622337000000
 2      1.504613700000    -44.685331200000
 2      1.364676200000     57.135181500000
           5
 0     60.191505200000      3.025929700000
 1     20.496114200000     39.534107100000
 2      8.443832800000     68.468650400000
 2      2.610379000000     29.112376400000
 2      0.650131700000      5.842857700000
$
a  51
$
   3  46
           6
 0    227.272355800000     -0.069226100000
 1     77.142988200000    -31.543471200000
 2     26.011650100000   -115.840730600000
 2      9.142115900000    -42.022421200000
 2      2.928108200000    -20.046393800000
 2      0.923113600000     -2.879602800000
           5
 0    116.001088800000      2.933130300000
 1     59.675506500000     44.110481900000
 2     27.613584900000    228.019805000000
 2      7.804508100000     92.561016200000
 2      1.693441800000     31.253724400000
           5
 0     27.805079600000      4.994736900000
 1     10.392968500000     38.022386000000
 2      3.638106700000     62.052065400000
 2      1.983968100000    -49.548938900000
 2      1.554656200000     51.366600000000
           5
 0     83.218303000000      2.973847000000
 1     30.307050100000     41.649582500000
 2     13.201412000000    104.591956200000
 2      3.696161100000     42.318785700000
 2      0.771114400000      7.941350300000
$
a  52
$
   3  46
           6
 0    285.032329200000     -0.071967500000
 1     75.910579800000    -31.374075400000
 2     26.182785900000   -112.971199600000
 2      9.063514100000    -41.959918500000
 2      2.954325700000    -19.127400600000
 2      0.916994200000     -2.291777800000
           5
 0    188.332750400000      2.928663900000
 1     68.630692100000     68.962677300000
 2     27.440219500000    276.963706300000
 2      7.883528200000    104.470176500000
 2      1.844336200000     34.838480500000
           5
 0     54.082279500000      4.973218800000
 1     28.543471400000     38.898363400000
 2     16.866085700000    137.313924600000
 2      5.524417600000     69.737032300000
 2      1.462522500000     22.748717800000
           5
 0     34.531264800000      3.154877800000
 1     11.269936600000     33.115364900000
 2      2.270436100000    210.305631800000
 2      1.776699200000   -321.196374600000
 2      1.425166600000    152.485300100000
$
a  53
$
   3  46
           5
 0      1.071570200000     -0.074762100000
 1     44.193602800000    -30.081122400000
 2     12.936760900000    -75.372272100000
 2      3.195641200000    -22.056375800000
 2      0.858980600000     -1.697958500000
           5
 0    127.920267000000      2.938003600000
 1     78.621146500000     41.247126700000
 2     36.514623700000    287.868009500000
 2      9.906568100000    114.375850600000
 2      1.942008600000     37.654771400000
           5
 0     13.003530400000      2.222263000000
 1     76.033140400000     39.409083100000
 2     24.196168400000    177.407500200000
 2      6.405343300000     77.988946200000
 2      1.585178600000     25.754764100000
           5
 0     40.427810800000      7.052436000000
 1     28.908437500000     33.304163500000
 2     15.626893600000    186.945387500000
 2      4.144285600000     71.968836100000
 2      0.937723500000      9.363065700000
$
a  82
$
   4  78
           6
 0    376.580378600000     -0.178960500000
 1     86.484001400000    -54.397233700000
 2     26.678427600000   -199.706175900000
 2      9.426198600000    -79.122394100000
 2      2.710171900000    -24.986902000000
 2      0.879203100000     -4.439793900000
           6
 0    132.424879600000      2.811538600000
 1     47.237604400000     65.036720500000
 2     17.631272700000    212.786854500000
 2      5.474471200000     72.105317500000
 2      1.263485600000     33.014094000000
 2      0.765144700000     -5.770846100000
           6
 0     67.896645400000      4.875491100000
 1     24.989822500000     63.914810200000
 2     10.705293900000    148.106435800000
 2      3.279256800000     47.310630100000
 2      0.845252200000     21.030670200000
 2      0.641624500000     -7.093077200000
           6
 0     68.833600500000      3.216138800000
 1     24.281587400000     55.738608600000
 2      9.453276200000    121.416835100000
 2      2.478818500000     19.345606400000
 2      2.478916100000     15.367516800000
 2      0.555173800000      6.129872400000
           6
 0    128.102132200000      4.135368200000
 1     54.802915400000     67.512844600000
 2     24.552930800000    258.737310700000
 2      8.114479200000    113.247826400000
 2      1.693129000000     34.168020100000
 2      0.767050000000     -6.553195600000
$
a  83
$
   4  78
           6
 0    223.309197100000     -0.183352000000
 1     86.469921600000    -53.338949200000
 2     26.849220300000   -201.911784100000
 2      9.382362200000    -76.311529500000
 2      2.761470800000    -24.257846800000
 2      0.942392300000     -4.031970000000
           6
 0    155.978391400000      2.791651000000
 1     54.459113900000     71.855381700000
 2     20.179455800000    252.432744400000
 2      6.127310400000     89.604510900000
 2      1.180598300000     61.174413600000
 2      0.993246400000    -33.047190600000
           6
 0     74.509138600000      4.846291400000
 1     28.048764700000     65.688339600000
 2     12.016850800000    166.261967300000
 2      3.691432700000     54.139332900000
 2      0.908082400000     28.620488000000
 2      0.739461700000    -12.345220400000
           6
 0     68.085667900000      3.218383200000
 1     23.725035500000     54.895268100000
 2      9.243705300000    116.554070800000
 2      1.845229200000     69.076066200000
 2      1.220985900000    -72.641087000000
 2      0.874086100000     38.940005500000
           6
 0    134.353898300000      3.986407500000
 1     51.581279700000     63.026207800000
 2     54.930728400000     92.525995900000
 2     17.047534600000    240.997367200000
 2      3.770282400000     62.184457700000
 2      0.767050000000     -1.725113400000
$

$ END OF ECP
