$ Elements                             References
$ --------                             ----------
$ Na - Hg: P. J. Hay and W. R. Wadt, J. Chem. Phys. 82, 270 (1985).
$          P. J. Hay and W. R. Wadt, J. Chem. Phys. 82, 284 (1985).
$          P. J. Hay and W. R. Wadt, J. Chem. Phys. 82, 299 (1985).
$
a  21
$
   2  10
           3
 1    237.316652800000    -10.000000000000
 2     42.648900400000    -48.969555300000
 2     10.621122900000     -8.706604400000
           5
 0     69.255232400000      3.000000000000
 1     58.895341600000     17.058455900000
 2     27.263745900000    167.959541200000
 2      5.473730400000    179.838211300000
 2      5.152360700000   -121.152314400000
           6
 0     77.251297000000      5.000000000000
 1     44.452715500000      6.108819500000
 2     53.685475200000    192.938491400000
 2     18.942117000000    127.227475500000
 2      4.797057300000     68.094597400000
 2      4.414292500000    -41.646910800000
$
a  22
$
   2  10
           3
 1    265.326390900000    -10.000000000000
 2     47.768781500000    -51.842781600000
 2     11.890333400000     -9.142914500000
           5
 0     81.473069600000      3.000000000000
 1     72.649672400000     19.482557900000
 2     31.812821300000    207.334927900000
 2      6.166446800000    235.674450100000
 2      5.826834700000   -166.878438700000
           5
 0     50.296694300000      5.000000000000
 1     63.508975400000      5.534882200000
 2     26.099608400000    177.841938400000
 2      5.602257300000    107.420715300000
 2      5.217106900000    -71.906590200000
$
a  23
$
   2  10
           3
 1    296.448758200000    -10.000000000000
 2     53.501505200000    -54.890980800000
 2     13.320451000000     -9.701058600000
           5
 0     93.219365400000      3.000000000000
 1     71.102956700000     22.534568900000
 2     33.876699300000    216.563400900000
 2      6.869120000000    252.682253800000
 2      6.480472200000   -176.267165400000
           5
 0     52.095397700000      5.000000000000
 1     65.677841100000      5.700355500000
 2     27.470376400000    182.905427400000
 2      6.235202000000    117.275622600000
 2      5.813990900000    -78.582913400000
$
a  24
$
   2  10
           3
 1    329.272053900000    -10.000000000000
 2     59.548759700000    -57.940939800000
 2     14.826596600000    -10.262328500000
           5
 0    100.026065300000      3.000000000000
 1     67.846812400000     25.253459900000
 2     34.677100600000    210.647236600000
 2      7.675700500000    235.281958700000
 2      7.207742700000   -152.534346100000
           5
 0     47.972332100000      5.000000000000
 1     59.622487300000      5.639026600000
 2     26.043260000000    164.836219800000
 2      6.558269200000    106.016801800000
 2      6.126823600000    -69.858546800000
$
a  25
$
   2  10
           3
 1    357.391446900000    -10.000000000000
 2     64.647738900000    -60.299028700000
 2     16.096083300000    -10.421783400000
           5
 0    107.412721500000      3.000000000000
 1    111.495897300000     16.259181900000
 2     46.556834600000    276.937392800000
 2      8.368813500000    241.317434200000
 2      7.723748900000   -146.463532900000
           5
 0     80.041510300000      5.000000000000
 1    105.604364600000      5.758975600000
 2     40.830046600000    285.291865400000
 2      8.009845700000    143.422264700000
 2      7.339092800000    -88.703185100000
$
a  26
$
   2  10
           3
 1    392.614978700000    -10.000000000000
 2     71.175697900000    -63.266751800000
 2     17.732028100000    -10.961333800000
           5
 0    126.057189500000      3.000000000000
 1    138.126425100000     18.172913700000
 2     54.209885800000    339.123116400000
 2      9.283796600000    317.106801200000
 2      8.628908200000   -207.342164900000
           5
 0     83.175949000000      5.000000000000
 1    106.055993800000      5.953593000000
 2     42.828493700000    294.266552700000
 2      8.770180500000    154.424463500000
 2      8.039781800000    -95.316424900000
$
a  27
$
   2  10
           3
 1    434.107610400000    -10.000000000000
 2     78.840275800000    -66.724027600000
 2     19.603774900000    -11.719224300000
           4
 0    151.230758200000      3.000000000000
 1    169.679002600000     20.155311000000
 2     64.990942300000    413.376224400000
 2     12.507628700000    133.872770500000
           4
 0     92.731992400000      5.000000000000
 1    121.191018300000      6.189235300000
 2     48.626590900000    326.321591900000
 2     11.996697100000     73.878897000000
$
a  28
$
   2  10
           3
 1    469.932433100000    -10.000000000000
 2     85.423641100000    -69.408480500000
 2     21.267498400000    -12.095102000000
           4
 0    162.168609700000      3.000000000000
 1    176.533323200000     22.025361800000
 2     68.956201000000    443.018108800000
 2     13.579283800000    145.569641100000
           4
 0     69.018150600000      5.000000000000
 1    275.595559600000      4.988282400000
 2     47.131545300000    256.694585300000
 2     12.987407500000     78.475445000000
$
a  29
$
   2  10
           3
 1    511.995176300000    -10.000000000000
 2     93.280107400000    -72.554828200000
 2     23.220666900000    -12.745023100000
           4
 0    173.118085400000      3.000000000000
 1    185.241988600000     23.835182500000
 2     73.151784700000    473.893048800000
 2     14.688415700000    157.634582300000
           4
 0    100.719136900000      5.000000000000
 1    130.834566500000      6.499093600000
 2     53.868372000000    351.460539500000
 2     14.098946900000     85.501603600000
$
a  30
$
   3  18
           5
 1    386.737966000000    -18.000000000000
 2     72.858735900000   -124.352740300000
 2     15.906617000000    -30.660182200000
 2      4.350234000000    -10.635898900000
 2      1.284219900000     -0.768362300000
           5
 0     19.086785800000      3.000000000000
 1      5.023108000000     22.523422500000
 2      1.270174400000     48.446594200000
 2      1.067128700000    -44.556011900000
 2      0.926419000000     12.998395800000
           5
 0     43.492775000000      5.000000000000
 1     20.869266900000     20.743558900000
 2     21.711837800000     90.302715800000
 2      6.361691500000     74.661031600000
 2      1.229119500000      9.889442400000
           3
 2     13.585180000000     -4.849035900000
 2      9.837305000000      3.691337900000
 2      0.837311300000     -0.503731900000
$

$ END OF ECP
