$ H - HE: J.S. BINKLEY, J.A. POPLE, W.J.HEHRE, J. AM. CHEM.SOC. 102, 939 (1980)
$ LI - AR: W.J. STEVENS, H. BASCH, M. KRAUSS, J. CHEM. PHYS. 81, 6026 (1984)
$ K - RN:  W.J. STEVENS, M. KRAUSS, H. BASCH, P. G. Jasien, Can. J. Chem. 70,
$ 612 (1992)
$ CE - LU: T. R. CUNDARI AND W.J. STEVENS, J. CHEM. PHYS. 98, 5555 (1993)
$
a   3
$
   1   2
           1
 1      1.343060000000     -0.730630000000
           2
 0      0.612840000000      1.801310000000
 2      1.648810000000      3.549710000000
$
a   4
$
   1   2
           1
 1      2.793470000000     -0.789700000000
           2
 0      1.198740000000      1.842290000000
 2      3.207380000000      6.811690000000
$
a   5
$
   1   2
           1
 1      5.646220000000     -0.883550000000
           2
 0      1.920610000000      1.895720000000
 2      5.551770000000     10.975430000000
$
a   6
$
   1   2
           1
 1      8.564680000000     -0.893710000000
           2
 0      2.814970000000      1.929260000000
 2      8.112960000000     14.881990000000
$
a   7
$
   1   2
           1
 1     11.996860000000     -0.912120000000
           2
 0      3.838950000000      1.935650000000
 2     11.732470000000     21.733550000000
$
a   8
$
   1   2
           1
 1     16.117180000000     -0.925500000000
           2
 0      5.053480000000      1.960690000000
 2     15.953330000000     29.134420000000
$
a   9
$
   1   2
           1
 1     20.739590000000     -0.932580000000
           2
 0      6.604880000000      2.036490000000
 2     18.240920000000     27.862790000000
$
a  10
$
   1   2
           1
 1     26.016660000000     -0.940980000000
           2
 0      8.280470000000      2.099520000000
 2     22.441020000000     31.467180000000
$
a  11
$
   2  10
           1
 1      0.900090000000     -2.384460000000
           2
 0      5.372320000000      6.234150000000
 2      1.119590000000      9.083740000000
           2
 0      1.291580000000      3.239710000000
 2      0.657910000000      2.535140000000
$
a  12
$
   2  10
           1
 1      1.392200000000     -2.772960000000
           2
 0      6.962910000000      6.410290000000
 2      1.554580000000     14.127270000000
           2
 0      1.891770000000      3.247620000000
 2      0.982350000000      4.330120000000
$
a  13
$
   2  10
           1
 1      1.955590000000     -3.030550000000
           2
 0      7.788580000000      6.046500000000
 2      1.990250000000     18.875090000000
           2
 0      2.831460000000      3.294650000000
 2      1.384790000000      6.870290000000
$
a  14
$
   2  10
           1
 1      2.462720000000     -2.982400000000
           2
 0      9.463380000000      6.005580000000
 2      2.444080000000     23.776420000000
           2
 0      3.825850000000      3.203450000000
 2      1.830260000000      9.864380000000
$
a  15
$
   2  10
           1
 1      3.189450000000     -3.163610000000
           2
 0     11.793280000000      6.207600000000
 2      2.953300000000     29.400240000000
           2
 0      4.963680000000      3.240840000000
 2      2.318650000000     13.107780000000
$
a  16
$
   2  10
           1
 1      3.989300000000     -3.298390000000
           2
 0     15.580640000000      6.444960000000
 2      3.501760000000     35.627080000000
           2
 0      6.885400000000      3.357050000000
 2      2.906900000000     17.542370000000
$
a  17
$
   2  10
           1
 1      4.874830000000     -3.407380000000
           2
 0     17.003670000000      6.509660000000
 2      4.103800000000     42.277850000000
           2
 0      8.900290000000      3.428600000000
 2      3.526480000000     22.152560000000
$
a  18
$
   2  10
           1
 1      5.823030000000     -3.488060000000
           2
 0     25.938410000000      7.678550000000
 2      4.737800000000     49.926370000000
           2
 0     11.411780000000      3.525000000000
 2      4.204760000000     27.416860000000
$
a  19
$
   2  18
           1
 1      0.496520000000     -4.300020000000
           2
 0      2.487310000000      6.715300000000
 2      0.601900000000      8.466830000000
           2
 0      0.941700000000      7.062520000000
 2      0.336230000000      2.698680000000
$
a  20
$
   2  18
           2
 1      2.380450000000     -5.819700000000
 1      0.406390000000     -2.165480000000
           2
 0      2.105430000000      8.005220000000
 2      0.668650000000      8.947510000000
           2
 0      1.794130000000      8.662220000000
 2      0.493230000000      5.572180000000
$
a  21
$
   2  10
           1
 1      9.957120000000     -3.669560000000
           3
 0      1.464090000000      3.718850000000
 2      3.592170000000    178.260660000000
 2      3.325830000000   -161.783940000000
           2
 0     23.538490000000      3.930480000000
 2      6.584150000000     45.691400000000
$
a  22
$
   2  10
           1
 1     11.209710000000     -3.665810000000
           3
 0      1.611720000000      3.880670000000
 2      4.009600000000    172.250510000000
 2      3.664060000000   -155.083560000000
           2
 0     31.677820000000      4.044330000000
 2      7.457930000000     53.000480000000
$
a  23
$
   2  10
           1
 1     12.796590000000     -3.791460000000
           3
 0      1.504390000000      3.432580000000
 2      4.273210000000    178.039570000000
 2      3.841210000000   -156.306050000000
           2
 0     30.837200000000      3.764810000000
 2      8.344540000000     58.965030000000
$
a  24
$
   2  10
           1
 1     13.933070000000     -3.643620000000
           3
 0      1.721360000000      3.596790000000
 2      4.756810000000    184.076630000000
 2      4.253480000000   -161.419960000000
           2
 0     32.282230000000      3.688620000000
 2      9.281370000000     65.480460000000
$
a  25
$
   2  10
           1
 1     15.885920000000     -3.852540000000
           3
 0      2.059810000000      3.712640000000
 2      5.432480000000    181.674420000000
 2      4.798870000000   -156.337040000000
           2
 0     49.767650000000      4.368040000000
 2     10.366230000000     75.532420000000
$
a  26
$
   2  10
           1
 1     17.619100000000     -3.894230000000
           3
 0      2.331500000000      3.817060000000
 2      6.083650000000    172.053490000000
 2      5.266590000000   -144.700560000000
           2
 0     49.404560000000      4.137370000000
 2     11.401830000000     82.736960000000
$
a  27
$
   2  10
           1
 1     19.445590000000     -3.947460000000
           3
 0      2.259350000000      3.077050000000
 2      6.666650000000    215.483820000000
 2      5.768180000000   -174.118160000000
           2
 0     50.281460000000      3.953210000000
 2     12.526100000000     90.900430000000
$
a  28
$
   2  10
           1
 1     21.363730000000     -3.993370000000
           3
 0      2.218170000000      3.425720000000
 2      6.715850000000    218.541460000000
 2      5.808560000000   -184.109610000000
           2
 0     56.453530000000      3.875400000000
 2     13.665340000000     99.682890000000
$
a  29
$
   2  10
           1
 1     23.290600000000     -4.002760000000
           3
 0      2.620590000000      3.324650000000
 2      7.810820000000    224.323300000000
 2      6.633240000000   -180.304700000000
           2
 0     51.157340000000      3.421300000000
 2     14.734060000000    105.701260000000
$
a  30
$
   2  10
           1
 1     24.887050000000     -3.916480000000
           3
 0      2.791590000000      3.430820000000
 2      8.326760000000    244.316340000000
 2      7.096510000000   -199.427110000000
           2
 0     75.706030000000      4.114730000000
 2     16.076270000000    118.299360000000
$
a  31
$
   2  10
           1
 1     26.743020000000     -3.873630000000
           3
 0      3.465300000000      4.124720000000
 2      9.111300000000    260.732630000000
 2      7.893290000000   -223.960030000000
           2
 0     79.993530000000      4.200330000000
 2     17.391140000000    127.991390000000
$
a  32
$
   3  28
           1
 1      0.827510000000     -1.268590000000
           2
 0     12.248390000000      6.770270000000
 2      2.412910000000     27.219070000000
           2
 0     15.555560000000      8.312530000000
 2      1.820310000000     15.532920000000
           2
 0      3.069700000000      1.623600000000
 2      0.805250000000      3.206600000000
$
a  33
$
   3  28
           1
 1      1.645830000000     -4.770280000000
           2
 0     20.761600000000     13.033980000000
 2      2.800840000000     43.124290000000
           2
 0     16.058340000000      6.440630000000
 2      2.294320000000     28.121170000000
           2
 0      1.120860000000      2.235080000000
 2      1.121400000000      4.607210000000
$
a  34
$
   3  28
           1
 1      2.093560000000     -5.584980000000
           2
 0     20.556440000000     13.280810000000
 2      3.154900000000     51.000110000000
           2
 0      2.584950000000      1.796400000000
 2      2.585260000000     30.437870000000
           2
 0      1.382900000000      2.400010000000
 2      1.426710000000      6.599480000000
$
a  35
$
   3  28
           1
 1      2.121160000000     -4.782060000000
           2
 0      3.215380000000      2.601900000000
 2      3.216390000000     44.151650000000
           2
 0      2.727040000000      2.094780000000
 2      2.727620000000     30.595460000000
           2
 0      1.731680000000      1.793750000000
 2      1.732460000000     10.046600000000
$
a  36
$
   3  28
           1
 1      2.642950000000     -5.612200000000
           2
 0      3.592760000000      2.360660000000
 2      3.579330000000     51.886290000000
           2
 0      3.071320000000      2.349820000000
 2      3.072380000000     35.670290000000
           2
 0      7.086770000000      2.854590000000
 2      2.150580000000     16.293860000000
$
a  37
$
   3  36
           1
 1      0.363950000000     -3.239420000000
           3
 2      0.210480000000     -2.498550000000
 0      0.186930000000     26.374280000000
 0      0.400310000000    -21.208130000000
           2
 2      0.265390000000      2.488390000000
 0      0.698500000000      5.460020000000
           3
 2      0.135070000000     -4.388610000000
 0      0.082720000000     28.326540000000
 0      0.263650000000    -26.594580000000
$
a  38
$
   3  36
           1
 1      0.516760000000     -4.135960000000
           3
 2      0.232310000000     -3.791210000000
 0      0.180290000000     24.167680000000
 0      0.521700000000    -17.385420000000
           2
 2      0.402270000000      5.464390000000
 0      1.300740000000     10.498410000000
           3
 2      0.269490000000     -1.737270000000
 0      0.255500000000     37.439560000000
 0      0.288680000000    -36.003930000000
$
a  39
$
   3  28
           1
 1      3.133230000000     -3.708270000000
           3
 0      0.747340000000      3.524580000000
 2      2.110460000000   -115.677950000000
 2      2.374310000000    141.665510000000
           3
 0      0.829240000000      3.453190000000
 2      1.929730000000    -67.461920000000
 2      2.203790000000     85.094530000000
           2
 0      9.367700000000      2.295900000000
 2      2.830380000000     20.621820000000
$
a  40
$
   3  28
           1
 1      4.314410000000     -6.119230000000
           3
 0      0.930350000000      4.570310000000
 2      2.330030000000   -112.558540000000
 2      2.666320000000    139.029720000000
           3
 0      0.977530000000      4.045240000000
 2      2.149980000000    -66.647680000000
 2      2.508920000000     86.370340000000
           2
 0     16.575980000000      5.640850000000
 2      3.320790000000     26.660930000000
$
a  41
$
   3  28
           1
 1      4.641980000000     -5.816950000000
           3
 0      1.073390000000      4.999370000000
 2      2.511740000000   -100.178560000000
 2      2.939400000000    127.215700000000
           3
 0      0.996260000000      3.647940000000
 2      2.280200000000    -62.174370000000
 2      2.733600000000     85.808450000000
           2
 0     10.488030000000      2.772060000000
 2      3.642660000000     29.052460000000
$
a  42
$
   3  28
           1
 1      5.625070000000     -7.230090000000
           3
 0      1.019070000000      3.836950000000
 2      2.683860000000    -90.191510000000
 2      3.279450000000    129.352140000000
           3
 0      1.109570000000      3.832950000000
 2      2.497080000000    -62.982310000000
 2      3.047400000000     89.774780000000
           2
 0      9.704000000000      2.734860000000
 2      4.030980000000     32.532310000000
$
a  43
$
   3  28
           1
 1      6.260670000000     -7.543560000000
           3
 0      1.177310000000      4.313770000000
 2      2.864180000000    -80.618470000000
 2      3.614320000000    120.825470000000
           3
 0      1.084490000000      3.389520000000
 2      2.599070000000    -57.065680000000
 2      3.304520000000     89.030160000000
           2
 0     11.620920000000      2.863650000000
 2      4.459000000000     37.180140000000
$
a  44
$
   3  28
           1
 1      6.983040000000     -7.984480000000
           3
 0      1.293930000000      4.823840000000
 2      3.048710000000    -81.319360000000
 2      3.871630000000    124.369170000000
           3
 0      1.202730000000      3.865900000000
 2      2.823030000000    -72.150480000000
 2      3.483910000000    103.670060000000
           2
 0     14.337430000000      3.210830000000
 2      4.900030000000     42.073210000000
$
a  45
$
   3  28
           1
 1      7.649680000000     -8.132250000000
           3
 0      1.337770000000      5.207730000000
 2      2.953080000000    -50.068460000000
 2      4.391310000000     90.368590000000
           3
 0      1.194680000000      3.858740000000
 2      2.924340000000    -72.743480000000
 2      3.675030000000    106.116150000000
           2
 0     17.892480000000      3.348250000000
 2      5.348740000000     47.138830000000
$
a  46
$
   3  28
           1
 1      8.343270000000     -8.334660000000
           3
 0      1.213150000000      3.978090000000
 2      4.033010000000    218.992500000000
 2      3.457720000000   -168.444040000000
           3
 0      1.456070000000      4.140210000000
 2      4.055100000000    108.326010000000
 2      3.216160000000    -72.831470000000
           2
 0     19.544770000000      3.306110000000
 2      5.846640000000     52.788020000000
$
a  47
$
   3  28
           1
 1      9.016960000000     -8.446690000000
           3
 0      1.517400000000      6.206340000000
 2      3.230880000000    -56.826240000000
 2      4.827470000000     92.401730000000
           3
 0      1.216990000000      3.756370000000
 2      3.186150000000    -80.953350000000
 2      4.053490000000    118.868010000000
           2
 0     22.940200000000      3.408950000000
 2      6.266270000000     57.105130000000
$
a  48
$
   3  28
           1
 1      9.813250000000     -8.698640000000
           3
 0      1.604760000000      6.569340000000
 2      3.377270000000    -59.363950000000
 2      5.088760000000     93.596100000000
           3
 0      1.251710000000      3.678630000000
 2      3.425920000000   -104.506940000000
 2      4.214150000000    145.673160000000
           2
 0     22.353370000000      3.330940000000
 2      6.754080000000     62.066160000000
$
a  49
$
   3  28
           1
 1     10.589870000000     -8.840310000000
           3
 0      1.738830000000      6.901240000000
 2      3.628060000000    -68.483190000000
 2      5.302700000000    101.772720000000
           3
 0      1.430450000000      3.985540000000
 2      3.744470000000   -129.785940000000
 2      4.476790000000    171.904870000000
           2
 0     29.160720000000      3.492440000000
 2      7.265660000000     68.278160000000
$
a  50
$
   3  46
           1
 1      0.820500000000     -5.606820000000
           3
 0      2.605040000000      7.184870000000
 2      0.957800000000    -73.065810000000
 2      1.013560000000     91.847710000000
           3
 0      0.679470000000      5.073110000000
 2      0.742760000000    -87.036740000000
 2      0.762920000000     95.370480000000
           2
 0      1.654300000000      5.102430000000
 2      0.603010000000      5.274660000000
$
a  51
$
   3  46
           2
 1      0.754900000000     -2.909510000000
 1      2.830720000000    -12.449210000000
           3
 0      5.868190000000      7.555920000000
 2      1.100360000000    -53.013950000000
 2      1.217900000000     79.990530000000
           3
 0      3.514300000000      8.303600000000
 2      0.864610000000    -29.047080000000
 2      0.960290000000     45.566100000000
           2
 0      2.459810000000      9.221820000000
 2      0.764150000000      7.921290000000
$
a  52
$
   3  46
           2
 1      0.948470000000     -3.959840000000
 1      3.946820000000    -13.428710000000
           3
 0      3.494000000000     12.956650000000
 2      1.214770000000    -47.458820000000
 2      1.335300000000     72.775140000000
           3
 0      1.373940000000      8.479210000000
 2      1.277610000000    -39.406840000000
 2      1.284250000000     51.936730000000
           2
 0      3.666180000000     11.546630000000
 2      0.931890000000     11.237760000000
$
a  53
$
   3  46
           2
 1      0.976280000000     -3.696390000000
 1      4.333430000000    -14.003050000000
           3
 0      4.130710000000     12.111230000000
 2      1.333750000000    -41.092060000000
 2      1.491210000000     70.737610000000
           3
 0      3.046920000000     10.592710000000
 2      1.063390000000    -46.022730000000
 2      1.144050000000     65.050470000000
           2
 0      3.930630000000      9.730890000000
 2      1.069200000000     13.988800000000
$
a  54
$
   3  46
           2
 1      1.270680000000     -5.105380000000
 1      5.904690000000    -14.398730000000
           3
 0      7.157440000000     13.442780000000
 2      1.452170000000    -45.489180000000
 2      1.654780000000     83.216270000000
           3
 0      4.361440000000     12.737580000000
 2      1.254550000000    -49.601370000000
 2      1.364390000000     75.577330000000
           2
 0      5.898970000000     17.790410000000
 2      1.234850000000     17.253580000000
$
a  55
$
   3  54
           1
 1      0.313560000000     -5.018740000000
           3
 0      0.400930000000      6.796290000000
 2      0.652030000000    -12.275710000000
 2      0.453840000000     13.724420000000
           2
 0      0.672870000000     12.300180000000
 2      0.222900000000      2.952220000000
           3
 0      0.408350000000      1.967930000000
 2      0.201540000000     -0.805000000000
 1      0.244130000000      2.470960000000
$
a  56
$
   3  54
           2
 1      0.378660000000     -4.895840000000
 1      3.174230000000    -17.472010000000
           3
 0      0.406870000000     13.460170000000
 2      0.942660000000    -14.335230000000
 2      0.466050000000      8.126340000000
           2
 0      1.177270000000     17.035880000000
 2      0.289810000000      4.747060000000
           2
 1      1.004500000000     12.788070000000
 1      0.143940000000     -0.286770000000
$
a  57
$
   4  46
           1
 1      1.423450000000     -2.856650000000
           3
 0     22.297390000000      8.853470000000
 2      1.643200000000    -68.417780000000
 2      1.851220000000    110.124630000000
           3
 0      1.776350000000      2.986750000000
 2      3.989410000000    -35.518150000000
 2      2.475240000000     53.654230000000
           2
 0      1.521690000000      1.672980000000
 2      1.521820000000     18.466250000000
           2
 1      2.677620000000     -4.644300000000
 1     10.066080000000    -14.431010000000
$
a  58
$
   3  46
           2
 1      9.207480000000    -15.348760000000
 1      1.867300000000     -5.843240000000
           3
 2      1.893700000000   -255.562380000000
 2      1.979150000000    307.313930000000
 0     10.742970000000     10.669900000000
           3
 0      7.755930000000     12.229210000000
 2      1.815640000000    124.942470000000
 2      1.671650000000    -84.599990000000
           2
 2      1.706420000000     24.944680000000
 0      6.489340000000     10.286140000000
$
a  72
$
   4  60
           1
 1      1.140900000000     -2.590200000000
           3
 0     18.982100000000      5.086020000000
 2      3.924130000000    -76.346460000000
 2      4.320020000000    154.126160000000
           3
 0      1.110080000000      3.802630000000
 2      2.389200000000   -133.127720000000
 2      2.581710000000    159.394880000000
           2
 0     21.000000000000      5.234860000000
 2      2.804870000000     30.098510000000
           1
 0      1.113770000000     11.037000000000
$
a  73
$
   4  60
           1
 1      1.652620000000     -4.334400000000
           3
 0      3.784500000000      4.240220000000
 2      3.178380000000    -30.382310000000
 2      3.950580000000     89.328110000000
           3
 0      1.005800000000      3.338680000000
 2      2.353900000000   -138.021730000000
 2      2.581910000000    171.533490000000
           2
 0     24.291290000000      3.049130000000
 2      3.186040000000     41.205150000000
           1
 0      1.130110000000      7.846340000000
$
a  74
$
   4  60
           1
 1      2.038280000000     -5.264800000000
           3
 0      0.965140000000      2.472990000000
 2      2.655020000000    -52.071780000000
 2      3.627130000000    113.467450000000
           3
 0      1.239020000000      3.910850000000
 2      2.541220000000   -135.316070000000
 2      2.807970000000    172.369760000000
           2
 0     27.559350000000      3.873490000000
 2      3.519730000000     49.525110000000
           1
 0      1.205610000000      6.994710000000
$
a  75
$
   4  60
           1
 1      2.517310000000     -6.622250000000
           3
 0      1.006030000000      3.320670000000
 2      2.520650000000    -39.918600000000
 2      3.865500000000    101.832360000000
           3
 0      1.228840000000      3.837350000000
 2      2.650330000000   -121.994160000000
 2      3.016860000000    166.171440000000
           2
 0     29.234990000000      4.578190000000
 2      3.864220000000     58.727760000000
           1
 0      1.274560000000      6.443150000000
$
a  76
$
   4  60
           1
 1      3.010840000000     -7.967530000000
           3
 0      1.170060000000      4.034780000000
 2      2.934350000000    -84.752610000000
 2      3.826630000000    148.944100000000
           3
 0      1.021780000000      3.104540000000
 2      2.660130000000   -120.701170000000
 2      3.104350000000    172.771280000000
           2
 0     31.000000000000      6.635070000000
 2      4.179530000000     66.857260000000
           1
 0      1.387420000000      6.331200000000
$
a  77
$
   4  60
           1
 1      3.468590000000     -8.982080000000
           3
 0      1.274030000000      4.836290000000
 2      3.079700000000    -98.476240000000
 2      3.971530000000    162.581730000000
           3
 0      1.083420000000      3.800210000000
 2      2.794320000000   -151.659100000000
 2      3.210080000000    203.962160000000
           2
 0     33.000000000000      7.968740000000
 2      4.471880000000     73.978440000000
           1
 0      1.485240000000      6.285590000000
$
a  78
$
   4  60
           1
 1      3.908130000000     -9.798540000000
           3
 0      1.362790000000      5.798430000000
 2      3.342270000000   -187.515940000000
 2      3.911360000000    247.969060000000
           3
 0      1.075860000000      3.670550000000
 2      2.804430000000    -93.020550000000
 2      3.524910000000    151.559150000000
           2
 0     42.631160000000     13.093530000000
 2      4.744680000000     80.293850000000
           1
 0      1.589880000000      6.138700000000
$
a  79
$
   4  60
           1
 1      4.387630000000    -10.723580000000
           3
 0      1.556360000000      6.356120000000
 2      3.715930000000   -364.440390000000
 2      4.067920000000    428.197530000000
           3
 0      1.187980000000      4.415180000000
 2      3.015510000000   -136.575500000000
 2      3.595880000000    194.205350000000
           2
 0     35.250000000000      8.881980000000
 2      5.023070000000     86.766120000000
           1
 0      1.688810000000      6.216030000000
$
a  80
$
   4  60
           1
 1      4.857640000000    -11.516180000000
           3
 0      1.173570000000      4.095470000000
 2      3.709660000000   -310.088980000000
 2      4.187930000000    394.687350000000
           3
 0      0.959130000000      3.612020000000
 2      2.992680000000   -148.428500000000
 2      3.583530000000    211.831610000000
           2
 0     35.546650000000      8.270740000000
 2      5.293180000000     92.856780000000
           1
 0      1.809780000000      6.283020000000
$
a  81
$
   4  60
           1
 1      5.312940000000    -12.137870000000
           3
 0      1.295660000000      4.778330000000
 2      3.806650000000   -253.195920000000
 2      4.432330000000    337.053490000000
           3
 0      0.947820000000      3.459120000000
 2      3.143780000000   -168.940910000000
 2      3.735620000000    238.109010000000
           2
 0     33.430800000000      7.411370000000
 2      5.551740000000     98.498830000000
           1
 0      1.913850000000      6.276060000000
$
a  82
$
   4  78
           1
 1      0.517560000000     -2.764640000000
           3
 0      2.443630000000      6.947740000000
 2      0.820220000000    -17.721060000000
 2      0.976620000000     32.395640000000
           3
 0      1.490410000000      4.946190000000
 2      0.598610000000    -17.160330000000
 2      0.669160000000     26.060400000000
           2
 0      2.192030000000      4.997620000000
 2      0.469370000000      4.527300000000
           3
 0      0.690810000000      4.958270000000
 2      0.206800000000   -124.157580000000
 2      0.207730000000    125.327980000000
$
a  83
$
   4  78
           1
 1      0.779410000000     -5.349910000000
           3
 0      0.580820000000      5.912240000000
 2      0.864800000000    -46.523540000000
 2      0.956820000000     58.306730000000
           3
 0      2.418600000000      7.587720000000
 2      0.512290000000     -1.551330000000
 2      0.984290000000     17.650620000000
           2
 0      4.102120000000      8.209350000000
 2      0.630520000000      8.389700000000
           3
 0      0.571080000000    -31.224810000000
 0      1.176430000000     31.999180000000
 2      0.788320000000     16.822870000000
$
a  84
$
   4  78
           1
 1      0.982360000000     -6.914260000000
           3
 0      0.393880000000      5.387650000000
 2      0.844050000000    -41.359870000000
 2      0.996010000000     55.717350000000
           3
 0      4.878770000000     11.844490000000
 2      0.843470000000     -2.298480000000
 2      1.265440000000     27.854310000000
           2
 0      2.528030000000      9.512610000000
 2      0.758640000000     11.380290000000
           3
 0      0.449230000000    -32.327270000000
 0      0.713170000000     33.575400000000
 2      0.562490000000      7.892130000000
$
a  85
$
   4  78
           1
 1      1.181420000000     -8.228210000000
           3
 0      0.492760000000      6.653020000000
 2      0.854210000000    -15.986540000000
 2      1.275550000000     33.100600000000
           3
 0      3.373810000000     10.731470000000
 2      0.937280000000   -128.827290000000
 2      0.974880000000    150.808210000000
           2
 0      3.886380000000     15.831660000000
 2      0.876790000000     14.551500000000
           2
 0      1.122840000000      4.270970000000
 2      1.155300000000     -3.395000000000
$
a  86
$
   4  78
           1
 1      1.379200000000     -9.369910000000
           3
 0      0.471690000000      5.256440000000
 2      1.012680000000    -39.275980000000
 2      1.269520000000     62.192870000000
           3
 0      3.325340000000      7.386310000000
 2      0.999500000000    -45.678300000000
 2      1.116200000000     71.813850000000
           2
 0      0.922140000000      4.904840000000
 2      0.922210000000     12.615980000000
           2
 0      1.617350000000      2.969240000000
 2      0.321500000000     -0.178440000000
$

$ END OF ECP
