$ H - HE: J.S. BINKLEY, J.A. POPLE, W.J.HEHRE, J. AM. CHEM.SOC. 102, 939 (1980)
$ LI - AR: W.J. STEVENS, H. BASCH, M. KRAUSS, J. CHEM. PHYS. 81, 6026 (1984)
$ K - RN:  W.J. STEVENS, M. KRAUSS, H. BASCH, P. G. Jasien, Can. J. Chem. 70,
$ 612 (1992)
$ CE - LU: T. R. CUNDARI AND W.J. STEVENS, J. CHEM. PHYS. 98, 5555 (1993)
$
a   3
$
   1   2
           1
 1      1.343060000000     -0.730630000000
           2
 0      0.612840000000      1.801310000000
 2      1.648810000000      3.549710000000
$
a   4
$
   1   2
           1
 1      2.793470000000     -0.789700000000
           2
 0      1.198740000000      1.842290000000
 2      3.207380000000      6.811690000000
$
a   5
$
   1   2
           1
 1      5.646220000000     -0.883550000000
           2
 0      1.920610000000      1.895720000000
 2      5.551770000000     10.975430000000
$
a   6
$
   1   2
           1
 1      8.564680000000     -0.893710000000
           2
 0      2.814970000000      1.929260000000
 2      8.112960000000     14.881990000000
$
a   7
$
   1   2
           1
 1     11.996860000000     -0.912120000000
           2
 0      3.838950000000      1.935650000000
 2     11.732470000000     21.733550000000
$
a   8
$
   1   2
           1
 1     16.117180000000     -0.925500000000
           2
 0      5.053480000000      1.960690000000
 2     15.953330000000     29.134420000000
$
a   9
$
   1   2
           1
 1     20.739590000000     -0.932580000000
           2
 0      6.604880000000      2.036490000000
 2     18.240920000000     27.862790000000
$
a  10
$
   1   2
           1
 1     26.016660000000     -0.940980000000
           2
 0      8.280470000000      2.099520000000
 2     22.441020000000     31.467180000000
$
a  11
$
   2  10
           1
 1      0.900090000000     -2.384460000000
           2
 0      5.372320000000      6.234150000000
 2      1.119590000000      9.083740000000
           2
 0      1.291580000000      3.239710000000
 2      0.657910000000      2.535140000000
$
a  12
$
   2  10
           1
 1      1.392200000000     -2.772960000000
           2
 0      6.962910000000      6.410290000000
 2      1.554580000000     14.127270000000
           2
 0      1.891770000000      3.247620000000
 2      0.982350000000      4.330120000000
$
a  13
$
   2  10
           1
 1      1.955590000000     -3.030550000000
           2
 0      7.788580000000      6.046500000000
 2      1.990250000000     18.875090000000
           2
 0      2.831460000000      3.294650000000
 2      1.384790000000      6.870290000000
$
a  14
$
   2  10
           1
 1      2.462720000000     -2.982400000000
           2
 0      9.463380000000      6.005580000000
 2      2.444080000000     23.776420000000
           2
 0      3.825850000000      3.203450000000
 2      1.830260000000      9.864380000000
$
a  15
$
   2  10
           1
 1      3.189450000000     -3.163610000000
           2
 0     11.793280000000      6.207600000000
 2      2.953300000000     29.400240000000
           2
 0      4.963680000000      3.240840000000
 2      2.318650000000     13.107780000000
$
a  16
$
   2  10
           1
 1      3.989300000000     -3.298390000000
           2
 0     15.580640000000      6.444960000000
 2      3.501760000000     35.627080000000
           2
 0      6.885400000000      3.357050000000
 2      2.906900000000     17.542370000000
$
a  17
$
   2  10
           1
 1      4.874830000000     -3.407380000000
           2
 0     17.003670000000      6.509660000000
 2      4.103800000000     42.277850000000
           2
 0      8.900290000000      3.428600000000
 2      3.526480000000     22.152560000000
$
a  18
$
   2  10
           1
 1      5.823030000000     -3.488060000000
           2
 0     25.938410000000      7.678550000000
 2      4.737800000000     49.926370000000
           2
 0     11.411780000000      3.525000000000
 2      4.204760000000     27.416860000000
$
a  19
$
   2  18
           1
 1      0.496520000000     -4.300020000000
           2
 0      2.487310000000      6.715300000000
 2      0.601900000000      8.466830000000
           2
 0      0.941700000000      7.062520000000
 2      0.336230000000      2.698680000000
$
a  20
$
   2  18
           2
 1      2.380450000000     -5.819700000000
 1      0.406390000000     -2.165480000000
           2
 0      2.105430000000      8.005220000000
 2      0.668650000000      8.947510000000
           2
 0      1.794130000000      8.662220000000
 2      0.493230000000      5.572180000000
$
a  32
$
   3  28
           1
 1      0.827510000000     -1.268590000000
           2
 0     12.248390000000      6.770270000000
 2      2.412910000000     27.219070000000
           2
 0     15.555560000000      8.312530000000
 2      1.820310000000     15.532920000000
           2
 0      3.069700000000      1.623600000000
 2      0.805250000000      3.206600000000
$
a  33
$
   3  28
           1
 1      1.645830000000     -4.770280000000
           2
 0     20.761600000000     13.033980000000
 2      2.800840000000     43.124290000000
           2
 0     16.058340000000      6.440630000000
 2      2.294320000000     28.121170000000
           2
 0      1.120860000000      2.235080000000
 2      1.121400000000      4.607210000000
$
a  34
$
   3  28
           1
 1      2.093560000000     -5.584980000000
           2
 0     20.556440000000     13.280810000000
 2      3.154900000000     51.000110000000
           2
 0      2.584950000000      1.796400000000
 2      2.585260000000     30.437870000000
           2
 0      1.382900000000      2.400010000000
 2      1.426710000000      6.599480000000
$
a  35
$
   3  28
           1
 1      2.121160000000     -4.782060000000
           2
 0      3.215380000000      2.601900000000
 2      3.216390000000     44.151650000000
           2
 0      2.727040000000      2.094780000000
 2      2.727620000000     30.595460000000
           2
 0      1.731680000000      1.793750000000
 2      1.732460000000     10.046600000000
$
a  36
$
   3  28
           1
 1      2.642950000000     -5.612200000000
           2
 0      3.592760000000      2.360660000000
 2      3.579330000000     51.886290000000
           2
 0      3.071320000000      2.349820000000
 2      3.072380000000     35.670290000000
           2
 0      7.086770000000      2.854590000000
 2      2.150580000000     16.293860000000
$
a  37
$
   3  36
           1
 1      0.363950000000     -3.239420000000
           3
 2      0.210480000000     -2.498550000000
 0      0.186930000000     26.374280000000
 0      0.400310000000    -21.208130000000
           2
 2      0.265390000000      2.488390000000
 0      0.698500000000      5.460020000000
           3
 2      0.135070000000     -4.388610000000
 0      0.082720000000     28.326540000000
 0      0.263650000000    -26.594580000000
$
a  38
$
   3  36
           1
 1      0.516760000000     -4.135960000000
           3
 2      0.232310000000     -3.791210000000
 0      0.180290000000     24.167680000000
 0      0.521700000000    -17.385420000000
           2
 2      0.402270000000      5.464390000000
 0      1.300740000000     10.498410000000
           3
 2      0.269490000000     -1.737270000000
 0      0.255500000000     37.439560000000
 0      0.288680000000    -36.003930000000
$
a  50
$
   3  46
           1
 1      0.820500000000     -5.606820000000
           3
 0      2.605040000000      7.184870000000
 2      0.957800000000    -73.065810000000
 2      1.013560000000     91.847710000000
           3
 0      0.679470000000      5.073110000000
 2      0.742760000000    -87.036740000000
 2      0.762920000000     95.370480000000
           2
 0      1.654300000000      5.102430000000
 2      0.603010000000      5.274660000000
$
a  51
$
   3  46
           2
 1      0.754900000000     -2.909510000000
 1      2.830720000000    -12.449210000000
           3
 0      5.868190000000      7.555920000000
 2      1.100360000000    -53.013950000000
 2      1.217900000000     79.990530000000
           3
 0      3.514300000000      8.303600000000
 2      0.864610000000    -29.047080000000
 2      0.960290000000     45.566100000000
           2
 0      2.459810000000      9.221820000000
 2      0.764150000000      7.921290000000
$
a  52
$
   3  46
           2
 1      0.948470000000     -3.959840000000
 1      3.946820000000    -13.428710000000
           3
 0      3.494000000000     12.956650000000
 2      1.214770000000    -47.458820000000
 2      1.335300000000     72.775140000000
           3
 0      1.373940000000      8.479210000000
 2      1.277610000000    -39.406840000000
 2      1.284250000000     51.936730000000
           2
 0      3.666180000000     11.546630000000
 2      0.931890000000     11.237760000000
$
a  53
$
   3  46
           2
 1      0.976280000000     -3.696390000000
 1      4.333430000000    -14.003050000000
           3
 0      4.130710000000     12.111230000000
 2      1.333750000000    -41.092060000000
 2      1.491210000000     70.737610000000
           3
 0      3.046920000000     10.592710000000
 2      1.063390000000    -46.022730000000
 2      1.144050000000     65.050470000000
           2
 0      3.930630000000      9.730890000000
 2      1.069200000000     13.988800000000
$
a  54
$
   3  46
           2
 1      1.270680000000     -5.105380000000
 1      5.904690000000    -14.398730000000
           3
 0      7.157440000000     13.442780000000
 2      1.452170000000    -45.489180000000
 2      1.654780000000     83.216270000000
           3
 0      4.361440000000     12.737580000000
 2      1.254550000000    -49.601370000000
 2      1.364390000000     75.577330000000
           2
 0      5.898970000000     17.790410000000
 2      1.234850000000     17.253580000000
$
a  55
$
   3  54
           1
 1      0.313560000000     -5.018740000000
           3
 0      0.400930000000      6.796290000000
 2      0.652030000000    -12.275710000000
 2      0.453840000000     13.724420000000
           2
 0      0.672870000000     12.300180000000
 2      0.222900000000      2.952220000000
           3
 0      0.408350000000      1.967930000000
 2      0.201540000000     -0.805000000000
 1      0.244130000000      2.470960000000
$
a  56
$
   3  54
           2
 1      0.378660000000     -4.895840000000
 1      3.174230000000    -17.472010000000
           3
 0      0.406870000000     13.460170000000
 2      0.942660000000    -14.335230000000
 2      0.466050000000      8.126340000000
           2
 0      1.177270000000     17.035880000000
 2      0.289810000000      4.747060000000
           2
 1      1.004500000000     12.788070000000
 1      0.143940000000     -0.286770000000
$
a  82
$
   4  78
           1
 1      0.517560000000     -2.764640000000
           3
 0      2.443630000000      6.947740000000
 2      0.820220000000    -17.721060000000
 2      0.976620000000     32.395640000000
           3
 0      1.490410000000      4.946190000000
 2      0.598610000000    -17.160330000000
 2      0.669160000000     26.060400000000
           2
 0      2.192030000000      4.997620000000
 2      0.469370000000      4.527300000000
           3
 0      0.690810000000      4.958270000000
 2      0.206800000000   -124.157580000000
 2      0.207730000000    125.327980000000
$
a  83
$
   4  78
           1
 1      0.779410000000     -5.349910000000
           3
 0      0.580820000000      5.912240000000
 2      0.864800000000    -46.523540000000
 2      0.956820000000     58.306730000000
           3
 0      2.418600000000      7.587720000000
 2      0.512290000000     -1.551330000000
 2      0.984290000000     17.650620000000
           2
 0      4.102120000000      8.209350000000
 2      0.630520000000      8.389700000000
           3
 0      0.571080000000    -31.224810000000
 0      1.176430000000     31.999180000000
 2      0.788320000000     16.822870000000
$
a  84
$
   4  78
           1
 1      0.982360000000     -6.914260000000
           3
 0      0.393880000000      5.387650000000
 2      0.844050000000    -41.359870000000
 2      0.996010000000     55.717350000000
           3
 0      4.878770000000     11.844490000000
 2      0.843470000000     -2.298480000000
 2      1.265440000000     27.854310000000
           2
 0      2.528030000000      9.512610000000
 2      0.758640000000     11.380290000000
           3
 0      0.449230000000    -32.327270000000
 0      0.713170000000     33.575400000000
 2      0.562490000000      7.892130000000
$
a  85
$
   4  78
           1
 1      1.181420000000     -8.228210000000
           3
 0      0.492760000000      6.653020000000
 2      0.854210000000    -15.986540000000
 2      1.275550000000     33.100600000000
           3
 0      3.373810000000     10.731470000000
 2      0.937280000000   -128.827290000000
 2      0.974880000000    150.808210000000
           2
 0      3.886380000000     15.831660000000
 2      0.876790000000     14.551500000000
           2
 0      1.122840000000      4.270970000000
 2      1.155300000000     -3.395000000000
$
a  86
$
   4  78
           1
 1      1.379200000000     -9.369910000000
           3
 0      0.471690000000      5.256440000000
 2      1.012680000000    -39.275980000000
 2      1.269520000000     62.192870000000
           3
 0      3.325340000000      7.386310000000
 2      0.999500000000    -45.678300000000
 2      1.116200000000     71.813850000000
           2
 0      0.922140000000      4.904840000000
 2      0.922210000000     12.615980000000
           2
 0      1.617350000000      2.969240000000
 2      0.321500000000     -0.178440000000
$

$ END OF ECP
