$ ELEMENTS                      REFERENCES
$ ---------                       ----------
$
a  31
$
   4  28
           1
 2      1.000000000000      0.000000000000
           1
 2      5.215960000000    203.853972000000
           1
 2      4.308904000000    156.103390000000
           1
 2      0.496357000000      1.031647000000
           1
 2      1.715170000000    -10.673735000000
$
a  32
$
   4  28
           1
 2      1.000000000000      0.000000000000
           1
 2      4.815409000000    149.246579000000
           1
 2      4.169515000000    132.844335000000
           1
 2      0.591958000000      1.346154000000
           1
 2      1.791770000000     -7.044223000000
$
a  33
$
   4  28
           1
 2      1.000000000000      0.000000000000
           1
 2      3.612625000000     53.965620000000
           1
 2      3.907926000000     88.949088000000
           1
 2      1.926467000000     22.420288000000
           1
 2      1.773434000000     -4.704815000000
$
a  34
$
   4  28
           1
 2      1.000000000000      0.000000000000
           1
 2      4.237057000000     79.663345000000
           1
 2      2.910334000000     31.560993000000
           1
 2      2.335701000000     30.804610000000
           1
 2      2.254639000000     -6.546875000000
$
a  35
$
   4  28
           1
 2      1.000000000000      0.000000000000
           2
 2      5.021800000000     61.513721000000
 2      2.510900000000      9.021493000000
           2
 2      4.281400000000     53.875864000000
 2      2.140700000000      4.629402000000
           2
 2      2.880000000000     20.849677000000
 2      1.440000000000      2.965444000000
           1
 2      2.720700000000     -8.161493000000
$
a  36
$
   5  28
           1
 2      1.000000000000      0.000000000000
           2
 2      5.877718000000     73.915693900000
 2      3.084622000000     16.168250800000
           2
 2      5.164110000000     58.517691010000
 2      2.358302000000      8.259100730000
           2
 2      3.215362000000     33.458227760000
 2      1.285008000000      0.677253310000
           2
 2      4.082869000000    -15.158698590000
 2      1.193960000000     -0.174088250000
           1
 2      3.180775000000     -6.833158770000
$
a  49
$
   4  46
           1
 2      1.000000000000      0.000000000000
           2
 2      1.435091000000     29.165219000000
 2      0.695805000000     -4.190806000000
           2
 2      1.440832000000     36.990542000000
 2      0.701392000000     -3.365820000000
           1
 2      0.961236000000     20.000531000000
           1
 2      0.884369000000     -6.019092000000
$
a  50
$
   4  46
           1
 2      1.000000000000      0.000000000000
           2
 2      1.969725000000     67.925347000000
 2      0.972375000000     -7.478546000000
           2
 2      1.999210000000     56.602880000000
 2      0.999042000000     -2.161776000000
           1
 2      0.500361000000      2.576336000000
           1
 2      1.230880000000    -10.109253000000
$
a  51
$
   4  46
           1
 2      1.000000000000      0.000000000000
           2
 2      2.491091000000     68.427938000000
 2      1.341575000000     -4.398631000000
           2
 2      2.143864000000     63.965469000000
 2      0.585503000000     -0.578726000000
           1
 2      0.795401000000      7.803661000000
           1
 2      1.609251000000    -14.517687000000
$
a  52
$
   4  46
           1
 2      1.000000000000      0.000000000000
           2
 2      2.923794000000     50.083805000000
 2      1.152754000000      1.968140000000
           2
 2      2.603086000000    119.820702000000
 2      0.985448000000     -2.039048000000
           1
 2      1.435019000000     37.757214000000
           1
 2      1.939270000000    -17.864641000000
$
a  53
$
   4  46
           1
 2      1.000000000000      0.000000000000
           2
 2      3.511200000000     83.113863000000
 2      1.755600000000      5.201876000000
           2
 2      2.968800000000     82.811109000000
 2      1.484400000000      3.379682000000
           2
 2      1.906600000000     10.304277000000
 2      0.953300000000      7.588032000000
           1
 2      2.307500000000    -21.477936000000
$
a  54
$
   5  46
           1
 2      1.000000000000      0.000000000000
           2
 2      3.940263000000    122.763829340000
 2      2.277264000000      8.308851150000
           2
 2      3.028373000000     68.823004370000
 2      1.394319000000      3.646742230000
           2
 2      2.122605000000     23.652078540000
 2      0.798669000000      3.258441130000
           2
 2      6.164360000000    -47.703198760000
 2      1.542374000000     -6.541139910000
           1
 2      1.847892000000     -7.105850600000
$

$ END OF ECP
