$ ELEMENTS                      REFERENCES
$ ---------                       ----------
$
a   3
$
   2   2
           1
 2      1.000000000000      0.000000000000
           1
 2      1.276000000000      5.786000000000
           1
 2      1.607000000000     -1.065000000000
$
a   4
$
   2   2
           1
 2      1.000000000000      0.000000000000
           1
 2      2.653000000000     13.325000000000
           1
 2      3.120000000000     -1.574000000000
$
a   5
$
   3   2
           1
 2      1.000000000000      0.000000000000
           1
 2      4.506100000000     23.992960000000
           1
 2      5.229500000000     -1.766724000000
           1
 2      0.010800000000     -0.001754000000
$
a   6
$
   3   2
           1
 2      1.000000000000      0.000000000000
           1
 2      6.401052000000     33.121638000000
           1
 2      7.307747000000     -1.986257000000
           1
 2      5.961796000000     -9.454318000000
$
a   7
$
   3   2
           1
 2      1.000000000000      0.000000000000
           1
 2      7.977232000000     38.533831000000
           1
 2     10.183854000000     -2.550810000000
           1
 2     11.559947000000     -2.995545000000
$
a   8
$
   3   2
           1
 2      1.000000000000      0.000000000000
           1
 2     10.445670000000     50.771069000000
           1
 2     18.045174000000     -4.903551000000
           1
 2      8.164798000000     -3.312124000000
$
a   9
$
   3   2
           1
 2      1.000000000000      0.000000000000
           2
 2     22.350400000000    102.597952000000
 2     11.175200000000     19.049663000000
           2
 2     26.476800000000    -15.143960000000
 2     13.238400000000      2.802921000000
           1
 2      0.031600000000     -0.001863000000
$
a  10
$
   3   2
           1
 2      1.000000000000      0.000000000000
           2
 2     31.860162000000    112.525435660000
 2     12.362219000000     28.300834540000
           2
 2     21.508034000000    -11.126585430000
 2     12.910447000000      3.387549190000
           1
 2      0.850385000000     -0.184089210000
$
a  11
$
   3  10
           1
 2      1.000000000000      0.000000000000
           1
 2      1.378000000000     10.839000000000
           1
 2      0.663900000000      2.303000000000
           1
 2      0.924900000000     -1.777000000000
$
a  12
$
   3  10
           1
 2      1.000000000000      0.000000000000
           1
 2      1.732000000000     14.676000000000
           1
 2      1.115000000000      5.175700000000
           1
 2      1.203000000000     -1.816000000000
$
a  13
$
   3  10
           1
 2      1.000000000000      0.000000000000
           1
 2      2.198225000000     20.409813000000
           1
 2      1.601395000000      8.980495000000
           1
 2      1.499026000000     -1.970411000000
$
a  14
$
   3  10
           1
 2      1.000000000000      0.000000000000
           1
 2      2.713621970000     26.623318650000
           1
 2      1.966879870000     10.929953910000
           1
 2      2.710016000000     -4.669412000000
$
a  15
$
   3  10
           1
 2      1.000000000000      0.000000000000
           1
 2      2.940559860000     26.532261310000
           1
 2      2.227712550000     11.497210210000
           1
 2      5.661706000000    -16.772780000000
$
a  16
$
   3  10
           1
 2      1.000000000000      0.000000000000
           1
 2      3.743891640000     37.974819000000
           1
 2      3.086087440000     18.790529310000
           1
 2      4.862414000000     -7.837964000000
$
a  17
$
   3  10
           1
 2      1.000000000000      0.000000000000
           2
 2      6.394300000000     33.136632000000
 2      3.197100000000     16.270728000000
           2
 2      5.620700000000     24.416993000000
 2      2.810300000000      7.683050000000
           1
 2      5.338100000000     -8.587649000000
$
a  18
$
   4  10
           1
 2      1.000000000000      0.000000000000
           2
 2     10.261721000000     68.667788010000
 2      3.952725000000     24.042766290000
           2
 2      5.392714000000     27.730763310000
 2      2.699967000000      4.045459040000
           2
 2      8.086235000000     -8.137476960000
 2      4.016632000000     -1.664528080000
           1
 2      5.208459000000     -3.400098450000
$
a  19
$
   3  18
           1
 2      1.000000000000      0.000000000000
           1
 2      0.853000000000     13.564000000000
           1
 2      0.369600000000      2.648000000000
           1
 2      0.663900000000     -4.517000000000
$
a  20
$
   3  18
           1
 2      1.000000000000      0.000000000000
           1
 2      0.898000000000     12.466000000000
           1
 2      0.548000000000      5.146000000000
           1
 2      1.119000000000     -7.709000000000
$
a  30
$
   3  28
           1
 2      1.000000000000      0.000000000000
           2
 2      1.500000000000     14.936800000000
 2      0.750000000000     -2.626600000000
           2
 2      1.500000000000     11.432900000000
 2      0.750000000000     -1.493900000000
           2
 2      0.750000000000      1.169000000000
 2      0.375000000000      0.370700000000
$
a  31
$
   4  28
           1
 2      1.000000000000      0.000000000000
           1
 2      5.215960000000    203.853972000000
           1
 2      4.308904000000    156.103390000000
           1
 2      0.496357000000      1.031647000000
           1
 2      1.715170000000    -10.673735000000
$
a  32
$
   4  28
           1
 2      1.000000000000      0.000000000000
           1
 2      4.815409000000    149.246579000000
           1
 2      4.169515000000    132.844335000000
           1
 2      0.591958000000      1.346154000000
           1
 2      1.791770000000     -7.044223000000
$
a  33
$
   4  28
           1
 2      1.000000000000      0.000000000000
           1
 2      3.612625000000     53.965620000000
           1
 2      3.907926000000     88.949088000000
           1
 2      1.926467000000     22.420288000000
           1
 2      1.773434000000     -4.704815000000
$
a  34
$
   4  28
           1
 2      1.000000000000      0.000000000000
           1
 2      4.237057000000     79.663345000000
           1
 2      2.910334000000     31.560993000000
           1
 2      2.335701000000     30.804610000000
           1
 2      2.254639000000     -6.546875000000
$
a  35
$
   4  28
           1
 2      1.000000000000      0.000000000000
           2
 2      5.021800000000     61.513721000000
 2      2.510900000000      9.021493000000
           2
 2      4.281400000000     53.875864000000
 2      2.140700000000      4.629402000000
           2
 2      2.880000000000     20.849677000000
 2      1.440000000000      2.965444000000
           1
 2      2.720700000000     -8.161493000000
$
a  36
$
   5  28
           1
 2      1.000000000000      0.000000000000
           2
 2      5.877718000000     73.915693900000
 2      3.084622000000     16.168250800000
           2
 2      5.164110000000     58.517691010000
 2      2.358302000000      8.259100730000
           2
 2      3.215362000000     33.458227760000
 2      1.285008000000      0.677253310000
           2
 2      4.082869000000    -15.158698590000
 2      1.193960000000     -0.174088250000
           1
 2      3.180775000000     -6.833158770000
$
a  37
$
   3  36
           1
 2      1.000000000000      0.000000000000
           1
 2      1.012000000000     45.272000000000
           1
 2      0.303600000000      2.830000000000
           1
 2      0.383800000000     -1.975000000000
$
a  38
$
   3  36
           1
 2      1.000000000000      0.000000000000
           1
 2      0.796200000000     15.387000000000
           1
 2      0.421200000000      5.077000000000
           1
 2      0.492700000000     -2.248000000000
$
a  49
$
   4  46
           1
 2      1.000000000000      0.000000000000
           2
 2      1.435091000000     29.165219000000
 2      0.695805000000     -4.190806000000
           2
 2      1.440832000000     36.990542000000
 2      0.701392000000     -3.365820000000
           1
 2      0.961236000000     20.000531000000
           1
 2      0.884369000000     -6.019092000000
$
a  50
$
   4  46
           1
 2      1.000000000000      0.000000000000
           2
 2      1.969725000000     67.925347000000
 2      0.972375000000     -7.478546000000
           2
 2      1.999210000000     56.602880000000
 2      0.999042000000     -2.161776000000
           1
 2      0.500361000000      2.576336000000
           1
 2      1.230880000000    -10.109253000000
$
a  51
$
   4  46
           1
 2      1.000000000000      0.000000000000
           2
 2      2.491091000000     68.427938000000
 2      1.341575000000     -4.398631000000
           2
 2      2.143864000000     63.965469000000
 2      0.585503000000     -0.578726000000
           1
 2      0.795401000000      7.803661000000
           1
 2      1.609251000000    -14.517687000000
$
a  52
$
   4  46
           1
 2      1.000000000000      0.000000000000
           2
 2      2.923794000000     50.083805000000
 2      1.152754000000      1.968140000000
           2
 2      2.603086000000    119.820702000000
 2      0.985448000000     -2.039048000000
           1
 2      1.435019000000     37.757214000000
           1
 2      1.939270000000    -17.864641000000
$
a  53
$
   4  46
           1
 2      1.000000000000      0.000000000000
           2
 2      3.511200000000     83.113863000000
 2      1.755600000000      5.201876000000
           2
 2      2.968800000000     82.811109000000
 2      1.484400000000      3.379682000000
           2
 2      1.906600000000     10.304277000000
 2      0.953300000000      7.588032000000
           1
 2      2.307500000000    -21.477936000000
$
a  54
$
   5  46
           1
 2      1.000000000000      0.000000000000
           2
 2      3.940263000000    122.763829340000
 2      2.277264000000      8.308851150000
           2
 2      3.028373000000     68.823004370000
 2      1.394319000000      3.646742230000
           2
 2      2.122605000000     23.652078540000
 2      0.798669000000      3.258441130000
           2
 2      6.164360000000    -47.703198760000
 2      1.542374000000     -6.541139910000
           1
 2      1.847892000000     -7.105850600000
$
a  55
$
   3  54
           1
 2      1.000000000000      0.000000000000
           1
 2      1.160000000000    303.500000000000
           1
 2      0.244700000000      2.930000000000
           1
 2      0.242700000000     -1.138000000000
$
a  56
$
   3  54
           1
 2      1.000000000000      0.000000000000
           1
 2      0.635600000000     16.710000000000
           1
 2      0.321400000000      4.874000000000
           1
 2      0.240300000000     -0.842700000000
$
a  80
$
   5  78
           1
 2      1.000000000000      0.000000000000
           3
 2      0.227210000000     -0.696178000000
 2      1.657530000000     27.758105000000
 2     10.000248000000     48.780475000000
           2
 2      0.398377000000     -2.735811000000
 2      0.647307000000      8.575637000000
           2
 2      0.217999000000     -0.013118000000
 2      0.386058000000      2.792862000000
           1
 2      0.500000000000     -2.635164000000
           1
 2      0.800756000000    -13.393716000000
$
a  81
$
   5  78
           1
 2      1.000000000000      0.000000000000
           3
 2      0.326238000000     -1.016498000000
 2      1.977541000000     51.707959000000
 2     10.000000000000     73.186683000000
           2
 2      0.543063000000     -2.962673000000
 2      1.032140000000     19.730431000000
           2
 2      0.354817000000      2.772690000000
 2      0.709633000000     -3.979439000000
           1
 2      0.689156000000     -4.426786000000
           1
 2      0.820617000000    -12.270540000000
$
a  82
$
   5  78
           1
 2      1.000000000000      0.000000000000
           3
 2      0.529161000000     -1.873342000000
 2      1.456727000000     20.860797000000
 2      9.999911000000     97.587955000000
           2
 2      0.678119000000     -7.768209000000
 2      1.249013000000     51.719254000000
           2
 2      0.307446000000      1.300760000000
 2      0.744930000000      2.640822000000
           1
 2      0.848699000000     -5.706056000000
           1
 2      0.999941000000     -7.484184000000
$
a  83
$
   5  78
           1
 2      1.000000000000      0.000000000000
           3
 2      0.161152000000     -0.161988000000
 2      1.509835000000     14.031690000000
 2     10.000000000000    122.047401000000
           2
 2      0.760490000000     -6.188526000000
 2      1.426415000000     51.045868000000
           2
 2      0.780226000000     20.535804000000
 2      0.260075000000     -0.136196000000
           1
 2      0.973608000000     -6.414226000000
           1
 2      1.088195000000     -6.656064000000
$
a  84
$
   5  78
           1
 2      1.000000000000      0.000000000000
           3
 2      0.922386000000     -4.159304000000
 2      1.781915000000     33.830354000000
 2     10.000000000000    146.339101000000
           2
 2      0.724291000000     -4.125311000000
 2      1.363860000000     35.007078000000
           2
 2      0.476979000000      1.206518000000
 2      0.953957000000     13.356125000000
           1
 2      1.075454000000     -6.775174000000
           1
 2      1.122096000000     -5.515441000000
$
a  85
$
   5  78
           1
 2      1.000000000000      0.000000000000
           3
 2      0.922386000000     -5.528461000000
 2      1.781915000000     39.568869000000
 2     10.000000000000    170.711386000000
           2
 2      0.724291000000     -2.295387000000
 2      1.363860000000     25.492920000000
           2
 2      0.635972000000      4.865107000000
 2      1.271943000000     14.579413000000
           1
 2      1.154108000000     -6.857867000000
           1
 2      1.345115000000     -7.613039000000
$
a  86
$
   5  78
           1
 2      1.000000000000      0.000000000000
           3
 2      0.922386000000     -5.019005000000
 2      1.781915000000     37.036790000000
 2     10.804601000000    195.103308000000
           2
 2      0.724291000000     -1.966481000000
 2      1.363860000000     23.464059000000
           2
 2      0.769400000000      7.483457000000
 2      1.538800000000      9.361900000000
           1
 2      1.213897000000     -6.763150000000
           1
 2      1.576469000000     -9.915662000000
$
a  89
$
   5  78
           1
 2      1.000000000000      0.000000000000
           3
 2      4.063653000000    113.054397000000
 2      1.883995000000     17.083233000000
 2      0.886567000000     -2.666615000000
           3
 2      3.986181000000    115.937655000000
 2      2.000160000000     18.329978000000
 2      0.960841000000      1.307434000000
           3
 2      4.147972000000     60.863740000000
 2      2.234563000000     29.382289000000
 2      0.913695000000      6.969850000000
           3
 2      3.998938000000     48.646071000000
 2      1.998840000000    -29.410160000000
 2      0.995641000000      2.553106000000
           2
 2      2.858599000000    -25.140209000000
 2      0.887502000000     -0.341970000000
$
a  90
$
   5  78
           1
 2      1.000000000000      0.000000000000
           3
 2      4.063653000000    113.326466000000
 2      1.883995000000     15.663755000000
 2      0.886567000000     -2.765902000000
           3
 2      3.986181000000    115.953483000000
 2      2.000160000000     15.762190000000
 2      0.960841000000      1.378850000000
           3
 2      4.147972000000     59.747811000000
 2      2.234563000000     17.820683000000
 2      0.913695000000      6.913661000000
           3
 2      3.998938000000     49.624378000000
 2      1.998840000000    -26.641861000000
 2      0.995641000000      1.762748000000
           2
 2      3.166379000000    -28.595941000000
 2      0.860105000000     -0.309653000000
$
a  91
$
   5  78
           1
 2      1.000000000000      0.000000000000
           3
 2      4.063653000000    113.294844000000
 2      1.883995000000     15.513863000000
 2      0.886567000000     -3.143943000000
           3
 2      3.986181000000    115.895288000000
 2      2.000160000000     15.486291000000
 2      0.960841000000      0.976283000000
           3
 2      4.147972000000     59.669213000000
 2      2.234563000000     17.343726000000
 2      0.913695000000      6.444698000000
           3
 2      3.998938000000     51.677083000000
 2      1.998840000000    -22.941290000000
 2      0.995641000000      0.450258000000
           2
 2      3.480650000000    -31.873318000000
 2      0.860105000000     -0.311399000000
$
a  92
$
   5  78
           1
 2      1.000000000000      0.000000000000
           3
 2      4.063653000000    112.920103000000
 2      1.883995000000     15.647500000000
 2      0.886567000000     -3.689971000000
           3
 2      3.986181000000    118.758016000000
 2      2.000160000000     15.077228000000
 2      0.960841000000      0.556720000000
           3
 2      4.147972000000     60.855892000000
 2      2.234563000000     29.280047000000
 2      0.913695000000      4.998029000000
           3
 2      3.998938000000     49.924035000000
 2      1.998840000000    -24.674042000000
 2      0.995641000000      1.389480000000
           2
 2      3.817422000000    -36.040977000000
 2      0.262501000000     -0.090511000000
$
a  93
$
   5  78
           1
 2      1.000000000000      0.000000000000
           3
 2      4.063653000000    112.934860000000
 2      1.883995000000     15.549432000000
 2      0.886567000000     -4.135857000000
           3
 2      3.986181000000    118.823594000000
 2      2.000160000000     15.280487000000
 2      0.960841000000      0.023696000000
           3
 2      4.147972000000     60.813401000000
 2      2.234563000000     28.992308000000
 2      0.913695000000      4.444990000000
           3
 2      3.998938000000     49.540431000000
 2      1.998840000000    -25.566757000000
 2      0.995641000000      1.888886000000
           2
 2      4.201531000000    -39.834114000000
 2      0.345078000000     -0.141655000000
$
a  94
$
   5  78
           1
 2      1.000000000000      0.000000000000
           3
 2      4.063653000000    113.806678000000
 2      1.883995000000     16.000761000000
 2      0.886567000000     -4.839949000000
           3
 2      3.986181000000    118.769014000000
 2      2.000160000000     15.005465000000
 2      0.960841000000     -0.445820000000
           3
 2      4.147972000000     60.838015000000
 2      2.234563000000     29.140991000000
 2      0.913695000000      3.925573000000
           3
 2      3.998938000000     49.578334000000
 2      1.998840000000    -25.370992000000
 2      0.995641000000      1.929965000000
           2
 2      3.479904000000    -32.535111000000
 2      0.163718000000      0.235917000000
$
a  95
$
   5  78
           1
 2      1.000000000000      0.000000000000
           3
 2      4.063653000000    153.797169000000
 2      1.883995000000    -10.639855000000
 2      0.886567000000      1.270709000000
           3
 2      3.986181000000    118.779064000000
 2      2.000160000000     14.955696000000
 2      0.960841000000     -1.046280000000
           3
 2      4.147972000000     60.833778000000
 2      2.234563000000     29.099489000000
 2      0.913695000000      3.333610000000
           3
 2      3.998938000000     48.971137000000
 2      1.998840000000    -26.595854000000
 2      0.995641000000      2.477384000000
           2
 2      3.940205000000    -37.955572000000
 2      0.174609000000      0.249659000000
$
a  96
$
   5  78
           1
 2      1.000000000000      0.000000000000
           3
 2      4.063653000000    253.671746000000
 2      1.883995000000    -11.652159000000
 2      0.886567000000     -3.396770000000
           3
 2      3.986181000000    118.740486000000
 2      2.000160000000     14.871570000000
 2      0.960841000000     -1.176509000000
           3
 2      4.147972000000     60.901023000000
 2      2.234563000000     29.500385000000
 2      0.913695000000      3.206729000000
           3
 2      3.998938000000     47.234614000000
 2      1.998840000000    -28.715453000000
 2      0.995641000000      3.783521000000
           2
 2      4.082153000000    -39.543894000000
 2      0.274182000000      0.430726000000
$
a  97
$
   5  78
           1
 2      1.000000000000      0.000000000000
           3
 2      4.063653000000    203.637829000000
 2      1.883995000000    -11.667761000000
 2      0.886567000000     -2.227776000000
           3
 2      3.986181000000    118.715410000000
 2      2.000160000000     14.614616000000
 2      0.960841000000     -2.062679000000
           3
 2      4.147972000000     60.829711000000
 2      2.234563000000     29.058027000000
 2      0.913695000000      2.631080000000
           3
 2      3.998938000000     49.018886000000
 2      1.998840000000    -26.010171000000
 2      0.995641000000      2.509418000000
           2
 2      4.546792000000    -44.641695000000
 2      0.295253000000      0.440153000000
$
a  98
$
   5  78
           1
 2      1.000000000000      0.000000000000
           3
 2      4.063653000000    263.527609000000
 2      1.883995000000    -12.595167000000
 2      0.886567000000     -5.520887000000
           3
 2      3.986181000000    118.668910000000
 2      2.000160000000     14.422696000000
 2      0.960841000000     -2.426644000000
           3
 2      4.147972000000     60.818653000000
 2      2.234563000000     28.989469000000
 2      0.913695000000      2.266591000000
           3
 2      3.998938000000     48.415376000000
 2      1.998840000000    -26.421916000000
 2      0.995641000000      2.891692000000
           2
 2      5.232491000000    -52.587008000000
 2      0.243751000000      0.352044000000
$
a  99
$
   5  78
           1
 2      1.000000000000      0.000000000000
           3
 2      4.063653000000    253.521830000000
 2      1.883995000000    -12.758501000000
 2      0.886567000000     -5.800753000000
           3
 2      3.986181000000    118.674152000000
 2      2.000160000000     14.342959000000
 2      0.960841000000     -2.994427000000
           3
 2      4.147972000000     60.844869000000
 2      2.234563000000     29.123412000000
 2      0.913695000000      1.811065000000
           3
 2      3.998938000000     48.232791000000
 2      1.998840000000    -27.287675000000
 2      0.995641000000      3.320396000000
           2
 2      5.674539000000    -57.407820000000
 2      0.271730000000      0.393800000000
$
a 100
$
   5  78
           1
 2      1.000000000000      0.000000000000
           3
 2      4.063653000000    253.476841000000
 2      1.883995000000    -12.920523000000
 2      0.886567000000     -6.591056000000
           3
 2      3.986181000000    118.706857000000
 2      2.000160000000     14.360631000000
 2      0.960841000000     -3.663087000000
           3
 2      4.147972000000     60.816163000000
 2      2.234563000000     28.945955000000
 2      0.913695000000      1.400804000000
           3
 2      3.998938000000     47.932397000000
 2      1.998840000000    -27.413196000000
 2      0.995641000000      3.464577000000
           2
 2      6.119053000000    -62.126836000000
 2      0.303551000000      0.439572000000
$
a 101
$
   5  78
           1
 2      1.000000000000      0.000000000000
           3
 2      4.063653000000    303.343129000000
 2      1.883995000000    -13.768663000000
 2      0.886567000000     -9.545129000000
           3
 2      3.986181000000    118.596770000000
 2      2.000160000000     13.973068000000
 2      0.960841000000     -4.303232000000
           3
 2      4.147972000000     60.831769000000
 2      2.234563000000     29.009879000000
 2      0.913695000000      0.983959000000
           3
 2      3.998938000000     47.922929000000
 2      1.998840000000    -27.025078000000
 2      0.995641000000      3.386758000000
           2
 2      6.582119000000    -67.006765000000
 2      0.334542000000      0.486220000000
$
a 102
$
   5  78
           1
 2      1.000000000000      0.000000000000
           3
 2      4.063653000000    303.281335000000
 2      1.883995000000    -14.016624000000
 2      0.886567000000     -9.935065000000
           3
 2      3.986181000000    118.532926000000
 2      2.000160000000     13.754070000000
 2      0.960841000000     -4.289201000000
           3
 2      4.147972000000     60.919646000000
 2      2.234563000000     29.430159000000
 2      0.913695000000      0.736525000000
           3
 2      3.998938000000     45.875353000000
 2      1.998840000000    -29.564413000000
 2      0.995641000000      4.860161000000
           2
 2      7.081770000000    -72.344985000000
 2      0.359223000000      0.530597000000
$
a 103
$
   5  78
           1
 2      1.000000000000      0.000000000000
           3
 2      4.063653000000    353.224920000000
 2      1.883995000000    -14.710080000000
 2      0.886567000000    -12.359256000000
           3
 2      3.986181000000    118.525956000000
 2      2.000160000000     13.723600000000
 2      0.960841000000     -4.443577000000
           3
 2      4.147972000000     61.130114000000
 2      2.234563000000     30.326743000000
 2      0.913695000000      0.464219000000
           3
 2      3.998938000000     44.051278000000
 2      1.998840000000    -31.822353000000
 2      0.995641000000      6.373566000000
           2
 2      7.539585000000    -76.800264000000
 2      0.400426000000      0.583576000000
$

$ END OF ECP
