$ ELEMENTS                      REFERENCES
$  ---------                       ----------
$
a  19
$
   4  10
           1
 2      1.000000000000      0.000000000000
           1
 2      6.843807000000     92.252639000000
           1
 2      4.217857000000     23.498035000000
           1
 2      6.497537000000     -7.315420000000
           1
 2      6.123613000000     -3.858320000000
$
a  20
$
   4  10
           1
 2      1.000000000000      0.000000000000
           2
 2     11.231672000000    138.785174000000
 2      4.671960000000     16.504244000000
           2
 2     11.156907000000     83.123664000000
 2      4.810141000000     13.502272000000
           2
 2     13.754728000000    -16.201965000000
 2      4.762470000000     -1.132390000000
           1
 2     12.765846000000    -26.728178000000
$
a  21
$
   3  10
           1
 2      1.000000000000      0.000000000000
           2
 2     11.500000000000    138.538152000000
 2      5.184000000000     14.834042000000
           2
 2     10.930000000000     82.458614000000
 2      4.581000000000      8.565206000000
           2
 2     13.470000000000    -16.129862000000
 2      4.375000000000     -0.534690000000
$
a  22
$
   3  10
           1
 2      1.000000000000      0.000000000000
           2
 2     13.010000000000    158.241593000000
 2      5.862000000000     17.511824000000
           2
 2     12.460000000000     95.235127000000
 2      5.217000000000     10.047856000000
           2
 2     15.350000000000    -17.568861000000
 2      4.980000000000     -0.587256000000
$
a  23
$
   3  10
           1
 2      1.000000000000      0.000000000000
           2
 2     14.490000000000    178.447971000000
 2      6.524000000000     19.831375000000
           2
 2     14.300000000000    109.529763000000
 2      6.021000000000     12.570310000000
           2
 2     17.480000000000    -19.219657000000
 2      5.709000000000     -0.642775000000
$
a  24
$
   3  10
           1
 2      1.000000000000      0.000000000000
           2
 2     16.390000000000    201.578887000000
 2      7.402000000000     24.205741000000
           2
 2     16.450000000000    125.022774000000
 2      6.962000000000     16.479066000000
           2
 2     19.930000000000    -20.827421000000
 2      6.598000000000     -0.834368000000
$
a  25
$
   3  10
           1
 2      1.000000000000      0.000000000000
           2
 2     18.520000000000    226.430902000000
 2      8.373000000000     30.359072000000
           2
 2     18.920000000000    142.154705000000
 2      8.017000000000     21.536509000000
           2
 2     22.720000000000    -22.568119000000
 2      7.640000000000     -1.205810000000
$
a  26
$
   3  10
           1
 2      1.000000000000      0.000000000000
           2
 2     20.930000000000    253.749588000000
 2      9.445000000000     37.922845000000
           2
 2     21.760000000000    161.036812000000
 2      9.178000000000     27.651298000000
           2
 2     25.900000000000    -24.431276000000
 2      8.835000000000     -1.434251000000
$
a  27
$
   3  10
           1
 2      1.000000000000      0.000000000000
           2
 2     23.660000000000    283.960566000000
 2     10.610000000000     47.156846000000
           2
 2     25.040000000000    182.212236000000
 2     10.440000000000     35.233352000000
           2
 2     29.540000000000    -26.475333000000
 2     10.180000000000     -1.825787000000
$
a  28
$
   3  10
           1
 2      1.000000000000      0.000000000000
           2
 2     26.740000000000    317.682272000000
 2     11.860000000000     58.255391000000
           2
 2     28.800000000000    252.474366000000
 2     11.790000000000     36.081503000000
           2
 2     33.700000000000    -18.522955000000
 2     11.660000000000     -4.557668000000
$
a  29
$
   3  10
           1
 2      1.000000000000      0.000000000000
           2
 2     30.220000000000    355.770158000000
 2     13.190000000000     70.865357000000
           2
 2     33.130000000000    233.891976000000
 2     13.220000000000     53.947299000000
           2
 2     38.420000000000    -31.272165000000
 2     13.260000000000     -2.741104000000
$
a  30
$
   3  10
           1
 2      1.000000000000      0.000000000000
           2
 2     34.150000000000    399.987282000000
 2     14.590000000000     85.485655000000
           2
 2     39.780000000000    277.148960000000
 2     14.950000000000     69.052205000000
           2
 2     43.800000000000    -34.149349000000
 2     14.980000000000     -3.291831000000
$
a  37
$
   4  28
           1
 2      1.000000000000      0.000000000000
           2
 2      5.036551810000     89.500198220000
 2      1.970849630000      0.493761980000
           2
 2      4.258341190000     58.568974920000
 2      1.470709610000      0.431791080000
           2
 2      3.023127740000     26.224898090000
 2      0.650383460000      0.962839500000
           1
 2      3.843114710000    -12.316900650000
$
a  38
$
   4  28
           1
 2      1.000000000000      0.000000000000
           2
 2      7.400074000000    135.479430000000
 2      3.606379000000     17.534463000000
           2
 2      6.484868000000     88.359709000000
 2      3.288053000000     15.394372000000
           2
 2      4.622841000000     29.888987000000
 2      2.246904000000      6.659414000000
           1
 2      4.633975000000    -15.805992000000
$
a  39
$
   4  28
           1
 2      1.000000000000      0.000000000000
           2
 2      7.488049000000    135.153844000000
 2      3.744025000000     15.552441000000
           2
 2      6.445377000000     87.784992000000
 2      3.222689000000     11.564066000000
           2
 2      4.658447000000     29.701001000000
 2      2.329224000000      5.539968000000
           2
 2      6.584212000000    -19.122198000000
 2      3.292106000000     -2.436375000000
$
a  40
$
   4  28
           1
 2      1.000000000000      0.000000000000
           2
 2      8.200000000000    150.267591000000
 2      4.089728000000     18.976216000000
           2
 2      7.110000000000     99.622124000000
 2      3.596798000000     14.168733000000
           2
 2      5.350000000000     35.045124000000
 2      2.491821000000      6.111259000000
           2
 2      7.540000000000    -21.093776000000
 2      3.770000000000     -3.080694000000
$
a  41
$
   4  28
           1
 2      1.000000000000      0.000000000000
           2
 2      8.900000000000    165.179143000000
 2      4.430000000000     21.992974000000
           2
 2      7.770000000000    111.794414000000
 2      3.960000000000     16.633483000000
           2
 2      6.050000000000     38.112249000000
 2      2.840000000000      8.039167000000
           2
 2      8.490000000000    -22.929550000000
 2      4.250000000000     -3.666310000000
$
a  42
$
   4  28
           1
 2      1.000000000000      0.000000000000
           2
 2      9.714594000000    180.103108000000
 2      4.680500000000     24.997228000000
           2
 2      8.142137000000    123.772752000000
 2      4.625986000000     19.530228000000
           2
 2      6.618415000000     48.375022000000
 2      3.248752000000      8.892053000000
           2
 2      9.450000000000    -24.805177000000
 2      4.720000000000     -4.153782000000
$
a  43
$
   4  28
           1
 2      1.000000000000      0.000000000000
           2
 2     10.422346000000    195.159166000000
 2      5.036516000000     28.092603000000
           2
 2      8.950449000000    135.284566000000
 2      4.854439000000     21.806504000000
           2
 2      6.945697000000     54.329729000000
 2      3.970585000000     11.155068000000
           2
 2     10.400000000000    -26.562447000000
 2      5.200000000000     -4.585681000000
$
a  44
$
   4  28
           1
 2      1.000000000000      0.000000000000
           2
 2     11.105269000000    209.822971000000
 2      5.414745000000     30.654726000000
           2
 2      9.771271000000    146.336182000000
 2      5.073991000000     24.127877000000
           2
 2      7.671423000000     67.515897000000
 2      4.136565000000      9.870104000000
           2
 2     11.360000000000    -28.340616000000
 2      5.680000000000     -4.944629000000
$
a  45
$
   4  28
           1
 2      1.000000000000      0.000000000000
           2
 2     11.720000000000    225.347754000000
 2      5.820000000000     32.823189000000
           2
 2     10.420000000000    158.709412000000
 2      5.450000000000     26.444100000000
           2
 2      8.820000000000     62.758626000000
 2      3.870000000000     10.978719000000
           2
 2     12.310000000000    -30.093456000000
 2      6.160000000000     -5.218482000000
$
a  46
$
   4  28
           1
 2      1.000000000000      0.000000000000
           2
 2     12.430000000000    240.229040000000
 2      6.170759000000     35.171943000000
           2
 2     11.080000000000    170.417276000000
 2      5.829554000000     28.472133000000
           2
 2      9.510000000000     69.013845000000
 2      4.139781000000     11.750862000000
           2
 2     13.270000000000    -31.929554000000
 2      6.630000000000     -5.398217000000
$
a  47
$
   4  28
           1
 2      1.000000000000      0.000000000000
           2
 2     13.130000000000    255.139365000000
 2      6.510000000000     36.866122000000
           2
 2     11.740000000000    182.181869000000
 2      6.200000000000     30.357751000000
           2
 2     10.210000000000     73.719261000000
 2      4.380000000000     12.502117000000
           2
 2     14.220000000000    -33.689920000000
 2      7.110000000000     -5.531120000000
$
a  48
$
   4  28
           1
 2      1.000000000000      0.000000000000
           2
 2     13.835869000000    270.009483000000
 2      6.857270000000     38.767308000000
           2
 2     12.404971000000    193.829629000000
 2      6.567799000000     31.896525000000
           2
 2     10.896925000000     79.193647000000
 2      4.641165000000     13.230827000000
           2
 2     15.184796000000    -35.476626000000
 2      7.592398000000     -5.617677000000
$
a  55
$
   4  46
           1
 2      1.000000000000      0.000000000000
           2
 2      4.079750660000     84.547730620000
 2      2.417406350000     16.654173950000
           2
 2      5.514080160000    157.049059390000
 2      2.160316820000     26.423307040000
           2
 2      1.807410000000     13.172753810000
 2      0.858182230000      3.342833980000
           1
 2      3.123269060000    -28.884309170000
$
a  56
$
   4  46
           1
 2      1.000000000000      0.000000000000
           2
 2      9.526986000000    427.845816000000
 2      4.487510000000    204.417530000000
           2
 2      8.315930000000    293.605864000000
 2      4.292217000000    294.193316000000
           2
 2      5.916108000000    112.550402000000
 2      2.874842000000    181.782621000000
           1
 2      3.589465000000    -33.473174000000
$
a  58
$
   5  28
           1
 2      1.000000000000      0.000000000000
           1
 2     20.137829000000    580.083457000000
           1
 2     15.998482000000    310.302833000000
           1
 2     14.974187000000    167.813944000000
           1
 2     23.402455000000    -49.390229000000
           1
 2     16.570553000000    -21.331879000000
$
a  59
$
   5  28
           1
 2      1.000000000000      0.000000000000
           1
 2     20.766278000000    577.573122000000
           1
 2     16.078448000000    295.785846000000
           1
 2     14.705089000000    150.867055000000
           1
 2     23.378969000000    -48.736766000000
           1
 2     17.447138000000    -22.329488000000
$
a  60
$
   5  28
           1
 2      1.000000000000      0.000000000000
           1
 2     21.352267000000    574.370980000000
           1
 2     16.119265000000    280.946440000000
           1
 2     14.494103000000    138.670627000000
           1
 2     23.183860000000    -47.522668000000
           1
 2     18.344174000000    -23.344587000000
$
a  61
$
   5  28
           1
 2      1.000000000000      0.000000000000
           1
 2     21.942865000000    575.395749000000
           1
 2     16.555161000000    281.704514000000
           1
 2     13.960308000000    123.524737000000
           1
 2     24.033546000000    -50.741511000000
           1
 2     19.260245000000    -24.372510000000
$
a  62
$
   5  28
           1
 2      1.000000000000      0.000000000000
           1
 2     22.344471000000    572.985332000000
           1
 2     16.694590000000    272.359145000000
           1
 2     13.727705000000    115.293900000000
           1
 2     24.059092000000    -51.108392000000
           1
 2     20.197249000000    -25.421885000000
$
a  63
$
   5  28
           1
 2      1.000000000000      0.000000000000
           1
 2     23.471384000000    607.659331000000
           1
 2     16.772479000000    264.385476000000
           1
 2     13.981343000000    115.381375000000
           1
 2     23.962888000000    -49.400794000000
           1
 2     21.232458000000    -26.748273000000
$
a  64
$
   5  28
           1
 2      1.000000000000      0.000000000000
           1
 2     24.602151000000    637.200869000000
           1
 2     16.889250000000    261.689601000000
           1
 2     13.643358000000    106.856533000000
           1
 2     24.126917000000    -50.683590000000
           1
 2     22.131887000000    -27.579630000000
$
a  65
$
   5  28
           1
 2      1.000000000000      0.000000000000
           1
 2     24.952956000000    668.597155000000
           1
 2     17.610899000000    266.980475000000
           1
 2     12.976009000000     97.506596000000
           1
 2     24.248869000000    -52.175757000000
           1
 2     23.130672000000    -28.694268000000
$
a  66
$
   5  28
           1
 2      1.000000000000      0.000000000000
           1
 2     26.429586000000    705.671221000000
           1
 2     17.317034000000    254.866989000000
           1
 2     12.913599000000     95.045187000000
           1
 2     24.907878000000    -54.574093000000
           1
 2     24.148753000000    -29.828277000000
$
a  67
$
   5  28
           1
 2      1.000000000000      0.000000000000
           1
 2     28.397257000000    755.703136000000
           1
 2     17.438633000000    253.551998000000
           1
 2     12.434212000000     89.635677000000
           1
 2     25.387010000000    -55.482036000000
           1
 2     25.188501000000    -30.991125000000
$
a  68
$
   5  28
           1
 2      1.000000000000      0.000000000000
           1
 2     29.798592000000    800.952876000000
           1
 2     18.114237000000    262.019869000000
           1
 2     11.369587000000     80.170552000000
           1
 2     21.821233000000    -42.336285000000
           1
 2     26.250735000000    -32.185278000000
$
a  69
$
   5  28
           1
 2      1.000000000000      0.000000000000
           1
 2     31.144122000000    845.510743000000
           1
 2     18.092353000000    258.585239000000
           1
 2     11.469159000000     80.729059000000
           1
 2     23.605544000000    -48.701266000000
           1
 2     27.329781000000    -33.395496000000
$
a  70
$
   5  28
           1
 2      1.000000000000      0.000000000000
           1
 2     32.424484000000    891.013777000000
           1
 2     18.656232000000    264.036953000000
           1
 2     10.490222000000     73.923919000000
           1
 2     20.774183000000    -39.592173000000
           1
 2     28.431028000000    -34.638638000000
$
a  72
$
   5  60
           1
 2      1.000000000000      0.000000000000
           2
 2     14.769959000000   1499.284711000000
 2      7.384979000000     40.282101000000
           2
 2      9.849490000000    397.733005000000
 2      4.924745000000     19.316406000000
           2
 2      6.096756000000    101.329805000000
 2      3.048378000000      5.873438000000
           1
 2      1.785770000000     10.046723000000
           1
 2      2.632400000000     -9.558244000000
$
a  73
$
   5  60
           1
 2      1.000000000000      0.000000000000
           2
 2     14.546408000000   1345.880647000000
 2      7.273204000000     36.766806000000
           2
 2      9.935565000000    378.425301000000
 2      4.967782000000     22.293091000000
           2
 2      6.347377000000    104.883956000000
 2      3.173688000000      8.755848000000
           1
 2      2.017881000000     12.017961000000
           1
 2      3.040330000000    -11.728933000000
$
a  74
$
   5  60
           1
 2      1.000000000000      0.000000000000
           2
 2     14.322856000000   1192.395882000000
 2      7.161428000000     32.522933000000
           2
 2     10.021641000000    359.031967000000
 2      5.010820000000     24.030380000000
           2
 2      6.597997000000    108.301349000000
 2      3.298999000000     10.982528000000
           1
 2      2.258888000000     14.152579000000
           1
 2      3.464110000000    -14.056435000000
$
a  75
$
   5  60
           1
 2      1.000000000000      0.000000000000
           2
 2     14.099305000000   1038.951572000000
 2      7.049653000000     29.561738000000
           2
 2     10.107717000000    339.543510000000
 2      5.053858000000     24.913696000000
           2
 2      6.848618000000    111.699653000000
 2      3.424309000000     12.624329000000
           1
 2      2.508651000000     16.449852000000
           1
 2      3.901245000000    -16.501120000000
$
a  76
$
   5  60
           1
 2      1.000000000000      0.000000000000
           2
 2     13.875754000000    885.405719000000
 2      6.937877000000     25.967040000000
           2
 2     10.193793000000    320.083902000000
 2      5.096896000000     26.148765000000
           2
 2      7.099238000000    115.044843000000
 2      3.549619000000     13.622575000000
           1
 2      2.767075000000     18.909457000000
           1
 2      4.349905000000    -19.027595000000
$
a  77
$
   5  60
           1
 2      1.000000000000      0.000000000000
           2
 2     13.652203000000    732.269200000000
 2      6.826101000000     26.484721000000
           2
 2     10.279868000000    299.489474000000
 2      5.139934000000     26.466234000000
           2
 2      7.349859000000    124.457595000000
 2      3.674929000000     14.035995000000
           1
 2      3.034072000000     21.531031000000
           1
 2      4.808857000000    -21.607597000000
$
a  78
$
   5  60
           1
 2      1.000000000000      0.000000000000
           2
 2     13.428651000000    579.223861000000
 2      6.714326000000     29.669491000000
           2
 2     10.365944000000    280.860774000000
 2      5.182972000000     26.745382000000
           2
 2      7.600479000000    120.396444000000
 2      3.800240000000     15.810921000000
           1
 2      3.309569000000     24.314376000000
           1
 2      5.277289000000    -24.218675000000
$
a  79
$
   4  60
           1
 2      1.000000000000      0.000000000000
           2
 2     13.205100000000    426.709840000000
 2      6.602550000000     35.938824000000
           2
 2     10.452020000000    261.161023000000
 2      5.226010000000     26.626284000000
           2
 2      7.851100000000    124.756831000000
 2      3.925550000000     15.772260000000
           2
 2      4.789800000000     30.568475000000
 2      2.394910000000      5.183774000000
$
a  80
$
   5  60
           1
 2      1.000000000000      0.000000000000
           2
 2     12.981549000000    274.532169000000
 2      6.490774000000     49.182192000000
           2
 2     10.538096000000    237.395770000000
 2      5.269048000000     28.121584000000
           2
 2      8.101721000000    114.252034000000
 2      4.050860000000     18.495638000000
           1
 2      3.885791000000     30.364996000000
           1
 2      6.241000000000    -29.473118000000
$
a  89
$
   5  60
           1
 2      1.000000000000      0.000000000000
           1
 2     14.651879510000    476.146921920000
           1
 2      9.180346000000    185.895520680000
           1
 2      9.523163670000    204.176034730000
           1
 2      7.594209620000    100.818254740000
           1
 2     11.027732330000    -51.615241810000
$
a  90
$
   5  60
           1
 2      1.000000000000      0.000000000000
           1
 2     14.776424130000    455.055967630000
           1
 2      9.083184340000    177.691790700000
           1
 2      9.653857710000    197.232705110000
           1
 2      7.380765890000     82.908727230000
           1
 2     11.609024620000    -55.126419060000
$
a  91
$
   5  60
           1
 2      1.000000000000      0.000000000000
           1
 2     15.269173670000    475.475732830000
           1
 2      9.957736990000    207.664859620000
           1
 2      8.943141260000    156.674119880000
           1
 2      7.010466620000     67.982236850000
           1
 2     12.201056010000    -57.630599890000
$
a  92
$
   5  60
           1
 2      1.000000000000      0.000000000000
           1
 2     16.414038690000    536.516627780000
           1
 2      9.060556060000    169.544924650000
           1
 2      8.831831980000    142.615598370000
           1
 2      7.018516290000     60.393076020000
           1
 2     12.804088440000    -60.129989580000
$
a  93
$
   5  60
           1
 2      1.000000000000      0.000000000000
           1
 2     16.771947700000    541.538538510000
           1
 2      9.783552770000    191.084571370000
           1
 2      9.034226600000    146.402589230000
           1
 2      7.121848270000     60.394333140000
           1
 2     13.418322530000    -62.626185080000
$
a  94
$
   5  60
           1
 2      1.000000000000      0.000000000000
           1
 2     18.559689160000    662.756241980000
           1
 2      9.473516970000    179.415289790000
           1
 2      9.030690650000    139.705912170000
           1
 2      7.138797790000     56.045909140000
           1
 2     14.043996550000    -65.121216110000
$
a  95
$
   5  60
           1
 2      1.000000000000      0.000000000000
           1
 2     19.130096480000    672.426908480000
           1
 2      9.559142070000    180.983630040000
           1
 2      9.161266170000    139.037563890000
           1
 2      7.035754630000     51.273553140000
           1
 2     14.681332890000    -67.616942080000
$
a  96
$
   5  60
           1
 2      1.000000000000      0.000000000000
           1
 2     19.250346340000    648.910581920000
           1
 2      9.745660410000    185.646637940000
           1
 2      9.267023140000    137.840261760000
           1
 2      7.063714120000     48.180996360000
           1
 2     15.330525650000    -70.114975500000
$
a  97
$
   5  60
           1
 2      1.000000000000      0.000000000000
           1
 2     20.285376100000    696.475122200000
           1
 2      9.868396470000    188.760265720000
           1
 2      8.916557400000    124.935835850000
           1
 2      7.025003140000     45.216507780000
           1
 2     15.991805280000    -72.617188800000
$
a  98
$
   5  60
           1
 2      1.000000000000      0.000000000000
           1
 2     22.271632010000    823.746576430000
           1
 2      8.800799150000    173.070439520000
           1
 2      9.311157460000    125.568751160000
           1
 2      6.629577840000     34.952596230000
           1
 2     16.665369730000    -75.125254930000
$
a  99
$
   5  60
           1
 2      1.000000000000      0.000000000000
           1
 2     25.239434420000   1109.052533710000
           1
 2      8.574504400000    175.318777240000
           1
 2      9.454607300000    124.586814140000
           1
 2      6.273390510000     29.551927080000
           1
 2     17.351456180000    -77.641074780000
$
a 100
$
   5  60
           1
 2      1.000000000000      0.000000000000
           1
 2     26.499713560000   1201.222799830000
           1
 2      8.455091350000    179.580219040000
           1
 2      9.526110520000    122.515303860000
           1
 2      6.483649250000     29.499639600000
           1
 2     18.050160510000    -80.165201550000
$
a 101
$
   5  60
           1
 2      1.000000000000      0.000000000000
           1
 2     26.257029410000   1099.410318340000
           1
 2      9.144677440000    192.251427770000
           1
 2      9.769849780000    129.191583910000
           1
 2      6.967531400000     34.329321330000
           1
 2     18.761791720000    -82.700152850000
$
a 102
$
   5  60
           1
 2      1.000000000000      0.000000000000
           1
 2     26.788774340000   1099.412551140000
           1
 2      9.671941890000    203.319049710000
           1
 2      9.659545370000    127.627445570000
           1
 2      6.604736470000     31.661862790000
           1
 2     19.486525440000    -85.247367410000
$
a 103
$
   5  60
           1
 2      1.000000000000      0.000000000000
           1
 2     41.623097500000   4933.050204350000
           1
 2      9.667011760000    208.559352320000
           1
 2      8.455596010000    105.298950960000
           1
 2      7.391012310000     36.225703620000
           1
 2     20.224533420000    -87.807982520000
$
a 105
$
   4  92
           1
 2      1.000000000000      0.000000000000
           2
 2      8.252941000000    480.701749000000
 2      1.385043000000     -4.739321000000
           2
 2      6.458686000000    479.457713000000
 2      0.950908000000     -1.977112000000
           2
 2      4.100064000000    237.725780000000
 2      1.265763000000     -2.667652000000
           1
 2      1.584504000000     20.739531000000
$

$ END OF ECP
