$ ELEMENTS                      REFERENCES
$ --------                       ----------
$ La - Lu     X. Cao and M. Dolg, J. Chem. Phys. (to be published)
$
a  57
$
   5  28
           1
 2      1.000000000000      0.000000000000
           1
 2     19.441418000000    585.201953000000
           1
 2     16.016353000000    330.109510000000
           1
 2     15.128259000000    186.058232000000
           1
 2     23.103875000000    -49.433352000000
           1
 2     15.639020000000    -20.123020000000
$
a  58
$
   5  28
           1
 2      1.000000000000      0.000000000000
           1
 2     20.137829000000    580.083457000000
           1
 2     15.998482000000    310.302833000000
           1
 2     14.974187000000    167.813944000000
           1
 2     23.402455000000    -49.390229000000
           1
 2     16.570553000000    -21.331879000000
$
a  59
$
   5  28
           1
 2      1.000000000000      0.000000000000
           1
 2     20.766278000000    577.573122000000
           1
 2     16.078448000000    295.785846000000
           1
 2     14.705089000000    150.867055000000
           1
 2     23.378969000000    -48.736766000000
           1
 2     17.447138000000    -22.329488000000
$
a  60
$
   5  28
           1
 2      1.000000000000      0.000000000000
           1
 2     21.352267000000    574.370980000000
           1
 2     16.119265000000    280.946440000000
           1
 2     14.494103000000    138.670627000000
           1
 2     23.183860000000    -47.522668000000
           1
 2     18.344174000000    -23.344587000000
$
a  61
$
   5  28
           1
 2      1.000000000000      0.000000000000
           1
 2     21.942865000000    575.395749000000
           1
 2     16.555161000000    281.704514000000
           1
 2     13.960308000000    123.524737000000
           1
 2     24.033546000000    -50.741511000000
           1
 2     19.260245000000    -24.372510000000
$
a  62
$
   5  28
           1
 2      1.000000000000      0.000000000000
           1
 2     22.344471000000    572.985332000000
           1
 2     16.694590000000    272.359145000000
           1
 2     13.727705000000    115.293900000000
           1
 2     24.059092000000    -51.108392000000
           1
 2     20.197249000000    -25.421885000000
$
a  63
$
   5  28
           1
 2      1.000000000000      0.000000000000
           1
 2     23.471384000000    607.659331000000
           1
 2     16.772479000000    264.385476000000
           1
 2     13.981343000000    115.381375000000
           1
 2     23.962888000000    -49.400794000000
           1
 2     21.232458000000    -26.748273000000
$
a  64
$
   5  28
           1
 2      1.000000000000      0.000000000000
           1
 2     24.602151000000    637.200869000000
           1
 2     16.889250000000    261.689601000000
           1
 2     13.643358000000    106.856533000000
           1
 2     24.126917000000    -50.683590000000
           1
 2     22.131887000000    -27.579630000000
$
a  65
$
   5  28
           1
 2      1.000000000000      0.000000000000
           1
 2     24.952956000000    668.597155000000
           1
 2     17.610899000000    266.980475000000
           1
 2     12.976009000000     97.506596000000
           1
 2     24.248869000000    -52.175757000000
           1
 2     23.130672000000    -28.694268000000
$
a  66
$
   5  28
           1
 2      1.000000000000      0.000000000000
           1
 2     26.429586000000    705.671221000000
           1
 2     17.317034000000    254.866989000000
           1
 2     12.913599000000     95.045187000000
           1
 2     24.907878000000    -54.574093000000
           1
 2     24.148753000000    -29.828277000000
$
a  67
$
   5  28
           1
 2      1.000000000000      0.000000000000
           1
 2     28.397257000000    755.703136000000
           1
 2     17.438633000000    253.551998000000
           1
 2     12.434212000000     89.635677000000
           1
 2     25.387010000000    -55.482036000000
           1
 2     25.188501000000    -30.991125000000
$
a  68
$
   5  28
           1
 2      1.000000000000      0.000000000000
           1
 2     29.798592000000    800.952876000000
           1
 2     18.114237000000    262.019869000000
           1
 2     11.369587000000     80.170552000000
           1
 2     21.821233000000    -42.336285000000
           1
 2     26.250735000000    -32.185278000000
$
a  69
$
   5  28
           1
 2      1.000000000000      0.000000000000
           1
 2     31.144122000000    845.510743000000
           1
 2     18.092353000000    258.585239000000
           1
 2     11.469159000000     80.729059000000
           1
 2     23.605544000000    -48.701266000000
           1
 2     27.329781000000    -33.395496000000
$
a  70
$
   5  28
           1
 2      1.000000000000      0.000000000000
           1
 2     32.424484000000    891.013777000000
           1
 2     18.656232000000    264.036953000000
           1
 2     10.490222000000     73.923919000000
           1
 2     20.774183000000    -39.592173000000
           1
 2     28.431028000000    -34.638638000000
$
a  71
$
   5  28
           1
 2      1.000000000000      0.000000000000
           1
 2     35.162097000000    989.995584000000
           1
 2     19.464402000000    278.865652000000
           1
 2     10.006865000000     71.009178000000
           1
 2     23.517932000000    -47.405890000000
           1
 2     29.412238000000    -35.557146000000
$

$ END OF ECP
