Lawrencium  [Rn]7s(2)6d(1)5f(14)                                                
                                                                                
 Nuclear Charge =  103.0000000000
    Atomic Mass =  260.0000000000
 Nuclear Radius =    1.440788d-04
 Speed of Light =  137.0359895000

                          S+   P-   P+   D-   D+   F-   F+
Number of Closed Shells    7    5    5    3    3    2    2
            Open Shells    0    0    0    1    1    0    0

Conf        Weight     Open Shell Occupation Numbers
  1        0.40000000         0.0   0.0   0.0   1.0   0.0   0.0   0.0
  2        0.60000000         0.0   0.0   0.0   0.0   1.0   0.0   0.0

* Energies
          Total Energy =    -3.770736016203385d+04
           Mass Energy =    -3.763239088146511d+04
        Kinetic Energy =     8.721889020793641d+04
      Potential Energy =    -8.729385948850514d+04
  Correction to Virial =     7.496656179021785d+01

Virials
              -<V>/<T> =     1.000859553250334d+00
       -(CORR <V>)/<T> =    -8.595220784338338d-04
 -[<V>+(CORR <V>)]/<T> =     1.000000031171900d+00

NORMALIZED BASIS SPINORS
SYMMETRY           EXPONENT PARAM      COEFFICIENTS
SPECIES                                LARGE-COMPONENT     SMALL-COMPONENT
  S+         1    3.6500468239d+07    1.0000000000d+00    1.0000000000d+00
             2    8.4598452903d+06    1.0000000000d+00    1.0000000000d+00
             3    2.7037700291d+06    1.0000000000d+00    1.0000000000d+00
             4    9.7118819627d+05    1.0000000000d+00    1.0000000000d+00
             5    3.8904865877d+05    1.0000000000d+00    1.0000000000d+00
             6    1.6674049076d+05    1.0000000000d+00    1.0000000000d+00
             7    7.6271635004d+04    1.0000000000d+00    1.0000000000d+00
             8    3.6673877986d+04    1.0000000000d+00    1.0000000000d+00
             9    1.8431923375d+04    1.0000000000d+00    1.0000000000d+00
            10    9.5229826436d+03    1.0000000000d+00    1.0000000000d+00
            11    4.9913209705d+03    1.0000000000d+00    1.0000000000d+00
            12    2.6310142582d+03    1.0000000000d+00    1.0000000000d+00
            13    1.3934369971d+03    1.0000000000d+00    1.0000000000d+00
            14    7.3968207309d+02    1.0000000000d+00    1.0000000000d+00
            15    4.0004647402d+02    1.0000000000d+00    1.0000000000d+00
            16    2.1876362706d+02    1.0000000000d+00    1.0000000000d+00
            17    1.1898069621d+02    1.0000000000d+00    1.0000000000d+00
            18    6.8519371278d+01    1.0000000000d+00    1.0000000000d+00
            19    3.8914361627d+01    1.0000000000d+00    1.0000000000d+00
            20    2.0911846605d+01    1.0000000000d+00    1.0000000000d+00
            21    1.1986080046d+01    1.0000000000d+00    1.0000000000d+00
            22    6.4154789450d+00    1.0000000000d+00    1.0000000000d+00
            23    3.4620794026d+00    1.0000000000d+00    1.0000000000d+00
            24    1.6717131352d+00    1.0000000000d+00    1.0000000000d+00
            25    8.6562066178d-01    1.0000000000d+00    1.0000000000d+00
            26    4.0763807115d-01    1.0000000000d+00    1.0000000000d+00
            27    9.4450714231d-02    1.0000000000d+00    1.0000000000d+00
            28    3.6327400422d-02    1.0000000000d+00    1.0000000000d+00
  P-         1    3.2504813014d+07    1.0000000000d+00    1.0000000000d+00
             2    8.6620203439d+06    1.0000000000d+00    1.0000000000d+00
             3    2.5510480933d+06    1.0000000000d+00    1.0000000000d+00
             4    8.1237580722d+05    1.0000000000d+00    1.0000000000d+00
             5    2.7475747034d+05    1.0000000000d+00    1.0000000000d+00
             6    9.7816723729d+04    1.0000000000d+00    1.0000000000d+00
             7    3.6505679479d+04    1.0000000000d+00    1.0000000000d+00
             8    1.4262749025d+04    1.0000000000d+00    1.0000000000d+00
             9    5.8334151520d+03    1.0000000000d+00    1.0000000000d+00
            10    2.4990478218d+03    1.0000000000d+00    1.0000000000d+00
            11    1.1188290305d+03    1.0000000000d+00    1.0000000000d+00
            12    5.2116181912d+02    1.0000000000d+00    1.0000000000d+00
            13    2.5143788913d+02    1.0000000000d+00    1.0000000000d+00
            14    1.2236806581d+02    1.0000000000d+00    1.0000000000d+00
            15    6.1813961598d+01    1.0000000000d+00    1.0000000000d+00
            16    2.9558140281d+01    1.0000000000d+00    1.0000000000d+00
            17    1.5123849119d+01    1.0000000000d+00    1.0000000000d+00
            18    6.6644568362d+00    1.0000000000d+00    1.0000000000d+00
            19    3.2382334202d+00    1.0000000000d+00    1.0000000000d+00
            20    1.1347620570d+00    1.0000000000d+00    1.0000000000d+00
            21    4.3199252140d-01    1.0000000000d+00    1.0000000000d+00
  P+         1    1.7025370667d+06    1.0000000000d+00    1.0000000000d+00
             2    3.4395573310d+05    1.0000000000d+00    1.0000000000d+00
             3    9.8184503500d+04    1.0000000000d+00    1.0000000000d+00
             4    3.3771661215d+04    1.0000000000d+00    1.0000000000d+00
             5    1.3121179724d+04    1.0000000000d+00    1.0000000000d+00
             6    5.5685062329d+03    1.0000000000d+00    1.0000000000d+00
             7    2.5307481132d+03    1.0000000000d+00    1.0000000000d+00
             8    1.2144465556d+03    1.0000000000d+00    1.0000000000d+00
             9    6.0823086188d+02    1.0000000000d+00    1.0000000000d+00
            10    3.1504964279d+02    1.0000000000d+00    1.0000000000d+00
            11    1.6719170223d+02    1.0000000000d+00    1.0000000000d+00
            12    8.9890979948d+01    1.0000000000d+00    1.0000000000d+00
            13    4.8992190379d+01    1.0000000000d+00    1.0000000000d+00
            14    2.6339588136d+01    1.0000000000d+00    1.0000000000d+00
            15    1.4519906183d+01    1.0000000000d+00    1.0000000000d+00
            16    7.8467605018d+00    1.0000000000d+00    1.0000000000d+00
            17    4.1940483391d+00    1.0000000000d+00    1.0000000000d+00
            18    2.1384201262d+00    1.0000000000d+00    1.0000000000d+00
            19    9.3806706360d-01    1.0000000000d+00    1.0000000000d+00
            20    4.1713941597d-01    1.0000000000d+00    1.0000000000d+00
            21    1.6588909941d-01    1.0000000000d+00    1.0000000000d+00
  D-         1    8.4951504180d+04    1.0000000000d+00    1.0000000000d+00
             2    1.9775948098d+04    1.0000000000d+00    1.0000000000d+00
             3    6.2991034677d+03    1.0000000000d+00    1.0000000000d+00
             4    2.3987694724d+03    1.0000000000d+00    1.0000000000d+00
             5    1.0326561645d+03    1.0000000000d+00    1.0000000000d+00
             6    4.8362987394d+02    1.0000000000d+00    1.0000000000d+00
             7    2.4099219750d+02    1.0000000000d+00    1.0000000000d+00
             8    1.2508163720d+02    1.0000000000d+00    1.0000000000d+00
             9    6.6867419642d+01    1.0000000000d+00    1.0000000000d+00
            10    3.6090132667d+01    1.0000000000d+00    1.0000000000d+00
            11    1.9451240499d+01    1.0000000000d+00    1.0000000000d+00
            12    1.0532397424d+01    1.0000000000d+00    1.0000000000d+00
            13    5.5799062018d+00    1.0000000000d+00    1.0000000000d+00
            14    2.8342054829d+00    1.0000000000d+00    1.0000000000d+00
            15    1.3440724267d+00    1.0000000000d+00    1.0000000000d+00
            16    4.9070994735d-01    1.0000000000d+00    1.0000000000d+00
            17    1.6748490718d-01    1.0000000000d+00    1.0000000000d+00
            18    5.2117511346d-02    1.0000000000d+00    1.0000000000d+00
  D+         1    2.6273441873d+04    1.0000000000d+00    1.0000000000d+00
             2    7.5078342349d+03    1.0000000000d+00    1.0000000000d+00
             3    2.8214690268d+03    1.0000000000d+00    1.0000000000d+00
             4    1.2238312312d+03    1.0000000000d+00    1.0000000000d+00
             5    5.8039959267d+02    1.0000000000d+00    1.0000000000d+00
             6    2.9277101591d+02    1.0000000000d+00    1.0000000000d+00
             7    1.5389314770d+02    1.0000000000d+00    1.0000000000d+00
             8    8.3421183842d+01    1.0000000000d+00    1.0000000000d+00
             9    4.5789453351d+01    1.0000000000d+00    1.0000000000d+00
            10    2.5025953732d+01    1.0000000000d+00    1.0000000000d+00
            11    1.3844052483d+01    1.0000000000d+00    1.0000000000d+00
            12    7.5694703662d+00    1.0000000000d+00    1.0000000000d+00
            13    4.0157397291d+00    1.0000000000d+00    1.0000000000d+00
            14    2.0415736978d+00    1.0000000000d+00    1.0000000000d+00
            15    9.6481129968d-01    1.0000000000d+00    1.0000000000d+00
            16    3.6644365958d-01    1.0000000000d+00    1.0000000000d+00
            17    1.2963196508d-01    1.0000000000d+00    1.0000000000d+00
            18    4.2401313826d-02    1.0000000000d+00    1.0000000000d+00
  F-         1    2.4603340187d+03    1.0000000000d+00    1.0000000000d+00
             2    7.9559055932d+02    1.0000000000d+00    1.0000000000d+00
             3    3.2927741879d+02    1.0000000000d+00    1.0000000000d+00
             4    1.5457052557d+02    1.0000000000d+00    1.0000000000d+00
             5    7.7526362821d+01    1.0000000000d+00    1.0000000000d+00
             6    4.0548052814d+01    1.0000000000d+00    1.0000000000d+00
             7    2.1540584681d+01    1.0000000000d+00    1.0000000000d+00
             8    1.1519953806d+01    1.0000000000d+00    1.0000000000d+00
             9    6.0705034172d+00    1.0000000000d+00    1.0000000000d+00
            10    3.0804021807d+00    1.0000000000d+00    1.0000000000d+00
            11    1.4910284500d+00    1.0000000000d+00    1.0000000000d+00
            12    6.7469211387d-01    1.0000000000d+00    1.0000000000d+00
            13    2.7082304478d-01    1.0000000000d+00    1.0000000000d+00
  F+         1    1.9545106413d+03    1.0000000000d+00    1.0000000000d+00
             2    6.7749825400d+02    1.0000000000d+00    1.0000000000d+00
             3    2.9183100568d+02    1.0000000000d+00    1.0000000000d+00
             4    1.4020798822d+02    1.0000000000d+00    1.0000000000d+00
             5    7.1456424952d+01    1.0000000000d+00    1.0000000000d+00
             6    3.7658966707d+01    1.0000000000d+00    1.0000000000d+00
             7    2.0096812842d+01    1.0000000000d+00    1.0000000000d+00
             8    1.0751989513d+01    1.0000000000d+00    1.0000000000d+00
             9    5.6394650947d+00    1.0000000000d+00    1.0000000000d+00
            10    2.8473666434d+00    1.0000000000d+00    1.0000000000d+00
            11    1.3667726083d+00    1.0000000000d+00    1.0000000000d+00
            12    6.1186475448d-01    1.0000000000d+00    1.0000000000d+00
            13    2.4237121952d-01    1.0000000000d+00    1.0000000000d+00

SPINOR ENERGIES AND VECTORS
         1S+            2S+            3S+            4S+            5S+            6S+            7S+    
    -5.6664267d+03 -1.1147970d+03 -2.9470854d+02 -8.1677615d+01 -1.9785981d+01 -3.0729487d+00 -2.4701072d-01
     ------------   ------------   ------------   ------------   ------------   ------------   ------------
 *** Large Component ***
  1  1.5025815d-03 -6.6351972d-04  3.2791458d-04 -1.7417035d-04  9.0940277d-05 -4.1067553d-05  1.1214392d-05
  2  3.1527601d-03 -1.4030706d-03  6.9436279d-04 -3.6894279d-04  1.9265182d-04 -8.6998886d-05  2.3757836d-05
  3  5.9725314d-03 -2.6796731d-03  1.3280349d-03 -7.0588369d-04  3.6865150d-04 -1.6649228d-04  4.5463423d-05
  4  1.0265100d-02 -4.6669420d-03  2.3182849d-03 -1.2330030d-03  6.4399129d-04 -2.9082518d-04  7.9423931d-05
  5  1.7356153d-02 -8.0069822d-03  3.9874220d-03 -2.1219814d-03  1.1086905d-03 -5.0079976d-04  1.3674175d-04
  6  2.8422960d-02 -1.3373647d-02  6.6827699d-03 -3.5598604d-03  1.8598696d-03 -8.3989147d-04  2.2941132d-04
  7  4.5796363d-02 -2.2011481d-02  1.1038944d-02 -5.8847111d-03  3.0768935d-03 -1.3903666d-03  3.7954674d-04
  8  7.1779388d-02 -3.5422805d-02  1.7849615d-02 -9.5301109d-03  4.9803741d-03 -2.2485520d-03  6.1444904d-04
  9  1.0925413d-01 -5.5575232d-02  2.8158439d-02 -1.5047808d-02  7.8782335d-03 -3.5628186d-03  9.7200263d-04
 10  1.5937959d-01 -8.4394066d-02  4.3108956d-02 -2.3104949d-02  1.2077441d-02 -5.4495256d-03  1.4905786d-03
 11  2.1176820d-01 -1.1763638d-01  6.0654213d-02 -3.2549237d-02  1.7084264d-02 -7.7389915d-03  2.1085378d-03
 12  2.2942366d-01 -1.3000411d-01  6.7100281d-02 -3.6082675d-02  1.8822601d-02 -8.4693243d-03  2.3238088d-03
 13  1.6697530d-01 -5.4664871d-02  1.9867513d-02 -9.1885566d-03  4.7586264d-03 -2.2045699d-03  5.7831112d-04
 14  5.8504063d-02  1.7790053d-01 -1.4858881d-01  8.9907823d-02 -4.9132959d-02  2.2585991d-02 -6.1283782d-03
 15  4.8967224d-03  4.4022172d-01 -4.1761820d-01  2.6485411d-01 -1.4467358d-01  6.5828884d-02 -1.8117481d-02
 16  6.4067893d-04  3.9072921d-01 -4.3770223d-01  2.9362521d-01 -1.6665505d-01  7.7571684d-02 -2.1030682d-02
 17 -4.5433318d-04  1.1316819d-01  1.7523604d-01 -1.9356908d-01  1.2808135d-01 -6.2932412d-02  1.6859636d-02
 18  3.1012757d-04  2.5589250d-03  7.2879162d-01 -9.3751825d-01  6.2649095d-01 -2.9888473d-01  8.3364625d-02
 19 -2.2194067d-04  2.0895581d-03  4.1302603d-01 -5.0520882d-01  3.6139375d-01 -1.8580171d-01  5.0018541d-02
 20  1.5331038d-04 -1.2038868d-03  5.0936806d-02  8.0423388d-01 -9.1950586d-01  5.2501906d-01 -1.4549929d-01
 21 -9.7508867d-05  6.0525396d-04 -1.7570482d-03  7.3846198d-01 -1.1566439d+00  7.0442763d-01 -2.0660865d-01
 22  5.4396239d-05 -3.1762359d-04  8.5404556d-04  1.0406815d-01  6.4131592d-01 -5.9286422d-01  1.8690460d-01
 23 -2.8999718d-05  1.7405178d-04 -5.3782598d-04 -1.5176319d-03  9.9511301d-01 -1.0749030d+00  3.2867495d-01
 24  1.3601000d-05 -7.8201669d-05  1.8181288d-04  1.3691601d-03  1.6444105d-01  8.4264167d-02 -1.3498447d-02
 25 -6.3614858d-06  3.5979478d-05 -7.8207494d-05 -5.2147705d-04 -6.2498473d-03  9.1488147d-01 -4.3388759d-01
 26  1.8406130d-06 -1.0602680d-05  2.5369294d-05  1.0822205d-04  2.1832630d-03  4.3348586d-01 -3.2562434d-01
 27 -3.5705198d-07  2.0268412d-06 -4.4983273d-06 -2.3411066d-05 -3.0681325d-04  1.2129824d-02  6.8151812d-01
 28  1.3327789d-07 -7.5711204d-07  1.6863985d-06  8.5956848d-06  1.1005961d-04 -2.5520966d-03  5.3870866d-01
 *** Small Component ***
 29  1.6037996d-03 -7.0504724d-04  3.4815797d-04 -1.8488199d-04  9.6530634d-05 -4.3593004d-05  1.1903531d-05
 30  4.6731051d-03 -2.0554325d-03  1.0150992d-03 -5.3908262d-04  2.8143996d-04 -1.2708370d-04  3.4705673d-05
 31  8.1595330d-03 -3.5946308d-03  1.7757462d-03 -9.4304804d-04  4.9242638d-04 -2.2239413d-04  6.0723122d-05
 32  1.4001390d-02 -6.1785413d-03  3.0532652d-03 -1.6217993d-03  8.4666040d-04 -3.8227476d-04  1.0440778d-04
 33  2.1400572d-02 -9.4715996d-03  4.6831776d-03 -2.4875687d-03  1.2991773d-03 -5.8684132d-04  1.6020879d-04
 34  3.2150919d-02 -1.4290496d-02  7.0725748d-03 -3.7584853d-03  1.9619707d-03 -8.8568786d-04  2.4195627d-04
 35  4.4888668d-02 -2.0101384d-02  9.9635017d-03 -5.2952320d-03  2.7668268d-03 -1.2502321d-03  3.4120596d-04
 36  6.0508906d-02 -2.7422548d-02  1.3630220d-02 -7.2527246d-03  3.7857109d-03 -1.7083492d-03  4.6692553d-04
 37  7.6146134d-02 -3.5213511d-02  1.7579636d-02 -9.3588953d-03  4.8956688d-03 -2.2139084d-03  6.0381494d-04
 38  9.0558235d-02 -4.3245936d-02  2.1757871d-02 -1.1618516d-02  6.0656166d-03 -2.7355489d-03  7.4837810d-04
 39  9.4998198d-02 -4.7526832d-02  2.4172383d-02 -1.2928047d-02  6.7801865d-03 -3.0710957d-03  8.3656063d-04
 40  7.9868723d-02 -4.1067281d-02  2.1032993d-02 -1.1293016d-02  5.8886772d-03 -2.6493501d-03  7.2692710d-04
 41  4.3956376d-02 -1.4264421d-02  5.7458586d-03 -2.8014561d-03  1.4639485d-03 -6.7516155d-04  1.7895291d-04
 42  1.1598136d-02  2.9081378d-02 -2.3777194d-02  1.4317148d-02 -7.8173311d-03  3.5940833d-03 -9.7465171d-04
 43  6.6234079d-04  5.5764070d-02 -5.1820256d-02  3.2728607d-02 -1.7856672d-02  8.1221449d-03 -2.2354703d-03
 44  1.1234001d-04  3.7162555d-02 -4.1066549d-02  2.7515141d-02 -1.5609249d-02  7.2640176d-03 -1.9695077d-03
 45 -7.1872491d-05  8.0117430d-03  1.1715341d-02 -1.2894576d-02  8.5297158d-03 -4.1934859d-03  1.1224441d-03
 46  4.7288527d-05  1.2548289d-04  3.8220588d-02 -4.8917556d-02  3.2654210d-02 -1.5574588d-02  4.3439308d-03
 47 -2.9061465d-05  9.2272719d-05  1.6367122d-02 -2.0002409d-02  1.4319143d-02 -7.3607468d-03  1.9819681d-03
 48  1.7682283d-05 -4.0794224d-05  1.4881678d-03  2.3215419d-02 -2.6505729d-02  1.5128586d-02 -4.1922195d-03
 49 -1.0754942d-05  1.6992977d-05 -4.2717286d-05  1.6188185d-02 -2.5325176d-02  1.5422547d-02 -4.5232348d-03
 50  5.6024451d-06 -7.0920072d-06  1.5909111d-05  1.6661783d-03  1.0260620d-02 -9.4811221d-03  2.9888634d-03
 51 -2.7993294d-06  3.0770901d-06 -7.4743971d-06 -1.6465970d-05  1.1705070d-02 -1.2640136d-02  3.8649242d-03
 52  1.2809712d-06 -1.1238376d-06  2.0272149d-06  1.0540589d-05  1.3445233d-03  6.8775871d-04 -1.0996673d-04
 53 -5.9572434d-07  4.4123903d-07 -7.1724616d-07 -2.7559615d-06 -3.6890449d-05  5.3795220d-03 -2.5511034d-03
 54  1.7250029d-07 -1.1032157d-07  1.7837714d-07  3.4437642d-07  8.8498583d-06  1.7491656d-03 -1.3138820d-03
 55 -3.4662086d-08  1.7750009d-08 -2.4352989d-08 -2.6354948d-08 -6.0372814d-07  2.3563391d-05  1.3236530d-03
 56  1.3942358d-08 -6.5039383d-09  8.3651873d-09  2.5737409d-09  1.3569536d-07 -3.0755074d-06  6.4888820d-04
         2P-            3P-            4P-            5P-            6P-    
    -1.0787981d+03 -2.7812357d+02 -7.3868500d+01 -1.6434629d+01 -1.9544324d+00
     ------------   ------------   ------------   ------------   ------------
 *** Large Component ***
  1  2.8608730d-04 -1.5009448d-04  7.9927515d-05 -4.0844621d-05  1.7208605d-05
  2  7.9692758d-04 -4.1817560d-04  2.2267365d-04 -1.1379720d-04  4.7943445d-05
  3  1.6903567d-03 -8.8721905d-04  4.7252625d-04 -2.4147391d-04  1.0173958d-04
  4  3.3024273d-03 -1.7345147d-03  9.2375919d-04 -4.7213417d-04  1.9891090d-04
  5  6.2339917d-03 -3.2773279d-03  1.7464462d-03 -8.9252701d-04  3.7607520d-04
  6  1.1671387d-02 -6.1527799d-03  3.2790925d-03 -1.6765847d-03  7.0633067d-04
  7  2.2122647d-02 -1.1712846d-02  6.2557003d-03 -3.1979690d-03  1.3478697d-03
  8  4.3203200d-02 -2.3112600d-02  1.2355602d-02 -6.3260395d-03  2.6651353d-03
  9  8.6847598d-02 -4.7142101d-02  2.5366770d-02 -1.2984794d-02  5.4771787d-03
 10  1.7077730d-01 -9.5268209d-02  5.1404160d-02 -2.6416681d-02  1.1131550d-02
 11  2.9224122d-01 -1.6662805d-01  9.1082754d-02 -4.6737189d-02  1.9750717d-02
 12  3.5270692d-01 -1.9108461d-01  1.0048818d-01 -5.1534001d-02  2.1616621d-02
 13  2.1661341d-01  3.9050173d-02 -5.6637911d-02  3.6077448d-02 -1.5679620d-02
 14  4.0776770d-02  4.8262200d-01 -4.2622478d-01  2.4687396d-01 -1.0794739d-01
 15  1.9983011d-04  4.7353642d-01 -3.3430226d-01  1.8413096d-01 -7.7385796d-02
 16  1.9567822d-04  1.0186293d-01  5.1647041d-01 -5.0274834d-01  2.4241892d-01
 17 -1.4188283d-04 -4.6934413d-03  6.4926492d-01 -5.4658659d-01  2.6710700d-01
 18  4.4855560d-05  2.4976283d-03  9.6887652d-02  6.8197134d-01 -5.4163018d-01
 19 -1.2069975d-05 -1.1431931d-03 -9.0175862d-03  6.0998723d-01 -3.1763777d-01
 20  4.6362210d-06  3.2123589d-04  2.3126899d-03  4.8968561d-02  7.3232071d-01
 21 -1.3978206d-06 -1.0008026d-04 -6.8250323d-04 -4.5313356d-03  4.9618379d-01
 *** Small Component ***
 22  1.1961166d-04 -6.2773545d-05  3.3449467d-05 -1.7089145d-05  7.2014876d-06
 23  3.5259255d-04 -1.8534533d-04  9.8675059d-05 -5.0449460d-05  2.1250392d-05
 24  7.7677373d-04 -4.0850347d-04  2.1784266d-04 -1.1129763d-04  4.6907459d-05
 25  1.5486430d-03 -8.1707748d-04  4.3524358d-04 -2.2262302d-04  9.3767000d-05
 26  2.9733518d-03 -1.5716256d-03  8.3954150d-04 -4.2899095d-04  1.8084659d-04
 27  5.6113751d-03 -2.9848936d-03  1.5925070d-03 -8.1519982d-04  3.4334439d-04
 28  1.0492062d-02 -5.6074796d-03  3.0052857d-03 -1.5364656d-03  6.4795471d-04
 29  1.9281208d-02 -1.0429366d-02  5.5847075d-03 -2.8628651d-03  1.2058858d-03
 30  3.3931687d-02 -1.8584425d-02  1.0029276d-02 -5.1347865d-03  2.1668687d-03
 31  5.3866036d-02 -3.0320000d-02  1.6384695d-02 -8.4272948d-03  3.5508382d-03
 32  6.9622021d-02 -4.0110917d-02  2.1987434d-02 -1.1287338d-02  4.7714876d-03
 33  6.0632215d-02 -3.3497720d-02  1.7712925d-02 -9.1015116d-03  3.8187402d-03
 34  2.5385967d-02  5.1456734d-03 -7.0997031d-03  4.5034905d-03 -1.9545629d-03
 35  2.0026196d-03  4.3450598d-02 -3.8154988d-02  2.2076611d-02 -9.6512863d-03
 36 -1.0596166d-03  3.0465538d-02 -2.1566306d-02  1.1902274d-02 -5.0062116d-03
 37 -6.0756441d-04  4.5238808d-03  2.2773913d-02 -2.2173993d-02  1.0691533d-02
 38 -3.9232475d-04 -1.6197722d-04  2.0552646d-02 -1.7327927d-02  8.4717408d-03
 39 -2.1703337d-04  4.5271071d-05  2.0046605d-03  1.4364978d-02 -1.1401855d-02
 40 -1.4740370d-04 -2.1590403d-05 -1.5971020d-04  8.9605803d-03 -4.6675641d-03
 41 -7.0527910d-05  3.9962951d-07  7.2752540d-06  4.2670571d-04  6.3629106d-03
 42 -5.4230491d-05 -2.3218523d-06 -1.3597661d-05 -2.3566511d-05  2.6593880d-03
         2P+            3P+            4P+            5P+            6P+    
    -8.2757008d+02 -2.1805776d+02 -5.7168243d+01 -1.2047069d+01 -1.2029268d+00
     ------------   ------------   ------------   ------------   ------------
 *** Large Component ***
  1  3.1714869d-05 -1.7730602d-05 -9.6249994d-06 -4.8760783d-06 -1.8446112d-06
  2  1.7437860d-04 -9.7880260d-05 -5.3162342d-05 -2.6934307d-05 -1.0199314d-05
  3  7.5694307d-04 -4.2672573d-04 -2.3217389d-04 -1.1769594d-04 -4.4522105d-05
  4  2.8639008d-03 -1.6242387d-03 -8.8447786d-04 -4.4843013d-04 -1.6986821d-04
  5  9.7679578d-03 -5.5813415d-03 -3.0477520d-03 -1.5465677d-03 -5.8506812d-04
  6  2.9940378d-02 -1.7333029d-02 -9.4893520d-03 -4.8181923d-03 -1.8261366d-03
  7  8.0426022d-02 -4.7557848d-02 -2.6213545d-02 -1.3336793d-02 -5.0470849d-03
  8  1.7960361d-01 -1.0987913d-01 -6.1056794d-02 -3.1129913d-02 -1.1815137d-02
  9  3.0495469d-01 -1.9418113d-01 -1.0938675d-01 -5.5997470d-02 -2.1199666d-02
 10  3.3516222d-01 -1.9914353d-01 -1.0821061d-01 -5.4754035d-02 -2.0829575d-02
 11  1.8903071d-01  5.3076846d-02  7.0908350d-02  4.3001762d-02  1.7203045d-02
 12  3.6794369d-02  4.6329139d-01  4.2317027d-01  2.4665205d-01  9.5770092d-02
 13  1.2006722d-03  4.6157314d-01  3.8156274d-01  2.1208757d-01  8.3287589d-02
 14 -1.3596722d-04  1.3656612d-01 -3.2002020d-01 -2.9414208d-01 -1.2935555d-01
 15 -1.0444893d-06  4.6115847d-03 -6.8756809d-01 -6.9225663d-01 -3.0224769d-01
 16 -3.5273358d-05  1.6335714d-03 -2.5170138d-01  5.4573619d-02  6.1927692d-02
 17  3.3977632d-05 -9.3458279d-04 -1.5819408d-02  7.5861487d-01  4.9267004d-01
 18 -1.0602027d-05  2.9220177d-04 -1.7366276d-03  4.0634887d-01  1.9694093d-01
 19  4.8909882d-06 -1.2088456d-04  4.1105150d-04  3.9688760d-02 -4.8640265d-01
 20 -2.0157549d-06  4.8142487d-05 -1.5562775d-04 -1.3294518d-03 -5.9201027d-01
 21  5.2470199d-07 -1.2550242d-05  3.5563604d-05  2.8422185d-04 -1.5756286d-01
 *** Small Component ***
 22  5.0287137d-05 -2.8011293d-05 -1.5198235d-05 -7.6989890d-06 -2.9099833d-06
 23  2.4281835d-04 -1.3541240d-04 -7.3396711d-05 -3.7162715d-05 -1.4079932d-05
 24  8.6596101d-04 -4.8330362d-04 -2.6234151d-04 -1.3290875d-04 -5.0245077d-05
 25  2.5787660d-03 -1.4439025d-03 -7.8353242d-04 -3.9685530d-04 -1.5034811d-04
 26  6.6830334d-03 -3.7618958d-03 -2.0466056d-03 -1.0375058d-03 -3.9230963d-04
 27  1.5207927d-02 -8.6648657d-03 -4.7241728d-03 -2.3959165d-03 -9.0796545d-04
 28  2.9952701d-02 -1.7432223d-02 -9.5709167d-03 -4.8643106d-03 -1.8401950d-03
 29  4.8798621d-02 -2.9415891d-02 -1.6286301d-02 -8.2952984d-03 -3.1478863d-03
 30  6.0514324d-02 -3.8044988d-02 -2.1372118d-02 -1.0933066d-02 -4.1382593d-03
 31  4.8757026d-02 -2.8752487d-02 -1.5624704d-02 -7.9073158d-03 -3.0081372d-03
 32  2.0216824d-02  5.2731863d-03  7.1772238d-03  4.3587798d-03  1.7451210d-03
 33  2.9016130d-03  3.5726027d-02  3.2529228d-02  1.8946972d-02  7.3555027d-03
 34  6.8112987d-05  2.6437001d-02  2.1823428d-02  1.2133927d-02  4.7651763d-03
 35 -4.6053289d-06  5.7404644d-03 -1.3354756d-02 -1.2265048d-02 -5.3930349d-03
 36 -7.4439501d-07  1.4637703d-04 -2.1384826d-02 -2.1514579d-02 -9.3926268d-03
 37 -3.8603356d-07  3.6152282d-05 -5.7604539d-03  1.2371695d-03  1.4091677d-03
 38  3.4496258d-07 -1.4966164d-05 -2.6416082d-04  1.2676407d-02  8.2307058d-03
 39 -2.7300742d-08  3.1902620d-06 -2.0948095d-05  4.8490058d-03  2.3500131d-03
 40 -9.1818132d-10 -8.3574232d-07  3.3329723d-06  3.1378290d-04 -3.8433610d-03
 41  5.9516282d-09  2.0324653d-07 -8.5439941d-07 -7.0421894d-06 -3.1196117d-03
 42 -2.9373767d-09 -2.7377913d-08  1.2763642d-07  9.5432607d-07 -5.2358681d-04
         3D-            4D-            5D-            6D-    
    -1.9261279d+02 -4.4968648d+01 -7.0956875d+00 -1.5517780d-01
     ------------   ------------   ------------   ------------
 *** Large Component ***
  1  1.2293943d-04 -7.1930261d-05  3.4477323d-05  6.9501751d-06
  2  6.0770811d-04 -3.5650780d-04  1.7113563d-04  3.4608273d-05
  3  2.6439767d-03 -1.5551574d-03  7.4613216d-04  1.5023729d-04
  4  1.0592745d-02 -6.2782857d-03  3.0223897d-03  6.1205700d-04
  5  3.7337564d-02 -2.2316541d-02  1.0748967d-02  2.1645135d-03
  6  1.0866080d-01 -6.6124236d-02  3.2054193d-02  6.5032695d-03
  7  2.3984232d-01 -1.4681019d-01  7.1102692d-02  1.4308389d-02
  8  3.6087350d-01 -2.1151854d-01  1.0156273d-01  2.0675028d-02
  9  3.1192039d-01 -9.2667331d-02  2.7522423d-02  4.5076874d-03
 10  1.2555122d-01  2.6737018d-01 -1.8583199d-01 -3.8783883d-02
 11  1.6022794d-02  5.0727880d-01 -3.3817124d-01 -7.3766751d-02
 12  5.7469126d-04  3.0089189d-01 -3.2014576d-02  5.5356356d-03
 13 -1.7442440d-04  5.4189664d-02  4.8339409d-01  1.2275695d-01
 14  3.1320611d-06  1.8755560d-03  4.9531482d-01  1.3139965d-01
 15 -3.3539949d-05  1.7784578d-04  1.6597378d-01 -8.9805827d-02
 16  3.7965706d-06 -6.3363009d-06  1.0588539d-02 -3.6954546d-01
 17 -2.1985312d-06  6.0787333d-06 -5.8706157d-04 -4.9358662d-01
 18  6.6806231d-07 -1.9631326d-06  1.8728495d-04 -3.4236552d-01
 *** Small Component ***
 19  4.8878287d-05 -2.8623519d-05  1.3703958d-05  2.7487275d-06
 20  2.6394270d-04 -1.5532595d-04  7.4689343d-05  1.5157174d-05
 21  1.0872013d-03 -6.4037617d-04  3.0718584d-04  6.1739502d-05
 22  3.6444011d-03 -2.1628966d-03  1.0418435d-03  2.1119019d-04
 23  9.9039228d-03 -5.9227012d-03  2.8527035d-03  5.7419341d-04
 24  2.1375778d-02 -1.3015820d-02  6.3109044d-03  1.2807141d-03
 25  3.4635212d-02 -2.1226197d-02  1.0282749d-02  2.0690624d-03
 26  3.8262643d-02 -2.2481854d-02  1.0803098d-02  2.1996731d-03
 27  2.4350793d-02 -7.3034400d-03  2.1914647d-03  3.6061708d-04
 28  7.1565094d-03  1.5423385d-02 -1.0714794d-02 -2.2358846d-03
 29  6.1651347d-04  2.1558991d-02 -1.4373454d-02 -3.1355432d-03
 30 -1.4211952d-05  9.4141911d-03 -1.0120780d-03  1.7057421d-04
 31 -1.9427930d-05  1.2273117d-03  1.1014735d-02  2.7970566d-03
 32 -6.9175819d-06  2.6213947d-05  8.0469319d-03  2.1350034d-03
 33 -3.7604244d-06 -1.1997213d-07  1.8560112d-03 -1.0049006d-03
 34 -1.2374098d-06 -8.2472475d-07  7.0952917d-05 -2.4988693d-03
 35 -3.0234788d-07 -1.5962006d-07 -2.4747285d-06 -1.9499643d-03
 36 -1.0045163d-07 -6.7344709d-08  3.5960489d-07 -7.5450141d-04
         3D+            4D+            5D+            6D+    
    -1.8142738d+02 -4.2042698d+01 -6.4316608d+00 -1.4616908d-01
     ------------   ------------   ------------   ------------
 *** Large Component ***
  1  9.0824630d-05 -5.3646843d-05  2.5598632d-05 -4.8471970d-06
  2  7.8115847d-04 -4.6205499d-04  2.1984959d-04 -4.1900137d-05
  3  4.5282972d-03 -2.6944439d-03  1.2875103d-03 -2.4409216d-04
  4  1.9822752d-02 -1.1875943d-02  5.6706522d-03 -1.0806248d-03
  5  6.6820823d-02 -4.0657489d-02  1.9537325d-02 -3.7083549d-03
  6  1.7045674d-01 -1.0528119d-01  5.0643791d-02 -9.6659972d-03
  7  3.0881045d-01 -1.8929537d-01  9.1270727d-02 -1.7303542d-02
  8  3.5556384d-01 -1.8393887d-01  8.2337346d-02 -1.5636667d-02
  9  2.1789906d-01  6.7377452d-02 -6.5030547d-02  1.3827853d-02
 10  5.5121230d-02  4.1966252d-01 -2.8187689d-01  5.5741642d-02
 11  3.0531185d-03  4.4789078d-01 -2.6177680d-01  5.1926382d-02
 12  3.8612655d-04  1.6735363d-01  2.0119141d-01 -5.6823477d-02
 13 -2.3754068d-04  1.6974608d-02  5.4280852d-01 -1.2854997d-01
 14  3.4889855d-05  8.4717734d-04  3.7124581d-01 -7.6298691d-02
 15 -3.3520349d-05 -5.3656187d-06  8.6222437d-02  1.3786065d-01
 16  6.6442706d-06  3.4941175d-05  3.7995861d-03  3.8259776d-01
 17 -2.8801686d-06 -1.1183630d-05  1.3868541d-04  4.7567461d-01
 18  8.9237839d-07  3.0617042d-06 -9.7014919d-06  3.0086331d-01
 *** Small Component ***
 19  8.6509350d-05 -5.0947236d-05  2.4311652d-05 -4.5955682d-06
 20  5.0383915d-04 -2.9682541d-04  1.4104397d-04 -2.6894718d-05
 21  2.0131837d-03 -1.1931435d-03  5.6965239d-04 -1.0794642d-04
 22  6.1943979d-03 -3.6967355d-03  1.7633392d-03 -3.3602828d-04
 23  1.4925268d-02 -9.0493322d-03  4.3449119d-03 -8.2452228d-04
 24  2.7630038d-02 -1.7012952d-02  8.1777024d-03 -1.5606981d-03
 25  3.6708906d-02 -2.2450600d-02  1.0819543d-02 -2.0510168d-03
 26  3.1326526d-02 -1.6197590d-02  7.2540812d-03 -1.3777452d-03
 27  1.4267556d-02  4.3442493d-03 -4.2068438d-03  8.9490556d-04
 28  2.6716857d-03  2.0237220d-02 -1.3585104d-02  2.6862162d-03
 29  1.1009014d-04  1.6092613d-02 -9.4038634d-03  1.8654405d-03
 30  1.0292110d-05  4.4484372d-03  5.3375332d-03 -1.5075495d-03
 31 -4.6101815d-06  3.2875039d-04  1.0499906d-02 -2.4863842d-03
 32  4.8515596d-07  1.1659715d-05  5.1211944d-03 -1.0524668d-03
 33 -3.1906720d-07 -3.9320616d-08  8.1767546d-04  1.3071119d-03
 34  3.9074748d-08  2.0038464d-07  2.2205489d-05  2.2357558d-03
 35 -1.0070875d-08 -3.7471093d-08  4.8208464d-07  1.6532917d-03
 36  1.7859539d-09  5.6542139d-09 -1.9297070d-08  5.9805845d-04
         4F-            5F-    
    -2.5982487d+01 -8.2127317d-01
     ------------   ------------
 *** Large Component ***
  1  3.3761232d-04 -1.3328462d-04
  2  2.9777468d-03 -1.1749295d-03
  3  1.6934861d-02 -6.7236378d-03
  4  6.4399925d-02 -2.5599032d-02
  5  1.7193018d-01 -6.8652577d-02
  6  3.0976363d-01 -1.1786990d-01
  7  3.6672612d-01 -1.1857044d-01
  8  2.4913694d-01  1.9369032d-02
  9  7.8390385d-02  2.5864339d-01
 10  7.7075897d-03  3.9213619d-01
 11  2.6668557d-04  3.4058285d-01
 12 -1.5250471d-05  1.9178279d-01
 13  7.5737799d-06  5.4656654d-02
 *** Small Component ***
 14  1.2197778d-04 -4.8205917d-05
 15  7.8602166d-04 -3.1008837d-04
 16  3.1396282d-03 -1.2467300d-03
 17  8.4948869d-03 -3.3768410d-03
 18  1.6327660d-02 -6.5210933d-03
 19  2.1438320d-02 -8.1610177d-03
 20  1.8565978d-02 -6.0073309d-03
 21  9.2356655d-03  7.1429786d-04
 22  2.1073623d-03  6.9680918d-03
 23  1.4559707d-04  7.5299534d-03
 24  2.7902169d-06  4.5510302d-03
 25 -3.4892470d-07  1.7240200d-03
 26 -1.4675283d-08  3.1126159d-04
         4F+            5F+    
    -2.5164470d+01 -7.1383684d-01
     ------------   ------------
 *** Large Component ***
  1  3.2721164d-04 -1.2676551d-04
  2  3.2154200d-03 -1.2462644d-03
  3  1.8391621d-02 -7.1659138d-03
  4  6.8818400d-02 -2.6877393d-02
  5  1.7953305d-01 -7.0295734d-02
  6  3.1531002d-01 -1.1735180d-01
  7  3.6503341d-01 -1.1326040d-01
  8  2.3838626d-01  3.1783241d-02
  9  7.0381293d-02  2.6719251d-01
 10  6.1637609d-03  3.9033970d-01
 11  2.6967864d-04  3.3480461d-01
 12 -3.5695629d-05  1.9100685d-01
 13  1.2440687d-05  5.6490096d-02
 *** Small Component ***
 14  1.3952844d-04 -5.4024027d-05
 15  8.6414358d-04 -3.3468437d-04
 16  3.3435446d-03 -1.3019694d-03
 17  8.7974827d-03 -3.4340453d-03
 18  1.6510860d-02 -6.4620904d-03
 19  2.1128070d-02 -7.8610982d-03
 20  1.7899060d-02 -5.5537148d-03
 21  8.5582365d-03  1.1363375d-03
 22  1.8301813d-03  6.9425295d-03
 23  1.1402386d-04  7.2088916d-03
 24  3.4029191d-06  4.2843600d-03
 25 -2.8657904d-07  1.6354291d-03
 26  6.1413859d-08  3.0442343d-04

* Radial Moments
Sym Orb <r**-2>     <r**-1>     <r** 1>     <r** 2>     <r** 3>     <r** 4>
S+   1 7.03249d+04 1.52542d+02 1.14308d-02 1.87007d-04 3.98479d-06 1.04694d-07
     2 1.25257d+04 3.96973d+01 4.70268d-02 2.69794d-03 1.78059d-04 1.33108d-05
     3 3.02204d+03 1.42072d+01 1.23262d-01 1.75713d-02 2.76030d-03 4.72868d-04
     4 8.52538d+02 6.07299d+00 2.65489d-01 7.97391d-02 2.59763d-02 9.08609d-03
     5 2.33331d+02 2.73607d+00 5.39964d-01 3.26077d-01 2.12655d-01 1.48508d-01
     6 4.79350d+01 1.14024d+00 1.19117d+00 1.59019d+00 2.32093d+00 3.68568d+00
     7 3.64479d+00 3.40656d-01 3.67640d+00 1.54259d+01 7.28114d+01 3.83969d+02
P-   1 4.22422d+03 3.97628d+01 3.73888d-02 1.80532d-03 1.06039d-04 7.33579d-06
     2 1.07109d+03 1.41320d+01 1.14998d-01 1.55910d-02 2.35655d-03 3.92536d-04
     3 3.00832d+02 5.96798d+00 2.62182d-01 7.84204d-02 2.55651d-02 8.99334d-03
     4 7.92789d+01 2.62365d+00 5.55076d-01 3.46212d-01 2.34227d-01 1.70591d-01
     5 1.43910d+01 1.02758d+00 1.30780d+00 1.92697d+00 3.12248d+00 5.52787d+00
P+   1 9.33100d+02 2.59989d+01 4.92028d-02 2.95583d-03 2.10074d-04 1.72649d-05
     2 2.41350d+02 1.04846d+01 1.36016d-01 2.15626d-02 3.79107d-03 7.30616d-04
     3 7.00484d+01 4.75351d+00 3.00757d-01 1.02833d-01 3.82655d-02 1.53412d-02
     4 1.86691d+01 2.16606d+00 6.34857d-01 4.52588d-01 3.50285d-01 2.92178d-01
     5 2.93774d+00 8.11287d-01 1.59585d+00 2.88766d+00 5.81890d+00 1.30280d+01
D-   1 1.36288d+02 1.03661d+01 1.16665d-01 1.59882d-02 2.52237d-03 4.51241d-04
     2 3.83660d+01 4.57474d+00 2.93926d-01 9.95314d-02 3.71597d-02 1.51307d-02
     3 9.21187d+00 1.94353d+00 6.91290d-01 5.43188d-01 4.70056d-01 4.45680d-01
     4 5.15246d-01 4.35280d-01 3.06164d+00 1.15764d+01 5.26430d+01 2.79667d+02
D+   1 1.16467d+02 9.72759d+00 1.22641d-01 1.75410d-02 2.87595d-03 5.33261d-04
     2 3.29073d+01 4.34910d+00 3.04948d-01 1.06902d-01 4.12888d-02 1.73820d-02
     3 7.85449d+00 1.85161d+00 7.18839d-01 5.87202d-01 5.28654d-01 5.21992d-01
     4 4.10298d-01 4.04281d-01 3.27080d+00 1.32017d+01 6.41786d+01 3.65797d+02
F-   1 2.02862d+01 4.10817d+00 2.86573d-01 9.51403d-02 3.61205d-02 1.55151d-02
     2 3.23711d+00 1.37453d+00 9.61204d-01 1.11413d+00 1.53528d+00 2.51477d+00
F+   1 1.93653d+01 4.02381d+00 2.91792d-01 9.84804d-02 3.79716d-02 1.65545d-02
     2 3.01106d+00 1.32969d+00 9.95044d-01 1.20109d+00 1.73743d+00 3.01218d+00
