Francium  [Rn]7s(1)                                                             
                                                                                
 Nuclear Charge =   87.0000000000
    Atomic Mass =  223.0000000000
 Nuclear Radius =    1.375854d-04
 Speed of Light =  137.0359895000

                          S+   P-   P+   D-   D+   F-   F+
Number of Closed Shells    6    5    5    3    3    1    1
            Open Shells    1    0    0    0    0    0    0

Conf        Weight     Open Shell Occupation Numbers
  1        1.00000000         1.0   0.0   0.0   0.0   0.0   0.0   0.0

* Energies
          Total Energy =    -2.430808747348747d+04
           Mass Energy =    -2.429257998618568d+04
        Kinetic Energy =     5.321815297930388d+04
      Potential Energy =    -5.323366046660567d+04
  Correction to Virial =     1.551102447652357d+01

Virials
              -<V>/<T> =     1.000291394692105d+00
       -(CORR <V>)/<T> =    -2.914611576721891d-04
 -[<V>+(CORR <V>)]/<T> =     9.999999335344326d-01

NORMALIZED BASIS SPINORS
SYMMETRY           EXPONENT PARAM      COEFFICIENTS
SPECIES                                LARGE-COMPONENT     SMALL-COMPONENT
  S+         1    3.9197656726d+07    1.0000000000d+00    1.0000000000d+00
             2    9.1538427767d+06    1.0000000000d+00    1.0000000000d+00
             3    2.9456520649d+06    1.0000000000d+00    1.0000000000d+00
             4    1.0680595406d+06    1.0000000000d+00    1.0000000000d+00
             5    4.3024606724d+05    1.0000000000d+00    1.0000000000d+00
             6    1.8455824027d+05    1.0000000000d+00    1.0000000000d+00
             7    8.3399583392d+04    1.0000000000d+00    1.0000000000d+00
             8    3.8960309692d+04    1.0000000000d+00    1.0000000000d+00
             9    1.8668618561d+04    1.0000000000d+00    1.0000000000d+00
            10    9.1106081861d+03    1.0000000000d+00    1.0000000000d+00
            11    4.5152852425d+03    1.0000000000d+00    1.0000000000d+00
            12    2.2686058838d+03    1.0000000000d+00    1.0000000000d+00
            13    1.1548740755d+03    1.0000000000d+00    1.0000000000d+00
            14    5.9539574474d+02    1.0000000000d+00    1.0000000000d+00
            15    3.0986392188d+02    1.0000000000d+00    1.0000000000d+00
            16    1.6440732476d+02    1.0000000000d+00    1.0000000000d+00
            17    8.8221352564d+01    1.0000000000d+00    1.0000000000d+00
            18    4.8310801287d+01    1.0000000000d+00    1.0000000000d+00
            19    2.6468585578d+01    1.0000000000d+00    1.0000000000d+00
            20    1.3488196013d+01    1.0000000000d+00    1.0000000000d+00
            21    7.3276705151d+00    1.0000000000d+00    1.0000000000d+00
            22    3.4530173108d+00    1.0000000000d+00    1.0000000000d+00
            23    1.9239321327d+00    1.0000000000d+00    1.0000000000d+00
            24    9.8721367730d-01    1.0000000000d+00    1.0000000000d+00
            25    4.1480684471d-01    1.0000000000d+00    1.0000000000d+00
            26    1.7874590452d-01    1.0000000000d+00    1.0000000000d+00
            27    3.0507033519d-02    1.0000000000d+00    1.0000000000d+00
            28    1.3773312374d-02    1.0000000000d+00    1.0000000000d+00
  P-         1    2.6396795499d+07    1.0000000000d+00    1.0000000000d+00
             2    5.9099072997d+06    1.0000000000d+00    1.0000000000d+00
             3    1.5482854826d+06    1.0000000000d+00    1.0000000000d+00
             4    4.5173255637d+05    1.0000000000d+00    1.0000000000d+00
             5    1.4342070795d+05    1.0000000000d+00    1.0000000000d+00
             6    4.8920323347d+04    1.0000000000d+00    1.0000000000d+00
             7    1.7801077922d+04    1.0000000000d+00    1.0000000000d+00
             8    6.8911974397d+03    1.0000000000d+00    1.0000000000d+00
             9    2.8327969614d+03    1.0000000000d+00    1.0000000000d+00
            10    1.2313757958d+03    1.0000000000d+00    1.0000000000d+00
            11    5.6122891166d+02    1.0000000000d+00    1.0000000000d+00
            12    2.6603605342d+02    1.0000000000d+00    1.0000000000d+00
            13    1.2951532192d+02    1.0000000000d+00    1.0000000000d+00
            14    6.4213751495d+01    1.0000000000d+00    1.0000000000d+00
            15    3.2695985119d+01    1.0000000000d+00    1.0000000000d+00
            16    1.5685413965d+01    1.0000000000d+00    1.0000000000d+00
            17    7.7968636337d+00    1.0000000000d+00    1.0000000000d+00
            18    3.2413611943d+00    1.0000000000d+00    1.0000000000d+00
            19    1.5010464464d+00    1.0000000000d+00    1.0000000000d+00
            20    4.7384383586d-01    1.0000000000d+00    1.0000000000d+00
            21    1.7457134293d-01    1.0000000000d+00    1.0000000000d+00
  P+         1    1.1982543237d+06    1.0000000000d+00    1.0000000000d+00
             2    2.4530150903d+05    1.0000000000d+00    1.0000000000d+00
             3    7.1056160420d+04    1.0000000000d+00    1.0000000000d+00
             4    2.4763762839d+04    1.0000000000d+00    1.0000000000d+00
             5    9.7251330199d+03    1.0000000000d+00    1.0000000000d+00
             6    4.1570023227d+03    1.0000000000d+00    1.0000000000d+00
             7    1.8934057021d+03    1.0000000000d+00    1.0000000000d+00
             8    9.0621849170d+02    1.0000000000d+00    1.0000000000d+00
             9    4.5099699817d+02    1.0000000000d+00    1.0000000000d+00
            10    2.3167365394d+02    1.0000000000d+00    1.0000000000d+00
            11    1.2157550658d+02    1.0000000000d+00    1.0000000000d+00
            12    6.3865604310d+01    1.0000000000d+00    1.0000000000d+00
            13    3.4372835262d+01    1.0000000000d+00    1.0000000000d+00
            14    1.8249782451d+01    1.0000000000d+00    1.0000000000d+00
            15    9.6501737922d+00    1.0000000000d+00    1.0000000000d+00
            16    5.0753170911d+00    1.0000000000d+00    1.0000000000d+00
            17    2.5405009221d+00    1.0000000000d+00    1.0000000000d+00
            18    1.2405506579d+00    1.0000000000d+00    1.0000000000d+00
            19    5.0972624518d-01    1.0000000000d+00    1.0000000000d+00
            20    2.2377789646d-01    1.0000000000d+00    1.0000000000d+00
            21    9.0030672662d-02    1.0000000000d+00    1.0000000000d+00
  D-         1    4.1689851457d+04    1.0000000000d+00    1.0000000000d+00
             2    9.8986673915d+03    1.0000000000d+00    1.0000000000d+00
             3    3.2414086570d+03    1.0000000000d+00    1.0000000000d+00
             4    1.2701937795d+03    1.0000000000d+00    1.0000000000d+00
             5    5.5770834630d+02    1.0000000000d+00    1.0000000000d+00
             6    2.6369559542d+02    1.0000000000d+00    1.0000000000d+00
             7    1.3127134357d+02    1.0000000000d+00    1.0000000000d+00
             8    6.7448839858d+01    1.0000000000d+00    1.0000000000d+00
             9    3.5350755930d+01    1.0000000000d+00    1.0000000000d+00
            10    1.8437350460d+01    1.0000000000d+00    1.0000000000d+00
            11    9.5277636231d+00    1.0000000000d+00    1.0000000000d+00
            12    4.8561277614d+00    1.0000000000d+00    1.0000000000d+00
            13    2.3845404810d+00    1.0000000000d+00    1.0000000000d+00
            14    1.1178318906d+00    1.0000000000d+00    1.0000000000d+00
            15    4.7139448182d-01    1.0000000000d+00    1.0000000000d+00
  D+         1    1.6884022859d+04    1.0000000000d+00    1.0000000000d+00
             2    4.8746624248d+03    1.0000000000d+00    1.0000000000d+00
             3    1.8381162082d+03    1.0000000000d+00    1.0000000000d+00
             4    7.9827025260d+02    1.0000000000d+00    1.0000000000d+00
             5    3.7702363122d+02    1.0000000000d+00    1.0000000000d+00
             6    1.8826562398d+02    1.0000000000d+00    1.0000000000d+00
             7    9.7446844177d+01    1.0000000000d+00    1.0000000000d+00
             8    5.1790484996d+01    1.0000000000d+00    1.0000000000d+00
             9    2.7710134279d+01    1.0000000000d+00    1.0000000000d+00
            10    1.4626619952d+01    1.0000000000d+00    1.0000000000d+00
            11    7.7013298758d+00    1.0000000000d+00    1.0000000000d+00
            12    3.9617301525d+00    1.0000000000d+00    1.0000000000d+00
            13    1.9742590681d+00    1.0000000000d+00    1.0000000000d+00
            14    9.4036074581d-01    1.0000000000d+00    1.0000000000d+00
            15    4.0175994526d-01    1.0000000000d+00    1.0000000000d+00
  F-         1    1.8315340505d+03    1.0000000000d+00    1.0000000000d+00
             2    5.9874448828d+02    1.0000000000d+00    1.0000000000d+00
             3    2.4872895097d+02    1.0000000000d+00    1.0000000000d+00
             4    1.1690496908d+02    1.0000000000d+00    1.0000000000d+00
             5    5.8378333258d+01    1.0000000000d+00    1.0000000000d+00
             6    3.0290839250d+01    1.0000000000d+00    1.0000000000d+00
             7    1.5850296414d+01    1.0000000000d+00    1.0000000000d+00
             8    8.2328411679d+00    1.0000000000d+00    1.0000000000d+00
             9    4.1389489480d+00    1.0000000000d+00    1.0000000000d+00
            10    1.9115189323d+00    1.0000000000d+00    1.0000000000d+00
  F+         1    1.4607327211d+03    1.0000000000d+00    1.0000000000d+00
             2    5.0874097527d+02    1.0000000000d+00    1.0000000000d+00
             3    2.1929607073d+02    1.0000000000d+00    1.0000000000d+00
             4    1.0538637879d+02    1.0000000000d+00    1.0000000000d+00
             5    5.3394692484d+01    1.0000000000d+00    1.0000000000d+00
             6    2.7976005903d+01    1.0000000000d+00    1.0000000000d+00
             7    1.4743825767d+01    1.0000000000d+00    1.0000000000d+00
             8    7.7140840333d+00    1.0000000000d+00    1.0000000000d+00
             9    3.8994314024d+00    1.0000000000d+00    1.0000000000d+00
            10    1.8092126335d+00    1.0000000000d+00    1.0000000000d+00

SPINOR ENERGIES AND VECTORS
         1S+            2S+            3S+            4S+            5S+            6S+            7S+    
    -3.7424896d+03 -6.9046977d+02 -1.7317603d+02 -4.3467717d+01 -9.1962465d+00 -1.3505633d+00 -1.3244379d-01
     ------------   ------------   ------------   ------------   ------------   ------------   ------------
 *** Large Component ***
  1  5.4271059d-04 -2.1938780d-04  1.0639372d-04 -5.4501045d-05 -2.5882587d-05 -1.0469969d-05 -2.6079522d-06
  2  1.1888048d-03 -4.8339345d-04  2.3465114d-04 -1.2023791d-04 -5.7104809d-05 -2.3098143d-05 -5.7530764d-06
  3  2.3689905d-03 -9.6928230d-04  4.7101392d-04 -2.4139012d-04 -1.1465100d-04 -4.6383136d-05 -1.1554260d-05
  4  4.3133671d-03 -1.7822957d-03  8.6745405d-04 -4.4481823d-04 -2.1129498d-04 -8.5459159d-05 -2.1283463d-05
  5  7.7814132d-03 -3.2512330d-03  1.5854218d-03 -8.1311423d-04 -3.8628192d-04 -1.5631073d-04 -3.8943898d-05
  6  1.3817165d-02 -5.8576152d-03  2.8627875d-03 -1.4697707d-03 -6.9835402d-04 -2.8239103d-04 -7.0313820d-05
  7  2.4696080d-02 -1.0647329d-02  5.2192037d-03 -2.6795636d-03 -1.2733774d-03 -5.1550926d-04 -1.2847653d-04
  8  4.4230930d-02 -1.9477540d-02  9.5788423d-03 -4.9269824d-03 -2.3420071d-03 -9.4666779d-04 -2.3562770d-04
  9  7.8524902d-02 -3.5588765d-02  1.7597329d-02 -9.0507405d-03 -4.3034215d-03 -1.7433839d-03 -4.3469757d-04
 10  1.3417156d-01 -6.3459979d-02  3.1606740d-02 -1.6316787d-02 -7.7626796d-03 -3.1361190d-03 -7.8015581d-04
 11  2.0857297d-01 -1.0585050d-01  5.3469226d-02 -2.7630846d-02 -1.3155961d-02 -5.3367567d-03 -1.3318235d-03
 12  2.6642103d-01 -1.5017002d-01  7.7387496d-02 -4.0352292d-02 -1.9242384d-02 -7.7628380d-03 -1.9282205d-03
 13  2.3249182d-01 -1.3903181d-01  7.2609286d-02 -3.7675416d-02 -1.7974224d-02 -7.3415467d-03 -1.8416686d-03
 14  1.0099161d-01  4.1452005d-02 -4.0917175d-02  2.3788683d-02  1.1721878d-02  4.9234041d-03  1.2563901d-03
 15  1.2104101d-02  3.9016916d-01 -3.3174117d-01  1.9756258d-01  9.7452101d-02  3.9425336d-02  9.7664070d-03
 16  6.2975275d-04  4.9240060d-01 -5.4502806d-01  3.4418174d-01  1.7313146d-01  7.1645997d-02  1.8017976d-02
 17 -3.7803840d-04  1.9591480d-01 -9.0783801d-02  5.3627220d-02  2.6581172d-02  9.3040447d-03  2.0180222d-03
 18  2.4114487d-04  1.4257582d-02  7.2603153d-01 -8.2191527d-01 -4.8244827d-01 -2.0134003d-01 -4.9876778d-02
 19 -1.8591410d-04  1.5821515d-03  5.5397831d-01 -7.4447472d-01 -4.5913853d-01 -2.0284260d-01 -5.1937360d-02
 20  1.2191032d-04 -8.7186914d-04  8.0834759d-02  6.2238567d-01  5.4920037d-01  2.6371377d-01  6.8725312d-02
 21 -7.1651484d-05  3.5215332d-04 -3.0788063d-03  8.7402115d-01  1.1309624d+00  5.6998902d-01  1.4365557d-01
 22  4.4644616d-05 -2.2205793d-04  1.9998815d-03  1.3537949d-01 -2.6416965d-01 -1.8014224d-01 -4.1929443d-02
 23 -2.9971007d-05  1.5729485d-04 -1.2943916d-03 -1.4170163d-02 -1.0021600d+00 -8.9816331d-01 -2.6136910d-01
 24  1.2373313d-05 -6.1287650d-05  4.3437320d-04  4.9454400d-03 -2.8197644d-01 -2.4565965d-01 -5.7853360d-02
 25 -4.0409837d-06  1.9708175d-05 -1.3442658d-04 -1.2692148d-03 -7.0991217d-03  8.8225601d-01  3.0668215d-01
 26  1.2640659d-06 -6.3850784d-06  4.4708584d-05  3.1930171d-04 -5.0999981d-05  5.2467822d-01  3.5956092d-01
 27 -2.9936803d-07  1.4812080d-06 -1.0080236d-05 -7.8542738d-05 -2.0509575d-05  1.2780876d-02 -7.4453268d-01
 28  1.4925602d-07 -7.3738921d-07  5.0087838d-06  3.9328491d-05  1.8259955d-05 -3.8578423d-03 -4.2567765d-01
 *** Small Component ***
 29  6.5404083d-04 -2.6342325d-04  1.2767288d-04 -6.5386951d-05 -3.1050985d-05 -1.2561964d-05 -3.1293241d-06
 30  1.9680403d-03 -7.9288905d-04  3.8428510d-04 -1.9685245d-04 -9.3482529d-05 -3.7806734d-05 -9.4155403d-06
 31  3.5760391d-03 -1.4423677d-03  6.9926411d-04 -3.5810920d-04 -1.7006103d-04 -6.8811510d-05 -1.7144044d-05
 32  6.3981850d-03 -2.5836256d-03  1.2526370d-03 -6.4183480d-04 -3.0480853d-04 -1.2324236d-04 -3.0686567d-05
 33  1.0323476d-02 -4.1790353d-03  2.0274353d-03 -1.0382608d-03 -4.9307211d-04 -1.9957592d-04 -4.9736187d-05
 34  1.6496957d-02 -6.7008348d-03  3.2520660d-03 -1.6671625d-03 -7.9180230d-04 -3.2002913d-04 -7.9660472d-05
 35  2.5180016d-02 -1.0297852d-02  5.0058015d-03 -2.5640418d-03 -1.2178064d-03 -4.9314422d-04 -1.2293938d-04
 36  3.7764343d-02 -1.5616287d-02  7.6039188d-03 -3.9025714d-03 -1.8539233d-03 -7.4900787d-04 -1.8637178d-04
 37  5.4008606d-02 -2.2817420d-02  1.1161679d-02 -5.7244262d-03 -2.7199321d-03 -1.1020638d-03 -2.7485420d-04
 38  7.2489105d-02 -3.1795539d-02  1.5658635d-02 -8.0629711d-03 -3.8333036d-03 -1.5480333d-03 -3.8500983d-04
 39  8.6106597d-02 -4.0466037d-02  2.0220822d-02 -1.0420692d-02 -4.9581998d-03 -2.0113796d-03 -5.0201968d-04
 40  8.2552743d-02 -4.3197404d-02  2.2058085d-02 -1.1478121d-02 -5.4705759d-03 -2.2064677d-03 -5.4800844d-04
 41  5.3224097d-02 -2.9977094d-02  1.5619937d-02 -8.1030334d-03 -3.8654165d-03 -1.5785205d-03 -3.9592888d-04
 42  1.6965149d-02  5.4140742d-03 -5.4521797d-03  3.1645171d-03  1.5594304d-03  6.5775574d-04  1.6839196d-04
 43  1.4674714d-03  4.3110594d-02 -3.6131454d-02  2.1455188d-02  1.0575792d-02  4.2773299d-03  1.0594316d-03
 44  6.5008724d-05  4.0262192d-02 -4.4067567d-02  2.7776810d-02  1.3965358d-02  5.7784895d-03  1.4531849d-03
 45 -3.2151348d-05  1.1797038d-02 -5.6024073d-03  3.3789991d-03  1.6868388d-03  5.9834053d-04  1.3137456d-04
 46  1.7280631d-05  6.3838824d-04  3.1883247d-02 -3.5978594d-02 -2.1104674d-02 -8.8062430d-03 -2.1814257d-03
 47 -1.0136353d-05  5.0997557d-05  1.8074546d-02 -2.4243604d-02 -1.4951126d-02 -6.6045002d-03 -1.6909708d-03
 48  5.2523477d-06 -1.9829211d-05  1.8816241d-03  1.4430614d-02  1.2721217d-02  6.1071929d-03  1.5915813d-03
 49 -2.6691899d-06  5.7077052d-06 -5.1817095d-05  1.4963587d-02  1.9349293d-02  9.7511255d-03  2.4575988d-03
 50  1.3751516d-06 -2.3905420d-06  2.2916982d-05  1.5915312d-03 -3.0988898d-03 -2.1125485d-03 -4.9160685d-04
 51 -8.1351114d-07  1.2288639d-06 -1.0958947d-05 -1.2441246d-04 -8.7863644d-03 -7.8732167d-03 -2.2910783d-03
 52  3.0609661d-07 -3.1869093d-07  2.5589571d-06  3.1111339d-05 -1.7707704d-03 -1.5426599d-03 -3.6333167d-04
 53 -9.2146232d-08  5.7071150d-08 -4.8908553d-07 -5.1807477d-06 -2.8953199d-05  3.5909595d-03  1.2482332d-03
 54  2.7407445d-08 -9.4769890d-09  1.0061763d-07  8.5710216d-07 -1.1970755d-07  1.4019164d-03  9.6070540d-04
 55 -6.0053459d-09 -2.1540276d-10 -6.5669797d-09 -8.7506174d-08 -2.6542622d-08  1.4104641d-05 -8.2182489d-04
 56  3.0966993d-09  4.3551493d-10  1.3002807d-09  2.9577027d-08  1.5598684d-08 -2.8595520d-06 -3.1571648d-04
         2P-            3P-            4P-            5P-            6P-    
    -6.6345233d+02 -1.6098288d+02 -3.8038388d+01 -7.1178271d+00 -7.5926125d-01
     ------------   ------------   ------------   ------------   ------------
 *** Large Component ***
  1  1.2780268d-04 -6.5723939d-05 -3.3578900d-05  1.5361719d-05  5.6513539d-06
  2  3.6996299d-04 -1.9028839d-04 -9.7213489d-05  4.4476635d-05  1.6361540d-05
  3  8.5360297d-04 -4.3915743d-04 -2.2440568d-04  1.0266014d-04  3.7768436d-05
  4  1.8247511d-03 -9.3945816d-04 -4.7999846d-04  2.1963585d-04  8.0793320d-05
  5  3.7865223d-03 -1.9519874d-03 -9.9817370d-04  4.5663027d-04  1.6801551d-04
  6  7.8766755d-03 -4.0744752d-03 -2.0833044d-03  9.5378533d-04  3.5080261d-04
  7  1.6921885d-02 -8.8063282d-03 -4.5167280d-03  2.0665815d-03  7.6071387d-04
  8  3.8093888d-02 -2.0076744d-02 -1.0302409d-02  4.7247602d-03  1.7373822d-03
  9  8.7578374d-02 -4.7083508d-02 -2.4373488d-02  1.1165828d-02  4.1140662d-03
 10  1.8811918d-01 -1.0474558d-01 -5.4401352d-02  2.5057950d-02  9.2135837d-03
 11  3.2483346d-01 -1.8793781d-01 -9.9488782d-02  4.5718378d-02  1.6883750d-02
 12  3.5683078d-01 -1.9115614d-01 -9.5998290d-02  4.4229448d-02  1.6154153d-02
 13  1.7391551d-01  1.1415697d-01  1.0374633d-01 -5.5007398d-02 -2.0448308d-02
 14  2.0112546d-02  5.4412683d-01  4.6378714d-01 -2.3702463d-01 -8.9932091d-02
 15  1.1209147d-03  4.0319337d-01  2.2407241d-01 -1.0161243d-01 -3.5494535d-02
 16 -6.3350440d-04  6.4259761d-02 -5.9901177d-01  4.7853621d-01  1.9220466d-01
 17  2.6746457d-04 -1.8346541d-03 -5.7426134d-01  4.0670709d-01  1.6954346d-01
 18 -1.2981495d-04  1.0060832d-03 -7.0299644d-02 -6.4221083d-01 -3.9490787d-01
 19  6.4502926d-05 -4.7107955d-04  7.0107801d-03 -5.9324303d-01 -2.9486249d-01
 20 -1.8727519d-05  1.2493280d-04 -1.7197596d-03 -4.7112410d-02  6.6374796d-01
 21  6.3641047d-06 -4.1739894d-05  5.6629893d-04  5.7996690d-03  5.3209806d-01
 *** Small Component ***
 22  4.6914203d-05 -2.4135835d-05 -1.2341959d-05  5.6436826d-06  2.0769893d-06
 23  1.4581532d-04 -7.5116263d-05 -3.8353608d-05  1.7558986d-05  6.4566964d-06
 24  3.4882813d-04 -1.7982748d-04 -9.2042123d-05  4.2082299d-05  1.5490733d-05
 25  7.7146286d-04 -3.9887913d-04 -2.0372966d-04  9.3323579d-05  3.4308916d-05
 26  1.6564740d-03 -8.5842530d-04 -4.4017860d-04  2.0124537d-04  7.4103699d-05
 27  3.5195802d-03 -1.8344522d-03 -9.3828497d-04  4.3014565d-04  1.5811286d-04
 28  7.3954358d-03 -3.8761117d-03 -1.9938992d-03  9.1195819d-04  3.3591974d-04
 29  1.5040677d-02 -7.9798285d-03 -4.0973363d-03  1.8808718d-03  6.9137419d-04
 30  2.8418710d-02 -1.5349564d-02 -7.9592167d-03  3.6457434d-03  1.3437472d-03
 31  4.6444151d-02 -2.5979809d-02 -1.3501321d-02  6.2219145d-03  2.2874053d-03
 32  5.8242861d-02 -3.3913973d-02 -1.7983025d-02  8.2652099d-03  3.0529569d-03
 33  4.5285849d-02 -2.4608713d-02 -1.2409188d-02  5.7248547d-03  2.0910826d-03
 34  1.4914469d-02  1.0608271d-02  9.5074927d-03 -5.0317047d-03 -1.8695177d-03
 35  5.3643718d-04  3.5577188d-02  3.0226736d-02 -1.5440203d-02 -5.8579043d-03
 36 -4.5637204d-04  1.8865086d-02  1.0529497d-02 -4.7878642d-03 -1.6745400d-03
 37 -3.0848800d-04  2.0835886d-03 -1.9300265d-02  1.5420272d-02  6.1934243d-03
 38 -1.8781518d-04 -4.1180778d-05 -1.3057590d-02  9.2577249d-03  3.8602568d-03
 39 -1.0513491d-04  1.4844718d-05 -1.0156188d-03 -9.4350758d-03 -5.7999521d-03
 40 -6.5605593d-05 -4.5159328d-06  8.1602380d-05 -5.9323053d-03 -2.9486366d-03
 41 -3.2483739d-05  7.4080572d-07 -4.0579248d-06 -2.6537674d-04  3.7270611d-03
 42 -1.9846804d-05 -9.5585182d-08  5.3701428d-06  1.9306378d-05  1.8134656d-03
         2P+            3P+            4P+            5P+            6P+    
    -5.5640324d+02 -1.3641355d+02 -3.1741845d+01 -5.7703685d+00 -5.6633228d-01
     ------------   ------------   ------------   ------------   ------------
 *** Large Component ***
  1  1.9936360d-05 -1.0688899d-05 -5.5063846d-06 -2.4945552d-06  8.6510673d-07
  2  1.1649332d-04 -6.2698457d-05 -3.2303982d-05 -1.4606800d-05  5.0686310d-06
  3  5.3555727d-04 -2.8908898d-04 -1.4919389d-04 -6.7643352d-05  2.3457940d-05
  4  2.1380766d-03 -1.1603883d-03 -5.9902251d-04 -2.7090833d-04  9.4023041d-05
  5  7.6590299d-03 -4.1810401d-03 -2.1639836d-03 -9.8203286d-04  3.4058031d-04
  6  2.4604204d-02 -1.3604940d-02 -7.0554612d-03 -3.1938120d-03  1.1087583d-03
  7  6.9537016d-02 -3.9258023d-02 -2.0494233d-02 -9.3221325d-03  3.2340829d-03
  8  1.6404343d-01 -9.6090401d-02 -5.0558746d-02 -2.2957389d-02  7.9762449d-03
  9  2.9608109d-01 -1.8182925d-01 -9.7163322d-02 -4.4503338d-02  1.5451089d-02
 10  3.4871614d-01 -2.1215390d-01 -1.1206360d-01 -5.0696747d-02  1.7636707d-02
 11  2.1262476d-01  4.5646982d-03  2.9964390d-02  1.6341371d-02 -5.9804474d-03
 12  4.5497680d-02  4.3599707d-01  3.6623655d-01  1.8813466d-01 -6.6544773d-02
 13  8.3461166d-04  4.9276435d-01  4.1128640d-01  2.0253476d-01 -7.1903476d-02
 14  3.2630192d-04  1.6130212d-01 -2.2451259d-01 -1.7016302d-01  6.5543158d-02
 15 -2.9025706d-04  9.3671211d-03 -6.8382370d-01 -5.6397227d-01  2.1768417d-01
 16  1.0867593d-04  1.3890310d-03 -3.1375173d-01 -1.3717817d-01  4.3719098d-02
 17 -4.4571750d-05 -6.5625117d-04 -2.7956359d-02  6.6122186d-01 -3.5426547d-01
 18  2.5424443d-05  1.9350431d-04 -6.9875226d-04  5.2707725d-01 -3.0243572d-01
 19 -9.1101054d-06 -9.3706283d-05  1.3077954d-04  6.7203697d-02  3.4945578d-01
 20  4.1143796d-06  4.1988317d-05 -2.7700061d-05 -4.0674201d-03  6.3962482d-01
 21 -1.1341284d-06 -1.1574819d-05  1.0183235d-05  1.1176286d-03  2.3459350d-01
 *** Small Component ***
 22  3.4604635d-05 -1.8483784d-05 -9.5188992d-06 -4.3184194d-06  1.4969261d-06
 23  1.6917393d-04 -9.0543161d-05 -4.6565346d-05 -2.1022817d-05  7.2968382d-06
 24  6.0988309d-04 -3.2636913d-04 -1.6812874d-04 -7.6252821d-05  2.6435369d-05
 25  1.8374640d-03 -9.8709503d-04 -5.0819127d-04 -2.2956425d-04  7.9676074d-05
 26  4.8382946d-03 -2.6106720d-03 -1.3475691d-03 -6.1133197d-04  2.1197107d-04
 27  1.1258011d-02 -6.1513861d-03 -3.1806749d-03 -1.4384947d-03  4.9934674d-04
 28  2.2912855d-02 -1.2784896d-02 -6.6559378d-03 -3.0259207d-03  1.0496029d-03
 29  3.8902373d-02 -2.2543783d-02 -1.1831692d-02 -5.3688210d-03  1.8651510d-03
 30  5.0711497d-02 -3.0855609d-02 -1.6455299d-02 -7.5337580d-03  2.6153875d-03
 31  4.3400572d-02 -2.6237062d-02 -1.3850144d-02 -6.2651000d-03  2.1794966d-03
 32  1.9301101d-02  2.3821238d-04  2.5516281d-03  1.3972364d-03 -5.1215466d-04
 33  3.0039432d-03  2.8344686d-02  2.3758920d-02  1.2199775d-02 -4.3147934d-03
 34  3.9850072d-05  2.3612800d-02  1.9681960d-02  9.6923422d-03 -3.4409422d-03
 35  1.1862921d-05  5.6357382d-03 -7.8024416d-03 -5.9113415d-03  2.2768021d-03
 36 -7.6201124d-06  2.3933774d-04 -1.7332906d-02 -1.4287991d-02  5.5145364d-03
 37  2.1286479d-06  2.4897257d-05 -5.7712212d-03 -2.5247824d-03  8.0518651d-04
 38 -6.3976122d-07 -8.2077666d-06 -3.6350205d-04  8.5982641d-03 -4.6062251d-03
 39  2.5693033d-07  1.6077781d-06 -6.4819176d-06  4.7900776d-03 -2.7483439d-03
 40 -6.3279947d-08 -4.8261095d-07  8.1546967d-07  3.9152769d-04  2.0354650d-03
 41  2.0434904d-08  1.3274928d-07 -1.3128305d-07 -1.5711394d-05  2.4686392d-03
 42 -4.1075712d-09 -1.9514812d-08  3.2179535d-08  2.7395614d-06  5.7429435d-04
         3D-            4D-            5D-    
    -1.1689797d+02 -2.2966552d+01 -2.6496840d+00
     ------------   ------------   ------------
 *** Large Component ***
  1  1.1544444d-04  6.2750158d-05  2.5332426d-05
  2  6.3254073d-04  3.4502909d-04  1.3952618d-04
  3  3.0630466d-03  1.6743207d-03  6.7651066d-04
  4  1.3232120d-02  7.2970385d-03  2.9580288d-03
  5  4.8016206d-02  2.6720182d-02  1.0837172d-02
  6  1.3783631d-01  7.8294143d-02  3.1940337d-02
  7  2.8617654d-01  1.6246607d-01  6.6152241d-02
  8  3.8275723d-01  2.0033825d-01  8.0108164d-02
  9  2.6540297d-01  2.1699297d-03 -1.7475240d-02
 10  7.3701290d-02 -3.7736116d-01 -2.0064110d-01
 11  4.9406006d-03 -4.9181214d-01 -2.5321212d-01
 12  5.1417288d-04 -2.1238367d-01  8.4968631d-02
 13 -1.3075440d-04 -2.2735798d-02  5.0756969d-01
 14  5.3980409d-05 -3.2307396d-04  4.5532334d-01
 15 -1.1956996d-05  1.5238417d-04  1.2265371d-01
 *** Small Component ***
 16  4.5079700d-05  2.4501762d-05  9.8790039d-06
 17  2.6333698d-04  1.4400207d-04  5.8303904d-05
 18  1.1177968d-03  6.1127842d-04  2.4692783d-04
 19  3.7510189d-03  2.0699358d-03  8.3933977d-04
 20  9.9973214d-03  5.5641249d-03  2.2565937d-03
 21  2.0704601d-02  1.1765422d-02  4.8003380d-03
 22  3.1017707d-02  1.7625229d-02  7.1776851d-03
 23  3.0047002d-02  1.5757990d-02  6.3046596d-03
 24  1.5120341d-02  1.4307667d-04 -9.8654781d-04
 25  2.9994358d-03 -1.5607273d-02 -8.2966767d-03
 26  1.1983713d-04 -1.4641976d-02 -7.5401716d-03
 27 -1.3889333d-06 -4.5131197d-03  1.8042545d-03
 28 -7.5784268d-06 -3.3589897d-04  7.5640025d-03
 29 -1.4703323d-06 -2.1711192d-06  4.6465813d-03
 30 -1.3122145d-06  1.7060535d-06  8.1249498d-04
         3D+            4D+            5D+    
    -1.1182131d+02 -2.1784531d+01 -2.4563922d+00
     ------------   ------------   ------------
 *** Large Component ***
  1  8.5619695d-05  4.6771065d-05  1.8777237d-05
  2  7.7770387d-04  4.2510581d-04  1.7010086d-04
  3  4.6647330d-03  2.5656650d-03  1.0308847d-03
  4  2.0847868d-02  1.1543449d-02  4.6333149d-03
  5  7.1351777d-02  4.0146849d-02  1.6206338d-02
  6  1.8309003d-01  1.0465609d-01  4.2278850d-02
  7  3.2702881d-01  1.8500328d-01  7.4869788d-02
  8  3.6033943d-01  1.6702214d-01  6.2853762d-02
  9  1.9761765d-01 -1.0516092d-01 -6.7112613d-02
 10  4.0640444d-02 -4.4252943d-01 -2.3290915d-01
 11  1.9264767d-03 -4.3355028d-01 -2.0187822d-01
 12  2.8846248d-04 -1.4651801d-01  1.8336583d-01
 13 -6.1848833d-05 -1.0868837d-02  5.2033518d-01
 14  2.1259603d-05 -4.6530341d-04  3.9567382d-01
 15 -3.5108535d-06  1.9130091d-04  9.4581171d-02
 *** Small Component ***
 16  7.4635136d-05  4.0681929d-05  1.6335304d-05
 17  4.3631409d-04  2.3781305d-04  9.5078586d-05
 18  1.7501949d-03  9.6001935d-04  3.8555817d-04
 19  5.3977209d-03  2.9809947d-03  1.1958219d-03
 20  1.3025091d-02  7.3117296d-03  2.9502381d-03
 21  2.3965327d-02  1.3671558d-02  5.5208061d-03
 22  3.1027101d-02  1.7526668d-02  7.0910940d-03
 23  2.5028628d-02  1.1599371d-02  4.3666039d-03
 24  1.0059566d-02 -5.3165041d-03 -3.3946944d-03
 25  1.5037883d-03 -1.6326993d-02 -8.5903645d-03
 26  5.1779781d-05 -1.1616759d-02 -5.4084671d-03
 27  5.5138566d-06 -2.8165037d-03  3.5214410d-03
 28 -8.2330021d-07 -1.4749113d-04  7.0574683d-03
 29  1.9236305d-07 -4.3589865d-06  3.7041094d-03
 30 -1.9525569d-08  1.1713305d-06  5.7875430d-04
         4F-    
    -1.0260063d+01
     ------------
 *** Large Component ***
  1  1.8859674d-04
  2  1.7700306d-03
  3  1.0522981d-02
  4  4.2478789d-02
  5  1.2172434d-01
  6  2.4843557d-01
  7  3.4678228d-01
  8  3.2359174d-01
  9  1.7201940d-01
 10  3.5190675d-02
 *** Small Component ***
 11  6.3333817d-05
 12  4.1917410d-04
 13  1.7218990d-03
 14  4.9070541d-03
 15  1.0065487d-02
 16  1.4884194d-02
 17  1.5072381d-02
 18  1.0148302d-02
 19  3.8266799d-03
 20  5.3079600d-04
         4F+    
    -9.9731182d+00
     ------------
 *** Large Component ***
  1  2.0417441d-04
  2  2.0503936d-03
  3  1.2024109d-02
  4  4.6944680d-02
  5  1.3072647d-01
  6  2.5588404d-01
  7  3.4630148d-01
  8  3.1369061d-01
  9  1.6170665d-01
 10  3.1996533d-02
 *** Small Component ***
 11  7.7726840d-05
 12  4.8468970d-04
 13  1.9087465d-03
 14  5.2214087d-03
 15  1.0406543d-02
 16  1.4786384d-02
 17  1.4544144d-02
 18  9.5357001d-03
 19  3.4956776d-03
 20  4.7120590d-04

* Radial Moments
Sym Orb <r**-2>     <r**-1>     <r** 1>     <r** 2>     <r** 3>     <r** 4>
S+   1 3.24577d+04 1.11263d+02 1.48018d-02 3.05656d-04 8.10639d-06 2.62808d-07
     2 4.91846d+03 2.78227d+01 6.14559d-02 4.54201d-03 3.83995d-04 3.66365d-05
     3 1.14852d+03 1.01852d+01 1.59636d-01 2.93174d-02 5.92613d-03 1.30569d-03
     4 3.02729d+02 4.33380d+00 3.49769d-01 1.38148d-01 5.92884d-02 2.73984d-02
     5 6.89958d+01 1.84256d+00 7.56133d-01 6.38808d-01 5.85152d-01 5.77065d-01
     6 1.14765d+01 7.21783d-01 1.80457d+00 3.65710d+00 8.15142d+00 1.99093d+01
     7 7.40115d-01 2.07117d-01 5.92691d+00 3.98569d+01 2.99542d+02 2.49725d+03
P-   1 1.55562d+03 2.77312d+01 5.01797d-02 3.17342d-03 2.41215d-04 2.14177d-05
     2 3.74126d+02 1.00809d+01 1.50617d-01 2.65523d-02 5.20858d-03 1.12465d-03
     3 9.75363d+01 4.22244d+00 3.49646d-01 1.39149d-01 6.04917d-02 2.84753d-02
     4 2.10391d+01 1.73075d+00 7.95126d-01 7.10007d-01 6.91489d-01 7.30510d-01
     5 3.00778d+00 6.26948d-01 2.05839d+00 4.78311d+00 1.22886d+01 3.46587d+01
P+   1 6.25109d+02 2.13534d+01 5.96965d-02 4.34270d-03 3.73352d-04 3.70988d-05
     2 1.53098d+02 8.41039d+00 1.67770d-01 3.27286d-02 7.08408d-03 1.68297d-03
     3 4.07850d+01 3.66842d+00 3.83486d-01 1.67091d-01 7.94886d-02 4.09193d-02
     4 8.91449d+00 1.53304d+00 8.73059d-01 8.55804d-01 9.15509d-01 1.06274d+00
     5 1.20868d+00 5.43362d-01 2.34195d+00 6.22505d+00 1.84644d+01 6.08861d+01
D-   1 8.64804d+01 8.29237d+00 1.45427d-01 2.48290d-02 4.88282d-03 1.09032d-03
     2 2.19226d+01 3.47510d+00 3.83888d-01 1.69948d-01 8.33863d-02 4.49187d-02
     3 3.99015d+00 1.29444d+00 1.01572d+00 1.17709d+00 1.51882d+00 2.17333d+00
D+   1 7.76240d+01 7.93617d+00 1.50574d-01 2.64904d-02 5.35326d-03 1.22624d-03
     2 1.96905d+01 3.35113d+00 3.94605d-01 1.79330d-01 9.02927d-02 4.98977d-02
     3 3.56078d+00 1.24813d+00 1.04771d+00 1.25243d+00 1.66821d+00 2.46695d+00
F-   1 1.13169d+01 3.04434d+00 3.93479d-01 1.82618d-01 9.86668d-02 6.13494d-02
F+   1 1.09404d+01 2.99764d+00 3.99036d-01 1.87675d-01 1.02718d-01 6.46914d-02
-------------------------------------------------------------------------------
Radium  [Rn]7s(2)                                                               
                                                                                
 Nuclear Charge =   88.0000000000
    Atomic Mass =  226.0000000000
 Nuclear Radius =    1.381375d-04
 Speed of Light =  137.0359895000

                          S+   P-   P+   D-   D+   F-   F+
Number of Closed Shells    7    5    5    3    3    1    1
            Open Shells    0    0    0    0    0    0    0

* Energies
          Total Energy =    -2.502806892576393d+04
           Mass Energy =    -2.501093888767977d+04
        Kinetic Energy =     5.494475764577161d+04
      Potential Energy =    -5.496188768385576d+04
  Correction to Virial =     1.713338930706500d+01

Virials
              -<V>/<T> =     1.000311768380063d+00
       -(CORR <V>)/<T> =    -3.118293726495951d-04
 -[<V>+(CORR <V>)]/<T> =     9.999999390074130d-01

NORMALIZED BASIS SPINORS
SYMMETRY           EXPONENT PARAM      COEFFICIENTS
SPECIES                                LARGE-COMPONENT     SMALL-COMPONENT
  S+         1    3.8934140206d+07    1.0000000000d+00    1.0000000000d+00
             2    9.0889535233d+06    1.0000000000d+00    1.0000000000d+00
             3    2.9239091787d+06    1.0000000000d+00    1.0000000000d+00
             4    1.0595560913d+06    1.0000000000d+00    1.0000000000d+00
             5    4.2652843014d+05    1.0000000000d+00    1.0000000000d+00
             6    1.8291911366d+05    1.0000000000d+00    1.0000000000d+00
             7    8.2838659312d+04    1.0000000000d+00    1.0000000000d+00
             8    3.8926880202d+04    1.0000000000d+00    1.0000000000d+00
             9    1.8821407126d+04    1.0000000000d+00    1.0000000000d+00
            10    9.2771083341d+03    1.0000000000d+00    1.0000000000d+00
            11    4.6420967655d+03    1.0000000000d+00    1.0000000000d+00
            12    2.3533044799d+03    1.0000000000d+00    1.0000000000d+00
            13    1.2084656179d+03    1.0000000000d+00    1.0000000000d+00
            14    6.2876615299d+02    1.0000000000d+00    1.0000000000d+00
            15    3.2973370302d+02    1.0000000000d+00    1.0000000000d+00
            16    1.7652465099d+02    1.0000000000d+00    1.0000000000d+00
            17    9.5870754402d+01    1.0000000000d+00    1.0000000000d+00
            18    5.2293400063d+01    1.0000000000d+00    1.0000000000d+00
            19    2.8875063038d+01    1.0000000000d+00    1.0000000000d+00
            20    1.5064883370d+01    1.0000000000d+00    1.0000000000d+00
            21    8.3055161300d+00    1.0000000000d+00    1.0000000000d+00
            22    4.2422559751d+00    1.0000000000d+00    1.0000000000d+00
            23    2.3787095708d+00    1.0000000000d+00    1.0000000000d+00
            24    1.2471037931d+00    1.0000000000d+00    1.0000000000d+00
            25    4.9417613761d-01    1.0000000000d+00    1.0000000000d+00
            26    2.2509593696d-01    1.0000000000d+00    1.0000000000d+00
            27    4.8600022510d-02    1.0000000000d+00    1.0000000000d+00
            28    2.0453163381d-02    1.0000000000d+00    1.0000000000d+00
  P-         1    2.6897558931d+07    1.0000000000d+00    1.0000000000d+00
             2    6.0979071353d+06    1.0000000000d+00    1.0000000000d+00
             3    1.6120271161d+06    1.0000000000d+00    1.0000000000d+00
             4    4.7394302907d+05    1.0000000000d+00    1.0000000000d+00
             5    1.5134152940d+05    1.0000000000d+00    1.0000000000d+00
             6    5.1829001952d+04    1.0000000000d+00    1.0000000000d+00
             7    1.8895158083d+04    1.0000000000d+00    1.0000000000d+00
             8    7.3150469091d+03    1.0000000000d+00    1.0000000000d+00
             9    3.0042412963d+03    1.0000000000d+00    1.0000000000d+00
            10    1.3042292051d+03    1.0000000000d+00    1.0000000000d+00
            11    5.9381235019d+02    1.0000000000d+00    1.0000000000d+00
            12    2.8137703748d+02    1.0000000000d+00    1.0000000000d+00
            13    1.3719881181d+02    1.0000000000d+00    1.0000000000d+00
            14    6.7915110822d+01    1.0000000000d+00    1.0000000000d+00
            15    3.4576789401d+01    1.0000000000d+00    1.0000000000d+00
            16    1.6563543749d+01    1.0000000000d+00    1.0000000000d+00
            17    8.2514812636d+00    1.0000000000d+00    1.0000000000d+00
            18    3.4556629418d+00    1.0000000000d+00    1.0000000000d+00
            19    1.6219785231d+00    1.0000000000d+00    1.0000000000d+00
            20    5.3116469917d-01    1.0000000000d+00    1.0000000000d+00
            21    2.0433823598d-01    1.0000000000d+00    1.0000000000d+00
  P+         1    1.2627189857d+06    1.0000000000d+00    1.0000000000d+00
             2    2.5869532958d+05    1.0000000000d+00    1.0000000000d+00
             3    7.5095067915d+04    1.0000000000d+00    1.0000000000d+00
             4    2.6172134322d+04    1.0000000000d+00    1.0000000000d+00
             5    1.0268302352d+04    1.0000000000d+00    1.0000000000d+00
             6    4.3853100425d+03    1.0000000000d+00    1.0000000000d+00
             7    1.9977540340d+03    1.0000000000d+00    1.0000000000d+00
             8    9.5677858566d+02    1.0000000000d+00    1.0000000000d+00
             9    4.7619745644d+02    1.0000000000d+00    1.0000000000d+00
            10    2.4460186358d+02    1.0000000000d+00    1.0000000000d+00
            11    1.2836190422d+02    1.0000000000d+00    1.0000000000d+00
            12    6.7540638094d+01    1.0000000000d+00    1.0000000000d+00
            13    3.6438102747d+01    1.0000000000d+00    1.0000000000d+00
            14    1.9428353486d+01    1.0000000000d+00    1.0000000000d+00
            15    1.0298255720d+01    1.0000000000d+00    1.0000000000d+00
            16    5.4493429854d+00    1.0000000000d+00    1.0000000000d+00
            17    2.7361192447d+00    1.0000000000d+00    1.0000000000d+00
            18    1.3492731996d+00    1.0000000000d+00    1.0000000000d+00
            19    5.6714849283d-01    1.0000000000d+00    1.0000000000d+00
            20    2.5680824523d-01    1.0000000000d+00    1.0000000000d+00
            21    1.0364112562d-01    1.0000000000d+00    1.0000000000d+00
  D-         1    4.6981138264d+04    1.0000000000d+00    1.0000000000d+00
             2    1.1115046025d+04    1.0000000000d+00    1.0000000000d+00
             3    3.6414780831d+03    1.0000000000d+00    1.0000000000d+00
             4    1.4220774424d+03    1.0000000000d+00    1.0000000000d+00
             5    6.2125885033d+02    1.0000000000d+00    1.0000000000d+00
             6    2.9249451965d+02    1.0000000000d+00    1.0000000000d+00
             7    1.4524498326d+02    1.0000000000d+00    1.0000000000d+00
             8    7.4477507213d+01    1.0000000000d+00    1.0000000000d+00
             9    3.9035992782d+01    1.0000000000d+00    1.0000000000d+00
            10    2.0402443034d+01    1.0000000000d+00    1.0000000000d+00
            11    1.0559277317d+01    1.0000000000d+00    1.0000000000d+00
            12    5.4131599392d+00    1.0000000000d+00    1.0000000000d+00
            13    2.6673327486d+00    1.0000000000d+00    1.0000000000d+00
            14    1.2613010026d+00    1.0000000000d+00    1.0000000000d+00
            15    5.4225565390d-01    1.0000000000d+00    1.0000000000d+00
  D+         1    1.8841030400d+04    1.0000000000d+00    1.0000000000d+00
             2    5.3906794987d+03    1.0000000000d+00    1.0000000000d+00
             3    2.0293609437d+03    1.0000000000d+00    1.0000000000d+00
             4    8.7940869421d+02    1.0000000000d+00    1.0000000000d+00
             5    4.1449626843d+02    1.0000000000d+00    1.0000000000d+00
             6    2.0650495980d+02    1.0000000000d+00    1.0000000000d+00
             7    1.0671696728d+02    1.0000000000d+00    1.0000000000d+00
             8    5.6607582829d+01    1.0000000000d+00    1.0000000000d+00
             9    3.0306210067d+01    1.0000000000d+00    1.0000000000d+00
            10    1.6047761081d+01    1.0000000000d+00    1.0000000000d+00
            11    8.4782093940d+00    1.0000000000d+00    1.0000000000d+00
            12    4.3935742804d+00    1.0000000000d+00    1.0000000000d+00
            13    2.2060396362d+00    1.0000000000d+00    1.0000000000d+00
            14    1.0619820418d+00    1.0000000000d+00    1.0000000000d+00
            15    4.6413283276d-01    1.0000000000d+00    1.0000000000d+00
  F-         1    1.8904731497d+03    1.0000000000d+00    1.0000000000d+00
             2    6.1736728485d+02    1.0000000000d+00    1.0000000000d+00
             3    2.5695073060d+02    1.0000000000d+00    1.0000000000d+00
             4    1.2089516990d+02    1.0000000000d+00    1.0000000000d+00
             5    6.0399190642d+01    1.0000000000d+00    1.0000000000d+00
             6    3.1396394758d+01    1.0000000000d+00    1.0000000000d+00
             7    1.6484924959d+01    1.0000000000d+00    1.0000000000d+00
             8    8.6053533230d+00    1.0000000000d+00    1.0000000000d+00
             9    4.3561909024d+00    1.0000000000d+00    1.0000000000d+00
            10    2.0332182736d+00    1.0000000000d+00    1.0000000000d+00
  F+         1    1.5234052968d+03    1.0000000000d+00    1.0000000000d+00
             2    5.3013291401d+02    1.0000000000d+00    1.0000000000d+00
             3    2.2865162928d+02    1.0000000000d+00    1.0000000000d+00
             4    1.0998020372d+02    1.0000000000d+00    1.0000000000d+00
             5    5.5810436095d+01    1.0000000000d+00    1.0000000000d+00
             6    2.9307360820d+01    1.0000000000d+00    1.0000000000d+00
             7    1.5485874621d+01    1.0000000000d+00    1.0000000000d+00
             8    8.1304494104d+00    1.0000000000d+00    1.0000000000d+00
             9    4.1333362420d+00    1.0000000000d+00    1.0000000000d+00
            10    1.9349197845d+00    1.0000000000d+00    1.0000000000d+00

SPINOR ENERGIES AND VECTORS
         1S+            2S+            3S+            4S+            5S+            6S+            7S+    
    -3.8458071d+03 -7.1265811d+02 -1.7968526d+02 -4.5681900d+01 -1.0001315d+01 -1.6242782d+00 -1.6598634d-01
     ------------   ------------   ------------   ------------   ------------   ------------   ------------
 *** Large Component ***
  1  5.7990373d-04 -2.3562937d-04  1.1443098d-04  5.8787473d-05  2.8198527d-05  1.1879266d-05 -3.4950082d-06
  2  1.2670343d-03 -5.1791505d-04  2.5176810d-04  1.2937995d-04  6.2065803d-05  2.6145189d-05 -7.6921487d-06
  3  2.5175831d-03 -1.0356205d-03  5.0398209d-04  2.5903886d-04  1.2426596d-04  5.2354411d-05 -1.5403413d-05
  4  4.5705787d-03 -1.8991403d-03  9.2570144d-04  4.7604996d-04  2.2842034d-04  9.6217036d-05 -2.8307769d-05
  5  8.2204038d-03 -3.4546254d-03  1.6871977d-03  8.6788432d-04  4.1640582d-04  1.7547029d-04 -5.1627192d-05
  6  1.4519142d-02 -6.1931766d-03  3.0316075d-03  1.5608836d-03  7.4924199d-04  3.1555230d-04 -9.2836224d-05
  7  2.5686543d-02 -1.1145686d-02  5.4726134d-03  2.8182820d-03  1.3524461d-03  5.7013179d-04 -1.6775364d-04
  8  4.5322751d-02 -2.0092925d-02  9.8982012d-03  5.1056013d-03  2.4522766d-03  1.0324851d-03 -3.0374876d-04
  9  7.9199976d-02 -3.6134951d-02  1.7899005d-02  9.2350451d-03  4.4331389d-03  1.8699939d-03 -5.5026548d-04
 10  1.3348399d-01 -6.3527075d-02  3.1691423d-02  1.6405110d-02  7.8886955d-03  3.3199472d-03 -9.7665493d-04
 11  2.0540790d-01 -1.0469170d-01  5.2961279d-02  2.7456875d-02  1.3192698d-02  5.5716409d-03 -1.6397720d-03
 12  2.6143626d-01 -1.4734870d-01  7.5967519d-02  3.9699069d-02  1.9149013d-02  8.0496572d-03 -2.3677324d-03
 13  2.3064749d-01 -1.3736949d-01  7.1721259d-02  3.7351665d-02  1.7933480d-02  7.6180191d-03 -2.2436722d-03
 14  1.0468260d-01  3.2026048d-02 -3.4678741d-02 -2.0494330d-02 -1.0084217d-02 -4.4106860d-03  1.3039614d-03
 15  1.4271414d-02  3.6857815d-01 -3.1087008d-01 -1.8508959d-01 -9.2529697d-02 -3.9034978d-02  1.1489353d-02
 16  5.6050984d-04  4.9147163d-01 -5.3632936d-01 -3.3858690d-01 -1.7109739d-01 -7.3616963d-02  2.1724002d-02
 17 -2.6345538d-04  2.1791274d-01 -1.4872466d-01 -9.6126951d-02 -5.1166521d-02 -2.0647247d-02  6.0416719d-03
 18  1.6796951d-04  2.1210446d-02  6.7908547d-01  7.5128294d-01  4.4708587d-01  1.9485408d-01 -5.7645188d-02
 19 -1.5259430d-04  1.0260873d-03  5.9868221d-01  8.2522716d-01  5.0934749d-01  2.3291172d-01 -6.9367148d-02
 20  1.0742428d-04 -5.7887737d-04  1.0587397d-01 -4.6573655d-01 -3.9932259d-01 -1.9950216d-01  6.0223803d-02
 21 -6.7373314d-05  2.0050345d-04 -2.6759358d-03 -9.4062699d-01 -1.1860608d+00 -6.2130739d-01  1.8902564d-01
 22  4.3655803d-05 -1.5486416d-04  2.5262861d-03 -2.0535902d-01 -6.9045184d-02 -3.5210404d-02  1.1558275d-02
 23 -2.6788714d-05  1.0580830d-04 -1.4032059d-03  5.8163485d-03  1.0341306d+00  9.0473433d-01 -2.9991642d-01
 24  1.0250875d-05 -3.5436371d-05  4.0432293d-04 -3.7792962d-03  4.7271403d-01  5.0569511d-01 -1.7921141d-01
 25 -3.1782658d-06  1.0873987d-05 -1.1991684d-04  7.9522053d-04  2.1780770d-02 -8.5341849d-01  3.8969952d-01
 26  1.1777213d-06 -4.3632419d-06  4.7902120d-05 -2.0836568d-04 -2.0444504d-03 -6.0804488d-01  4.5097341d-01
 27 -2.8599950d-07  1.0116150d-06 -1.0905719d-05  5.6353964d-05  4.1004027d-04 -1.8690484d-02 -7.0430900d-01
 28  1.2272811d-07 -4.3507853d-07  4.6856843d-06 -2.3851641d-05 -1.6871014d-04  4.9395008d-03 -5.2411932d-01
 *** Small Component ***
 29  6.9285852d-04 -2.8047819d-04  1.3612874d-04  6.9920174d-05  3.3535703d-05  1.4128742d-05 -4.1568659d-06
 30  2.0809191d-03 -8.4265153d-04  4.0897371d-04  2.1009490d-04  1.0078095d-04  4.2448737d-05 -1.2488602d-05
 31  3.7725876d-03 -1.5294493d-03  7.4252449d-04  3.8138190d-04  1.8291259d-04  7.7072108d-05 -2.2676023d-05
 32  6.7365881d-03 -2.7343766d-03  1.3275936d-03  6.8214576d-04  3.2726150d-04  1.3781618d-04 -4.0545191d-05
 33  1.0843094d-02 -4.4122457d-03  2.1436353d-03  1.1010650d-03  5.2803230d-04  2.2254912d-04 -6.5480112d-05
 34  1.7254736d-02 -7.0459591d-03  3.4244622d-03  1.7603542d-03  8.4473050d-04  3.5562869d-04 -1.0462141d-04
 35  2.6097187d-02 -1.0730440d-02  5.2238479d-03  2.6839739d-03  1.2870674d-03  5.4267108d-04 -1.5967668d-04
 36  3.8669388d-02 -1.6078558d-02  7.8405326d-03  4.0348884d-03  1.9370487d-03  8.1519903d-04 -2.3981093d-04
 37  5.4636236d-02 -2.3205561d-02  1.1369156d-02  5.8492003d-03  2.8054358d-03  1.1835150d-03 -3.4826443d-04
 38  7.2705887d-02 -3.2040086d-02  1.5800813d-02  8.1575658d-03  3.9203311d-03  1.6492491d-03 -4.8514792d-04
 39  8.5930819d-02 -4.0489926d-02  2.0257596d-02  1.0472989d-02  5.0281497d-03  2.1235288d-03 -6.2496587d-04
 40  8.2529929d-02 -4.3106196d-02  2.2016649d-02  1.1481022d-02  5.5351692d-03  2.3263101d-03 -6.8424212d-04
 41  5.4066441d-02 -3.0268854d-02  1.5763872d-02  8.2071903d-03  3.9402924d-03  1.6735314d-03 -4.9288037d-04
 42  1.8104860d-02  4.0684456d-03 -4.6243878d-03 -2.7353747d-03 -1.3435098d-03 -5.9059470d-04  1.7470575d-04
 43  1.7897351d-03  4.1944101d-02 -3.4853453d-02 -2.0688655d-02 -1.0335673d-02 -4.3589750d-03  1.2829468d-03
 44  6.2578190d-05  4.1626912d-02 -4.4890650d-02 -2.8282118d-02 -1.4283928d-02 -6.1450637d-03  1.8133406d-03
 45 -2.6911479d-05  1.3681190d-02 -9.4242327d-03 -6.1418359d-03 -3.2734034d-03 -1.3247318d-03  3.8779966d-04
 46  1.5236226d-05  9.8756932d-04  3.1002804d-02  3.4184136d-02  2.0328535d-02  8.8582424d-03 -2.6205383d-03
 47 -1.0173833d-05  3.4080399d-05  2.0402811d-02  2.8059308d-02  1.7316408d-02  7.9174952d-03 -2.3579943d-03
 48  5.8432042d-06 -1.3647976d-05  2.6042461d-03 -1.1403595d-02 -9.7659365d-03 -4.8779703d-03  1.4724584d-03
 49 -3.3065036d-06  3.2397771d-06 -4.6950120d-05 -1.7142789d-02 -2.1599895d-02 -1.1313776d-02  3.4420460d-03
 50  1.8401935d-06 -1.7448877d-06  3.1769897d-05 -2.6765226d-03 -9.0373199d-04 -4.6205549d-04  1.5163383d-04
 51 -1.0149663d-06  8.6504154d-07 -1.2994273d-05  5.7142802d-05  1.0080986d-02  8.8178635d-03 -2.9230005d-03
 52  3.6591550d-07 -1.8258782d-07  2.5789266d-06 -2.6845133d-05  3.3366770d-03  3.5691554d-03 -1.2648780d-03
 53 -1.0654911d-07  2.6195205d-08 -4.4394291d-07  3.5831375d-06  9.6841126d-05 -3.7913285d-03  1.7312004d-03
 54  3.7970433d-08 -4.6849539d-09  1.1010410d-07 -6.4288112d-07 -6.1523612d-06 -1.8231983d-03  1.3521858d-03
 55 -9.0408972d-09 -7.4403701d-10 -6.6432006d-09  8.2975064d-08  5.7663770d-07 -2.6035009d-05 -9.8124440d-04
 56  4.0845491d-09  6.0323293d-10  2.8175370d-10 -2.3596103d-08 -1.5492571d-07  4.4620004d-06 -4.7370435d-04
         2P-            3P-            4P-            5P-            6P-    
    -6.8509541d+02 -1.6723349d+02 -4.0115259d+01 -7.8431987d+00 -9.7332072d-01
     ------------   ------------   ------------   ------------   ------------
 *** Large Component ***
  1  1.3344989d-04 -6.8735721d-05 -3.5234565d-05  1.6315161d-05 -6.3411415d-06
  2  3.8562963d-04 -1.9865870d-04 -1.0182772d-04  4.7153883d-05 -1.8326323d-05
  3  8.8329401d-04 -4.5514396d-04 -2.3334853d-04  1.0804993d-04 -4.1996547d-05
  4  1.8741965d-03 -9.6643131d-04 -4.9542627d-04  2.2944795d-04 -8.9171362d-05
  5  3.8603293d-03 -1.9930444d-03 -1.0225415d-03  4.7347727d-04 -1.8405175d-04
  6  7.9647553d-03 -4.1261421d-03 -2.1167454d-03  9.8082529d-04 -3.8114004d-04
  7  1.6958390d-02 -8.8363328d-03 -4.5467769d-03  2.1057829d-03 -8.1888425d-04
  8  3.7796024d-02 -1.9942530d-02 -1.0267085d-02  4.7651583d-03 -1.8513977d-03
  9  8.6174936d-02 -4.6350827d-02 -2.4067722d-02  1.1161420d-02 -4.3442909d-03
 10  1.8455896d-01 -1.0276777d-01 -5.3536413d-02  2.4952454d-02 -9.6949335d-03
 11  3.2032378d-01 -1.8510183d-01 -9.8242645d-02  4.5708958d-02 -1.7829741d-02
 12  3.5783189d-01 -1.9361698d-01 -9.7977032d-02  4.5673864d-02 -1.7644146d-02
 13  1.8100054d-01  9.9110785d-02  9.3651064d-02 -5.0541533d-02  1.9901957d-02
 14  2.2992620d-02  5.3550191d-01  4.5721075d-01 -2.3697871d-01  9.5015467d-02
 15  9.1292629d-04  4.1724319d-01  2.4646695d-01 -1.1560841d-01  4.3332648d-02
 16 -4.9957897d-04  7.0329347d-02 -5.8341362d-01  4.7371255d-01 -2.0227315d-01
 17  2.0475047d-04 -2.2696155d-03 -5.8990529d-01  4.3139730d-01 -1.9069351d-01
 18 -1.0655195d-04  1.2462969d-03 -7.6101667d-02 -6.3082349d-01  4.1681415d-01
 19  5.5993438d-05 -5.8845105d-04  7.7576041d-03 -6.0722846d-01  3.2922433d-01
 20 -1.6721915d-05  1.6551808d-04 -1.9573680d-03 -5.0813968d-02 -6.9337343d-01
 21  5.7349672d-06 -5.5739548d-05  6.4305299d-04  6.2633173d-03 -5.1587119d-01
 *** Small Component ***
 22  4.9441464d-05 -2.5474845d-05 -1.3069809d-05  6.0495284d-06 -2.3520098d-06
 23  1.5318568d-04 -7.9041447d-05 -4.0493343d-05  1.8762584d-05 -7.2893998d-06
 24  3.6373478d-04 -1.8779319d-04 -9.6435998d-05  4.4631589d-05 -1.7356009d-05
 25  7.9741712d-04 -4.1297524d-04 -2.1164065d-04  9.8114867d-05 -3.8111185d-05
 26  1.6969253d-03 -8.8065531d-04 -4.5306069d-04  2.0968239d-04 -8.1564290d-05
 27  3.5739718d-03 -1.8658648d-03 -9.5757439d-04  4.4426230d-04 -1.7254622d-04
 28  7.4571254d-03 -3.9137358d-03 -2.0198487d-03  9.3521952d-04 -3.6390870d-04
 29  1.5087053d-02 -8.0161823d-03 -4.1297578d-03  1.9184792d-03 -7.4513923d-04
 30  2.8437363d-02 -1.5370102d-02 -7.9948592d-03  3.7073099d-03 -1.4434518d-03
 31  4.6555641d-02 -2.6048671d-02 -1.3578749d-02  6.3318963d-03 -2.4598521d-03
 32  5.8854042d-02 -3.4231831d-02 -1.8199526d-02  8.4692612d-03 -3.3042749d-03
 33  4.6625547d-02 -2.5591572d-02 -1.3002568d-02  6.0692388d-03 -2.3448187d-03
 34  1.5992526d-02  9.4894640d-03  8.8233368d-03 -4.7519762d-03  1.8701351d-03
 35  7.1807696d-04  3.6001930d-02  3.0633469d-02 -1.5869236d-02  6.3621545d-03
 36 -4.9551658d-04  2.0075837d-02  1.1901946d-02 -5.5954227d-03  2.0993303d-03
 37 -3.2376382d-04  2.3430951d-03 -1.9312087d-02  1.5682721d-02 -6.6963070d-03
 38 -1.9934454d-04 -5.2957526d-05 -1.3798983d-02  1.0101954d-02 -4.4665859d-03
 39 -1.1082140d-04  1.8770840d-05 -1.1362568d-03 -9.5691936d-03  6.3205873d-03
 40 -6.9634353d-05 -6.0395040d-06  9.2897812d-05 -6.3120470d-03  3.4223024d-03
 41 -3.3607216d-05  9.5846352d-07 -5.8203414d-06 -3.0295876d-04 -4.1221721d-03
 42 -2.2930548d-05 -1.9441609d-07  6.3654544d-06  2.2573287d-05 -1.9020850d-03
         2P+            3P+            4P+            5P+            6P+    
    -5.7193411d+02 -1.4118497d+02 -3.3397829d+01 -6.3727756d+00 -7.4028563d-01
     ------------   ------------   ------------   ------------   ------------
 *** Large Component ***
  1  1.9786362d-05 -1.0637460d-05 -5.5011635d-06 -2.5260979d-06 -9.3483165d-07
  2  1.1440575d-04 -6.1735830d-05 -3.1934895d-05 -1.4635842d-05 -5.4190325d-06
  3  5.2104196d-04 -2.8203583d-04 -1.4611850d-04 -6.7151713d-05 -2.4850642d-05
  4  2.0706668d-03 -1.1267460d-03 -5.8399205d-04 -2.6769471d-04 -9.9132749d-05
  5  7.3987899d-03 -4.0499705d-03 -2.1042398d-03 -9.6794488d-04 -3.5823429d-04
  6  2.3729629d-02 -1.3151130d-02 -6.8471123d-03 -3.1415080d-03 -1.1636761d-03
  7  6.6993156d-02 -3.7893307d-02 -1.9854470d-02 -9.1542770d-03 -3.3891634d-03
  8  1.5879507d-01 -9.3087047d-02 -4.9157527d-02 -2.2622502d-02 -8.3865581d-03
  9  2.9018593d-01 -1.7827357d-01 -9.5568716d-02 -4.4367884d-02 -1.6440422d-02
 10  3.4963702d-01 -2.1424324d-01 -1.1390409d-01 -5.2270408d-02 -1.9400534d-02
 11  2.2126897d-01 -1.1536729d-02  1.9364030d-02  1.1419843d-02  4.5413079d-03
 12  5.0328635d-02  4.1789237d-01  3.5178641d-01  1.8338277d-01  6.9316171d-02
 13  1.1828064d-03  5.0238293d-01  4.2710779d-01  2.1470113d-01  8.1436316d-02
 14  3.7189897d-04  1.7616372d-01 -1.8656816d-01 -1.4862454d-01 -6.1657584d-02
 15 -3.1841214d-04  1.1767393d-02 -6.8310375d-01 -5.7027605d-01 -2.3615507d-01
 16  1.2107858d-04  1.4033326d-03 -3.3849280d-01 -1.7779309d-01 -6.4941148d-02
 17 -5.1094183d-05 -6.6567081d-04 -3.3797734d-02  6.5181167d-01  3.7893908d-01
 18  2.9424909d-05  2.0119258d-04 -3.6861282d-04  5.4781275d-01  3.4356468d-01
 19 -1.1008637d-05 -1.0072991d-04  1.2668553d-05  7.3463888d-02 -3.7017382d-01
 20  4.9527282d-06  4.5244391d-05  2.4599766d-05 -4.4613928d-03 -6.6187713d-01
 21 -1.2990523d-06 -1.2159093d-05 -8.4024244d-06  9.6520718d-04 -2.0516124d-01
 *** Small Component ***
 22  3.4237524d-05 -1.8339652d-05 -9.4806766d-06 -4.3598304d-06 -1.6127919d-06
 23  1.6651063d-04 -8.9346122d-05 -4.6135160d-05 -2.1109950d-05 -7.8176956d-06
 24  5.9850694d-04 -3.2117273d-04 -1.6608500d-04 -7.6354887d-05 -2.8248266d-05
 25  1.8044159d-03 -9.7175111d-04 -5.0229398d-04 -2.2996851d-04 -8.5161999d-05
 26  4.7581784d-03 -2.5739998d-03 -1.3336760d-03 -6.1328062d-04 -2.2692493d-04
 27  1.1085519d-02 -6.0693802d-03 -3.1505011d-03 -1.4441045d-03 -5.3487391d-04
 28  2.2590953d-02 -1.2625611d-02 -6.5965955d-03 -3.0397811d-03 -1.1252244d-03
 29  3.8611867d-02 -2.2385749d-02 -1.1790773d-02 -5.4223183d-03 -2.0099341d-03
 30  5.1015767d-02 -3.1042709d-02 -1.6606713d-02 -7.7062320d-03 -2.8552272d-03
 31  4.4694815d-02 -2.7203589d-02 -1.4451936d-02 -6.6310786d-03 -2.4611046d-03
 32  2.0639269d-02 -1.2423785d-03  1.6437549d-03  9.8071807d-04  3.9140206d-04
 33  3.4177903d-03  2.7925351d-02  2.3456375d-02  1.2222211d-02  4.6193964d-03
 34  5.8507332d-05  2.4784574d-02  2.1039792d-02  1.0575943d-02  4.0114156d-03
 35  1.3852878d-05  6.3512771d-03 -6.6840490d-03 -5.3234027d-03 -2.2083728d-03
 36 -8.5885318d-06  3.1026250d-04 -1.7885816d-02 -1.4923885d-02 -6.1795751d-03
 37  2.4288676d-06  2.6096014d-05 -6.4517257d-03 -3.3898870d-03 -1.2387170d-03
 38 -7.4514071d-07 -8.6543356d-06 -4.5613490d-04  8.7959980d-03  5.1130610d-03
 39  3.0310786d-07  1.7502609d-06 -3.6347992d-06  5.1921460d-03  3.2560426d-03
 40 -7.7374193d-08 -5.5101271d-07  1.3756974d-07  4.5146573d-04 -2.2743299d-03
 41  2.4780460d-08  1.5553451d-07  7.4452533d-08 -1.8459535d-05 -2.7365732d-03
 42 -4.6093343d-09 -2.2805652d-08 -1.4263105d-08  2.5386280d-06 -5.3887254d-04
         3D-            4D-            5D-    
    -1.2131524d+02 -2.4418272d+01 -3.1171673d+00
     ------------   ------------   ------------
 *** Large Component ***
  1  1.0549012d-04  5.7655625d-05  2.3821670d-05
  2  5.6616441d-04  3.1058035d-04  1.2864028d-04
  3  2.6801316d-03  1.4724038d-03  6.0866054d-04
  4  1.1555191d-02  6.4054900d-03  2.6597213d-03
  5  4.2510215d-02  2.3751595d-02  9.8538210d-03
  6  1.2487335d-01  7.1226394d-02  2.9761734d-02
  7  2.6928935d-01  1.5395944d-01  6.4152484d-02
  8  3.8069369d-01  2.0484526d-01  8.4528942d-02
  9  2.8675645d-01  3.7449578d-02 -9.9005328d-04
 10  8.9441326d-02 -3.4327204d-01 -1.8876774d-01
 11  7.1354731d-03 -5.0408557d-01 -2.7174013d-01
 12  6.0377359d-04 -2.4309663d-01  4.2902450d-02
 13 -1.5022414d-04 -3.0661242d-02  4.9924857d-01
 14  6.5318598d-05 -1.8317267d-04  4.7750073d-01
 15 -1.4960305d-05  9.4485001d-05  1.3175280d-01
 *** Small Component ***
 16  4.1071651d-05  2.2436715d-05  9.2481667d-06
 17  2.3680803d-04  1.3028025d-04  5.4065028d-05
 18  1.0012839d-03  5.5029845d-04  2.2735487d-04
 19  3.3992209d-03  1.8857943d-03  7.8337992d-04
 20  9.2512163d-03  5.1696953d-03  2.1445332d-03
 21  1.9662126d-02  1.1219335d-02  4.6886577d-03
 22  3.0631541d-02  1.7528113d-02  7.3046888d-03
 23  3.1371729d-02  1.6911726d-02  6.9822278d-03
 24  1.7166070d-02  2.2694042d-03 -4.5594608d-05
 25  3.8377628d-03 -1.4929306d-02 -8.2077462d-03
 26  1.9283339d-04 -1.5797449d-02 -8.5174165d-03
 27 -5.0793792d-07 -5.4544336d-03  9.6020367d-04
 28 -8.8897048d-06 -4.7994929d-04  7.8684080d-03
 29 -1.5714496d-06 -7.0347297d-07  5.1761607d-03
 30 -1.5821596d-06  1.5094008d-06  9.3603585d-04
         3D+            4D+            5D+    
    -1.1595851d+02 -2.3159901d+01 -2.9022439d+00
     ------------   ------------   ------------
 *** Large Component ***
  1  7.3835722d-05  4.0549112d-05  1.6673022d-05
  2  6.7347029d-04  3.7044082d-04  1.5200800d-04
  3  4.0517387d-03  2.2400109d-03  9.2197648d-04
  4  1.8338255d-02  1.0209936d-02  4.2016172d-03
  5  6.4032099d-02  3.6169972d-02  1.4954805d-02
  6  1.6919319d-01  9.7243569d-02  4.0285182d-02
  7  3.1449785d-01  1.7954974d-01  7.4477671d-02
  8  3.6707881d-01  1.7972577d-01  7.0720977d-02
  9  2.1723288d-01 -7.0442089d-02 -5.2567890d-02
 10  5.0070578d-02 -4.2087831d-01 -2.2821438d-01
 11  2.6454669d-03 -4.5336243d-01 -2.2675878d-01
 12  3.9812421d-04 -1.6959604d-01  1.4840050d-01
 13 -1.0179955d-04 -1.5071918d-02  5.1991366d-01
 14  3.8088135d-05 -4.2564049d-04  4.1580862d-01
 15 -7.7764371d-06  1.8088304d-04  1.0082953d-01
 *** Small Component ***
 16  6.6544787d-05  3.6457847d-05  1.4989838d-05
 17  3.9228745d-04  2.1516149d-04  8.8221706d-05
 18  1.5853292d-03  8.7397189d-04  3.5953315d-04
 19  4.9611202d-03  2.7547851d-03  1.1329875d-03
 20  1.2223922d-02  6.8882465d-03  2.8466105d-03
 21  2.3161842d-02  1.3284484d-02  5.5010394d-03
 22  3.1203860d-02  1.7786524d-02  7.3757158d-03
 23  2.6647336d-02  1.3041547d-02  5.1328494d-03
 24  1.1564123d-02 -3.7143674d-03 -2.7765458d-03
 25  1.9405265d-03 -1.6262487d-02 -8.8150874d-03
 26  7.4737425d-05 -1.2745002d-02 -6.3734844d-03
 27  7.9530340d-06 -3.4333278d-03  3.0006487d-03
 28 -1.4068080d-06 -2.1617481d-04  7.4541130d-03
 29  3.5660142d-07 -4.2515150d-06  4.1366823d-03
 30 -4.4650011d-08  1.1943857d-06  6.6316267d-04
         4F-    
    -1.1355240d+01
     ------------
 *** Large Component ***
  1  1.9178176d-04
  2  1.7882132d-03
  3  1.0560255d-02
  4  4.2677800d-02
  5  1.2238108d-01
  6  2.4907190d-01
  7  3.4678763d-01
  8  3.2207523d-01
  9  1.6971498d-01
 10  3.4061866d-02
 *** Small Component ***
 11  6.4937051d-05
 12  4.2854393d-04
 13  1.7533941d-03
 14  5.0093693d-03
 15  1.0289433d-02
 16  1.5189150d-02
 17  1.5369857d-02
 18  1.0326055d-02
 19  3.8730457d-03
 20  5.2968827d-04
         4F+    
    -1.1045843d+01
     ------------
 *** Large Component ***
  1  1.9999592d-04
  2  2.0117324d-03
  3  1.1810813d-02
  4  4.6293475d-02
  5  1.2932146d-01
  6  2.5447551d-01
  7  3.4648454d-01
  8  3.1437675d-01
  9  1.6152082d-01
 10  3.1515824d-02
 *** Small Component ***
 11  7.7496510d-05
 12  4.8463552d-04
 13  1.9127758d-03
 14  5.2575691d-03
 15  1.0522484d-02
 16  1.5049213d-02
 17  1.4912888d-02
 18  9.8110234d-03
 19  3.5948986d-03
 20  4.7999131d-04

* Radial Moments
Sym Orb <r**-2>     <r**-1>     <r** 1>     <r** 2>     <r** 3>     <r** 4>
S+   1 3.39771d+04 1.13397d+02 1.45650d-02 2.96337d-04 7.74903d-06 2.47783d-07
     2 5.19563d+03 2.84184d+01 6.04335d-02 4.39536d-03 3.65784d-04 3.43581d-05
     3 1.21619d+03 1.03946d+01 1.57010d-01 2.83684d-02 5.64167d-03 1.22290d-03
     4 3.22305d+02 4.42785d+00 3.43455d-01 1.33214d-01 5.61323d-02 2.54600d-02
     5 7.48944d+01 1.89649d+00 7.37268d-01 6.07152d-01 5.41680d-01 5.19774d-01
     6 1.34874d+01 7.67254d-01 1.70441d+00 3.25039d+00 6.78030d+00 1.54004d+01
     7 1.20199d+00 2.46603d-01 5.03385d+00 2.87116d+01 1.82659d+02 1.28788d+03
P-   1 1.64593d+03 2.83276d+01 4.92795d-02 3.06423d-03 2.29145d-04 2.00229d-05
     2 3.97257d+02 1.02901d+01 1.48044d-01 2.56621d-02 4.95007d-03 1.05106d-03
     3 1.04174d+02 4.31643d+00 3.43044d-01 1.33954d-01 5.71246d-02 2.63690d-02
     4 2.29718d+01 1.78539d+00 7.73427d-01 6.71466d-01 6.35056d-01 6.50455d-01
     5 3.64031d+00 6.74916d-01 1.92088d+00 4.14968d+00 9.86231d+00 2.56154d+01
P+   1 6.41991d+02 2.16358d+01 5.89277d-02 4.23195d-03 3.59192d-04 3.52372d-05
     2 1.57803d+02 8.53549d+00 1.65413d-01 3.18192d-02 6.79096d-03 1.59060d-03
     3 4.23131d+01 3.73423d+00 3.77109d-01 1.61577d-01 7.55637d-02 3.82246d-02
     4 9.47371d+00 1.57761d+00 8.50184d-01 8.11051d-01 8.43240d-01 9.49648d-01
     5 1.44349d+00 5.87737d-01 2.17194d+00 5.32784d+00 1.44926d+01 4.35726d+01
D-   1 8.91500d+01 8.41766d+00 1.43277d-01 2.40998d-02 4.66889d-03 1.02691d-03
     2 2.27852d+01 3.54231d+00 3.76756d-01 1.63659d-01 7.87504d-02 4.15740d-02
     3 4.31126d+00 1.34477d+00 9.78810d-01 1.09065d+00 1.34825d+00 1.84041d+00
D+   1 7.98004d+01 8.04719d+00 1.48474d-01 2.57529d-02 5.13006d-03 1.15816d-03
     2 2.04139d+01 3.41334d+00 3.87463d-01 1.72854d-01 8.53859d-02 4.62608d-02
     3 3.84408d+00 1.29690d+00 1.00919d+00 1.15922d+00 1.47802d+00 2.08266d+00
F-   1 1.18113d+01 3.11258d+00 3.84171d-01 1.73751d-01 9.13022d-02 5.51047d-02
F+   1 1.14112d+01 3.06407d+00 3.89661d-01 1.78608d-01 9.50794d-02 5.81229d-02

