H:cc-pVDZ:(4s1p) -> [2s1p]
1
S 4 2
1.301000E+01 1.968500E-02 0.000000E+00
1.962000E+00 1.379770E-01 0.000000E+00
4.446000E-01 4.781480E-01 0.000000E+00
1.220000E-01 5.012400E-01 1.000000E+00
P 1 1
7.270000E-01 1.000000E+00


H:cc-pVTZ:(5s2p1d) -> [3s2p1d]
2
S 5 3
3.387000E+01 6.068000E-03 0.000000E+00 0.000000E+00
5.095000E+00 4.530800E-02 0.000000E+00 0.000000E+00
1.159000E+00 2.028220E-01 0.000000E+00 0.000000E+00
3.258000E-01 5.039030E-01 1.000000E+00 0.000000E+00
1.027000E-01 3.834210E-01 0.000000E+00 1.000000E+00
P 2 2
1.407000E+00 1.000000E+00 0.000000E+00
3.880000E-01 0.000000E+00 1.000000E+00
D 1 1
1.057000E+00 1.000000E+00


H:cc-pVQZ:(6s3p2d1f) -> [4s3p2d1f]
3
S 6 4
8.264000E+01 2.006000E-03 0.000000E+00 0.000000E+00 0.000000E+00
1.241000E+01 1.534300E-02 0.000000E+00 0.000000E+00 0.000000E+00
2.824000E+00 7.557900E-02 0.000000E+00 0.000000E+00 0.000000E+00
7.977000E-01 2.568750E-01 1.000000E+00 0.000000E+00 0.000000E+00
2.581000E-01 4.973680E-01 0.000000E+00 1.000000E+00 0.000000E+00
8.989000E-02 2.961330E-01 0.000000E+00 0.000000E+00 1.000000E+00
P 3 3
2.292000E+00 1.000000E+00 0.000000E+00 0.000000E+00
8.380000E-01 0.000000E+00 1.000000E+00 0.000000E+00
2.920000E-01 0.000000E+00 0.000000E+00 1.000000E+00
D 2 2
2.062000E+00 1.000000E+00 0.000000E+00
6.620000E-01 0.000000E+00 1.000000E+00
F 1 1
1.397000E+00 1.000000E+00

H:cc-pV5Z:(8s4p3d2f1g) -> [5s4p3d2f1g]
4
S 8 5
4.020000E+02 2.790000E-04 0.000000E+00 0.000000E+00 0.000000E+00 0.000000E+00
6.024000E+01 2.165000E-03 0.000000E+00 0.000000E+00 0.000000E+00 0.000000E+00
1.373000E+01 1.120100E-02 0.000000E+00 0.000000E+00 0.000000E+00 0.000000E+00
3.905000E+00 4.487800E-02 0.000000E+00 0.000000E+00 0.000000E+00 0.000000E+00
1.283000E+00 1.422990E-01 1.000000E+00 0.000000E+00 0.000000E+00 0.000000E+00
4.655000E-01 3.309790E-01 0.000000E+00 1.000000E+00 0.000000E+00 0.000000E+00
1.811000E-01 4.362690E-01 0.000000E+00 0.000000E+00 1.000000E+00 0.000000E+00
7.279000E-02 1.764400E-01 0.000000E+00 0.000000E+00 0.000000E+00 1.000000E+00
P 4 4
4.516000E+00 1.000000E+00 0.000000E+00 0.000000E+00 0.000000E+00
1.712000E+00 0.000000E+00 1.000000E+00 0.000000E+00 0.000000E+00
6.490000E-01 0.000000E+00 0.000000E+00 1.000000E+00 0.000000E+00
2.460000E-01 0.000000E+00 0.000000E+00 0.000000E+00 1.000000E+00
D 3 3
2.950000E+00 1.000000E+00 0.000000E+00 0.000000E+00
1.206000E+00 0.000000E+00 1.000000E+00 0.000000E+00
4.930000E-01 0.000000E+00 0.000000E+00 1.000000E+00
F 2 2
2.506000E+00 1.000000E+00 0.000000E+00
8.750000E-01 0.000000E+00 1.000000E+00
G 1 1
2.358000E+00 1.000000E+00

H:cc-pV6Z:(10s5p4d3f2g1h) -> [6s5p4d3f2g1h]
5
S 10 6
1.776776E+03 4.400000E-05 0.000000E+00 0.000000E+00 0.000000E+00 0.000000E+00 0.000000E+00
2.540177E+02 3.720000E-04 0.000000E+00 0.000000E+00 0.000000E+00 0.000000E+00 0.000000E+00
5.469804E+01 2.094000E-03 0.000000E+00 0.000000E+00 0.000000E+00 0.000000E+00 0.000000E+00
1.501834E+01 8.863000E-03 0.000000E+00 0.000000E+00 0.000000E+00 0.000000E+00 0.000000E+00
4.915078E+00 3.054000E-02 0.000000E+00 0.000000E+00 0.000000E+00 0.000000E+00 0.000000E+00
1.794924E+00 9.034200E-02 1.000000E+00 0.000000E+00 0.000000E+00 0.000000E+00 0.000000E+00
7.107160E-01 2.132390E-01 0.000000E+00 1.000000E+00 0.000000E+00 0.000000E+00 0.000000E+00
3.048020E-01 3.523500E-01 0.000000E+00 0.000000E+00 1.000000E+00 0.000000E+00 0.000000E+00
1.380460E-01 3.396570E-01 0.000000E+00 0.000000E+00 0.000000E+00 1.000000E+00 0.000000E+00
6.215700E-02 1.073300E-01 0.000000E+00 0.000000E+00 0.000000E+00 0.000000E+00 1.000000E+00
P 5 5
8.649000E+00 1.000000E+00 0.000000E+00 0.000000E+00 0.000000E+00 0.000000E+00
3.430000E+00 0.000000E+00 1.000000E+00 0.000000E+00 0.000000E+00 0.000000E+00
1.360000E+00 0.000000E+00 0.000000E+00 1.000000E+00 0.000000E+00 0.000000E+00
5.390000E-01 0.000000E+00 0.000000E+00 0.000000E+00 1.000000E+00 0.000000E+00
2.140000E-01 0.000000E+00 0.000000E+00 0.000000E+00 0.000000E+00 1.000000E+00
D 4 4
4.453000E+00 1.000000E+00 0.000000E+00 0.000000E+00 0.000000E+00
1.958000E+00 0.000000E+00 1.000000E+00 0.000000E+00 0.000000E+00
8.610000E-01 0.000000E+00 0.000000E+00 1.000000E+00 0.000000E+00
3.780000E-01 0.000000E+00 0.000000E+00 0.000000E+00 1.000000E+00
F 3 3
4.100000E+00 1.000000E+00 0.000000E+00 0.000000E+00
1.780000E+00 0.000000E+00 1.000000E+00 0.000000E+00
7.730000E-01 0.000000E+00 0.000000E+00 1.000000E+00
G 2 2
3.199000E+00 1.000000E+00 0.000000E+00
1.326000E+00 0.000000E+00 1.000000E+00
H 1 1
2.653000E+00 1.000000E+00

H:cc-pVDZ-F12:( 5s 2p ) -> [ 3s 2p ]
1
S 5 3
3.387000E+01 6.068000E-03 0.000000E+00 0.000000E+00
5.095000E+00 4.530800E-02 0.000000E+00 0.000000E+00
1.159000E+00 2.028220E-01 0.000000E+00 0.000000E+00
3.258000E-01 5.039030E-01 1.000000E+00 0.000000E+00
1.027000E-01 3.834210E-01 0.000000E+00 1.000000E+00
P 2 2
1.104600E+00 1.000000E+00 0.000000E+00
2.845000E-01 0.000000E+00 1.000000E+00

H:cc-pVTZ-F12:( 6s 3p 1d ) -> [ 4s 3p 1d ]
2
S 6 4
8.264000E+01 2.006000E-03 0.000000E+00 0.000000E+00 0.000000E+00
1.241000E+01 1.534300E-02 0.000000E+00 0.000000E+00 0.000000E+00
2.824000E+00 7.557900E-02 0.000000E+00 0.000000E+00 0.000000E+00
7.977000E-01 2.568750E-01 1.000000E+00 0.000000E+00 0.000000E+00
2.581000E-01 4.973680E-01 0.000000E+00 1.000000E+00 0.000000E+00
8.989000E-02 2.961330E-01 0.000000E+00 0.000000E+00 1.000000E+00
P 3 3
1.551300E+00 1.000000E+00 0.000000E+00 0.000000E+00
5.580000E-01 0.000000E+00 1.000000E+00 0.000000E+00
2.007000E-01 0.000000E+00 0.000000E+00 1.000000E+00
D 1 1
4.648000E-01 1.000000E+00

H:cc-pVQZ-F12:( 8s 4p 2d 1f ) -> [ 5s 4p 2d 1f ]
3
S 8 5
4.020000E+02 2.790000E-04 0.000000E+00 0.000000E+00 0.000000E+00 0.000000E+00
6.024000E+01 2.165000E-03 0.000000E+00 0.000000E+00 0.000000E+00 0.000000E+00
1.373000E+01 1.120100E-02 0.000000E+00 0.000000E+00 0.000000E+00 0.000000E+00
3.905000E+00 4.487800E-02 0.000000E+00 0.000000E+00 0.000000E+00 0.000000E+00
1.283000E+00 1.422990E-01 1.000000E+00 0.000000E+00 0.000000E+00 0.000000E+00
4.655000E-01 3.309790E-01 0.000000E+00 1.000000E+00 0.000000E+00 0.000000E+00
1.811000E-01 4.362690E-01 0.000000E+00 0.000000E+00 1.000000E+00 0.000000E+00
7.279000E-02 1.764400E-01 0.000000E+00 0.000000E+00 0.000000E+00 1.000000E+00
P 4 4
3.259900E+00 1.000000E+00 0.000000E+00 0.000000E+00 0.000000E+00
1.238900E+00 0.000000E+00 1.000000E+00 0.000000E+00 0.000000E+00
4.708000E-01 0.000000E+00 0.000000E+00 1.000000E+00 0.000000E+00
1.789000E-01 0.000000E+00 0.000000E+00 0.000000E+00 1.000000E+00
D 2 2
1.111100E+00 1.000000E+00 0.000000E+00
3.501000E-01 0.000000E+00 1.000000E+00
F 1 1
4.796000E-01 1.000000E+00

H:cc-pVDZ-F12_MP2FIT:(6s4p2d1f) -> [6s4p2d1f]
3
S 6 6
1.816000E+01 1.000000E+00 0.000000E+00 0.000000E+00 0.000000E+00 0.000000E+00 0.000000E+00
4.483460E+00 0.000000E+00 1.000000E+00 0.000000E+00 0.000000E+00 0.000000E+00 0.000000E+00
1.460010E+00 0.000000E+00 0.000000E+00 1.000000E+00 0.000000E+00 0.000000E+00 0.000000E+00
5.982080E-01 0.000000E+00 0.000000E+00 0.000000E+00 1.000000E+00 0.000000E+00 0.000000E+00
2.618170E-01 0.000000E+00 0.000000E+00 0.000000E+00 0.000000E+00 1.000000E+00 0.000000E+00
1.348240E-01 0.000000E+00 0.000000E+00 0.000000E+00 0.000000E+00 0.000000E+00 1.000000E+00
P 4 4
5.407760E+00 1.000000E+00 0.000000E+00 0.000000E+00 0.000000E+00
1.633820E+00 0.000000E+00 1.000000E+00 0.000000E+00 0.000000E+00
7.153050E-01 0.000000E+00 0.000000E+00 1.000000E+00 0.000000E+00
4.285320E-01 0.000000E+00 0.000000E+00 0.000000E+00 1.000000E+00
D 2 2
2.075310E+00 1.000000E+00 0.000000E+00
5.975660E-01 0.000000E+00 1.000000E+00
F 1 1
5.487760E-01 1.000000E+00

H:cc-pVTZ-F12_MP2FIT:(7s5p3d2f1g) -> [7s5p3d2f1g]
4
S 7 7
2.560370E+01 1.000000E+00 0.000000E+00 0.000000E+00 0.000000E+00 0.000000E+00 0.000000E+00 0.000000E+00
5.307270E+00 0.000000E+00 1.000000E+00 0.000000E+00 0.000000E+00 0.000000E+00 0.000000E+00 0.000000E+00
2.036160E+00 0.000000E+00 0.000000E+00 1.000000E+00 0.000000E+00 0.000000E+00 0.000000E+00 0.000000E+00
1.234080E+00 0.000000E+00 0.000000E+00 0.000000E+00 1.000000E+00 0.000000E+00 0.000000E+00 0.000000E+00
6.871960E-01 0.000000E+00 0.000000E+00 0.000000E+00 0.000000E+00 1.000000E+00 0.000000E+00 0.000000E+00
3.623260E-01 0.000000E+00 0.000000E+00 0.000000E+00 0.000000E+00 0.000000E+00 1.000000E+00 0.000000E+00
2.071150E-01 0.000000E+00 0.000000E+00 0.000000E+00 0.000000E+00 0.000000E+00 0.000000E+00 1.000000E+00
P 5 5
6.586440E+00 1.000000E+00 0.000000E+00 0.000000E+00 0.000000E+00 0.000000E+00
2.533280E+00 0.000000E+00 1.000000E+00 0.000000E+00 0.000000E+00 0.000000E+00
1.798900E+00 0.000000E+00 0.000000E+00 1.000000E+00 0.000000E+00 0.000000E+00
7.650880E-01 0.000000E+00 0.000000E+00 0.000000E+00 1.000000E+00 0.000000E+00
3.500960E-01 0.000000E+00 0.000000E+00 0.000000E+00 0.000000E+00 1.000000E+00
D 3 3
2.263400E+00 1.000000E+00 0.000000E+00 0.000000E+00
7.512480E-01 0.000000E+00 1.000000E+00 0.000000E+00
2.624690E-01 0.000000E+00 0.000000E+00 1.000000E+00
F 2 2
1.779300E+00 1.000000E+00 0.000000E+00
8.733920E-01 0.000000E+00 1.000000E+00
G 1 1
1.186320E+00 1.000000E+00

H:cc-pVQZ-F12_MP2FIT:(8s6p4d3f2g1h) -> [8s6p4d3f2g1h]
5
S 8 8
9.713130E+01 1.000000E+00 0.000000E+00 0.000000E+00 0.000000E+00 0.000000E+00 0.000000E+00 0.000000E+00 0.000000E+00
1.893660E+01 0.000000E+00 1.000000E+00 0.000000E+00 0.000000E+00 0.000000E+00 0.000000E+00 0.000000E+00 0.000000E+00
5.433230E+00 0.000000E+00 0.000000E+00 1.000000E+00 0.000000E+00 0.000000E+00 0.000000E+00 0.000000E+00 0.000000E+00
1.938230E+00 0.000000E+00 0.000000E+00 0.000000E+00 1.000000E+00 0.000000E+00 0.000000E+00 0.000000E+00 0.000000E+00
1.273240E+00 0.000000E+00 0.000000E+00 0.000000E+00 0.000000E+00 1.000000E+00 0.000000E+00 0.000000E+00 0.000000E+00
6.862960E-01 0.000000E+00 0.000000E+00 0.000000E+00 0.000000E+00 0.000000E+00 1.000000E+00 0.000000E+00 0.000000E+00
3.344500E-01 0.000000E+00 0.000000E+00 0.000000E+00 0.000000E+00 0.000000E+00 0.000000E+00 1.000000E+00 0.000000E+00
1.429990E-01 0.000000E+00 0.000000E+00 0.000000E+00 0.000000E+00 0.000000E+00 0.000000E+00 0.000000E+00 1.000000E+00
P 6 6
1.079190E+01 1.000000E+00 0.000000E+00 0.000000E+00 0.000000E+00 0.000000E+00 0.000000E+00
3.943920E+00 0.000000E+00 1.000000E+00 0.000000E+00 0.000000E+00 0.000000E+00 0.000000E+00
1.737290E+00 0.000000E+00 0.000000E+00 1.000000E+00 0.000000E+00 0.000000E+00 0.000000E+00
7.238210E-01 0.000000E+00 0.000000E+00 0.000000E+00 1.000000E+00 0.000000E+00 0.000000E+00
3.579070E-01 0.000000E+00 0.000000E+00 0.000000E+00 0.000000E+00 1.000000E+00 0.000000E+00
1.760460E-01 0.000000E+00 0.000000E+00 0.000000E+00 0.000000E+00 0.000000E+00 1.000000E+00
D 4 4
3.831630E+00 1.000000E+00 0.000000E+00 0.000000E+00 0.000000E+00
1.548550E+00 0.000000E+00 1.000000E+00 0.000000E+00 0.000000E+00
6.693950E-01 0.000000E+00 0.000000E+00 1.000000E+00 0.000000E+00
4.279490E-01 0.000000E+00 0.000000E+00 0.000000E+00 1.000000E+00
F 3 3
3.880630E+00 1.000000E+00 0.000000E+00 0.000000E+00
1.538820E+00 0.000000E+00 1.000000E+00 0.000000E+00
7.066550E-01 0.000000E+00 0.000000E+00 1.000000E+00
G 2 2
3.071320E+00 1.000000E+00 0.000000E+00
8.983620E-01 0.000000E+00 1.000000E+00
H 1 1
8.074910E-01 1.000000E+00

H:aug-cc-pVDZ:(5s2p) -> [3s2p]
1
S 5 3
1.301000E+01 1.968500E-02 0.000000E+00 0.000000E+00
1.962000E+00 1.379770E-01 0.000000E+00 0.000000E+00
4.446000E-01 4.781480E-01 0.000000E+00 0.000000E+00
1.220000E-01 5.012400E-01 1.000000E+00 0.000000E+00
2.974000E-02 0.000000E+00 0.000000E+00 1.000000E+00
P 2 2
7.270000E-01 1.000000E+00 0.000000E+00
1.410000E-01 0.000000E+00 1.000000E+00

H:aug-cc-pVTZ:(6s3p2d) -> [4s3p2d]
2
S 6 4
3.387000E+01 6.068000E-03 0.000000E+00 0.000000E+00 0.000000E+00
5.095000E+00 4.530800E-02 0.000000E+00 0.000000E+00 0.000000E+00
1.159000E+00 2.028220E-01 0.000000E+00 0.000000E+00 0.000000E+00
3.258000E-01 5.039030E-01 1.000000E+00 0.000000E+00 0.000000E+00
1.027000E-01 3.834210E-01 0.000000E+00 1.000000E+00 0.000000E+00
2.526000E-02 0.000000E+00 0.000000E+00 0.000000E+00 1.000000E+00
P 3 3
1.407000E+00 1.000000E+00 0.000000E+00 0.000000E+00
3.880000E-01 0.000000E+00 1.000000E+00 0.000000E+00
1.020000E-01 0.000000E+00 0.000000E+00 1.000000E+00
D 2 2
1.057000E+00 1.000000E+00 0.000000E+00
2.470000E-01 0.000000E+00 1.000000E+00

H:aug-cc-pVQZ:(7s4p3d2f) -> [5s4p3d2f]
3
S 7 5
8.264000E+01 2.006000E-03 0.000000E+00 0.000000E+00 0.000000E+00 0.000000E+00
1.241000E+01 1.534300E-02 0.000000E+00 0.000000E+00 0.000000E+00 0.000000E+00
2.824000E+00 7.557900E-02 0.000000E+00 0.000000E+00 0.000000E+00 0.000000E+00
7.977000E-01 2.568750E-01 1.000000E+00 0.000000E+00 0.000000E+00 0.000000E+00
2.581000E-01 4.973680E-01 0.000000E+00 1.000000E+00 0.000000E+00 0.000000E+00
8.989000E-02 2.961330E-01 0.000000E+00 0.000000E+00 1.000000E+00 0.000000E+00
2.363000E-02 0.000000E+00 0.000000E+00 0.000000E+00 0.000000E+00 1.000000E+00
P 4 4
2.292000E+00 1.000000E+00 0.000000E+00 0.000000E+00 0.000000E+00
8.380000E-01 0.000000E+00 1.000000E+00 0.000000E+00 0.000000E+00
2.920000E-01 0.000000E+00 0.000000E+00 1.000000E+00 0.000000E+00
8.480000E-02 0.000000E+00 0.000000E+00 0.000000E+00 1.000000E+00
D 3 3
2.062000E+00 1.000000E+00 0.000000E+00 0.000000E+00
6.620000E-01 0.000000E+00 1.000000E+00 0.000000E+00
1.900000E-01 0.000000E+00 0.000000E+00 1.000000E+00
F 2 2
1.397000E+00 1.000000E+00 0.000000E+00
3.600000E-01 0.000000E+00 1.000000E+00

H:aug-cc-pV5Z:(9s5p4d3f2g) -> [6s5p4d3f2g]
4
S 9 6
4.020000E+02 2.790000E-04 0.000000E+00 0.000000E+00 0.000000E+00 0.000000E+00 0.000000E+00
6.024000E+01 2.165000E-03 0.000000E+00 0.000000E+00 0.000000E+00 0.000000E+00 0.000000E+00
1.373000E+01 1.120100E-02 0.000000E+00 0.000000E+00 0.000000E+00 0.000000E+00 0.000000E+00
3.905000E+00 4.487800E-02 0.000000E+00 0.000000E+00 0.000000E+00 0.000000E+00 0.000000E+00
1.283000E+00 1.422990E-01 1.000000E+00 0.000000E+00 0.000000E+00 0.000000E+00 0.000000E+00
4.655000E-01 3.309790E-01 0.000000E+00 1.000000E+00 0.000000E+00 0.000000E+00 0.000000E+00
1.811000E-01 4.362690E-01 0.000000E+00 0.000000E+00 1.000000E+00 0.000000E+00 0.000000E+00
7.279000E-02 1.764400E-01 0.000000E+00 0.000000E+00 0.000000E+00 1.000000E+00 0.000000E+00
2.070000E-02 0.000000E+00 0.000000E+00 0.000000E+00 0.000000E+00 0.000000E+00 1.000000E+00
P 5 5
4.516000E+00 1.000000E+00 0.000000E+00 0.000000E+00 0.000000E+00 0.000000E+00
1.712000E+00 0.000000E+00 1.000000E+00 0.000000E+00 0.000000E+00 0.000000E+00
6.490000E-01 0.000000E+00 0.000000E+00 1.000000E+00 0.000000E+00 0.000000E+00
2.460000E-01 0.000000E+00 0.000000E+00 0.000000E+00 1.000000E+00 0.000000E+00
7.440000E-02 0.000000E+00 0.000000E+00 0.000000E+00 0.000000E+00 1.000000E+00
D 4 4
2.950000E+00 1.000000E+00 0.000000E+00 0.000000E+00 0.000000E+00
1.206000E+00 0.000000E+00 1.000000E+00 0.000000E+00 0.000000E+00
4.930000E-01 0.000000E+00 0.000000E+00 1.000000E+00 0.000000E+00
1.560000E-01 0.000000E+00 0.000000E+00 0.000000E+00 1.000000E+00
F 3 3
2.506000E+00 1.000000E+00 0.000000E+00 0.000000E+00
8.750000E-01 0.000000E+00 1.000000E+00 0.000000E+00
2.740000E-01 0.000000E+00 0.000000E+00 1.000000E+00
G 2 2
2.358000E+00 1.000000E+00 0.000000E+00
5.430000E-01 0.000000E+00 1.000000E+00

H:aug-cc-pV6Z:(11s6p5d4f3g2h) -> [7s6p5d4f3g2h]
5
S 11 7
1.776776E+03 4.400000E-05 0.000000E+00 0.000000E+00 0.000000E+00 0.000000E+00 0.000000E+00 0.000000E+00
2.540177E+02 3.720000E-04 0.000000E+00 0.000000E+00 0.000000E+00 0.000000E+00 0.000000E+00 0.000000E+00
5.469804E+01 2.094000E-03 0.000000E+00 0.000000E+00 0.000000E+00 0.000000E+00 0.000000E+00 0.000000E+00
1.501834E+01 8.863000E-03 0.000000E+00 0.000000E+00 0.000000E+00 0.000000E+00 0.000000E+00 0.000000E+00
4.915078E+00 3.054000E-02 0.000000E+00 0.000000E+00 0.000000E+00 0.000000E+00 0.000000E+00 0.000000E+00
1.794924E+00 9.034200E-02 1.000000E+00 0.000000E+00 0.000000E+00 0.000000E+00 0.000000E+00 0.000000E+00
7.107160E-01 2.132390E-01 0.000000E+00 1.000000E+00 0.000000E+00 0.000000E+00 0.000000E+00 0.000000E+00
3.048020E-01 3.523500E-01 0.000000E+00 0.000000E+00 1.000000E+00 0.000000E+00 0.000000E+00 0.000000E+00
1.380460E-01 3.396570E-01 0.000000E+00 0.000000E+00 0.000000E+00 1.000000E+00 0.000000E+00 0.000000E+00
6.215700E-02 1.073300E-01 0.000000E+00 0.000000E+00 0.000000E+00 0.000000E+00 1.000000E+00 0.000000E+00
1.890000E-02 0.000000E+00 0.000000E+00 0.000000E+00 0.000000E+00 0.000000E+00 0.000000E+00 1.000000E+00
P 6 6
8.649000E+00 1.000000E+00 0.000000E+00 0.000000E+00 0.000000E+00 0.000000E+00 0.000000E+00
3.430000E+00 0.000000E+00 1.000000E+00 0.000000E+00 0.000000E+00 0.000000E+00 0.000000E+00
1.360000E+00 0.000000E+00 0.000000E+00 1.000000E+00 0.000000E+00 0.000000E+00 0.000000E+00
5.390000E-01 0.000000E+00 0.000000E+00 0.000000E+00 1.000000E+00 0.000000E+00 0.000000E+00
2.140000E-01 0.000000E+00 0.000000E+00 0.000000E+00 0.000000E+00 1.000000E+00 0.000000E+00
6.700000E-02 0.000000E+00 0.000000E+00 0.000000E+00 0.000000E+00 0.000000E+00 1.000000E+00
D 5 5
4.453000E+00 1.000000E+00 0.000000E+00 0.000000E+00 0.000000E+00 0.000000E+00
1.958000E+00 0.000000E+00 1.000000E+00 0.000000E+00 0.000000E+00 0.000000E+00
8.610000E-01 0.000000E+00 0.000000E+00 1.000000E+00 0.000000E+00 0.000000E+00
3.780000E-01 0.000000E+00 0.000000E+00 0.000000E+00 1.000000E+00 0.000000E+00
1.260000E-01 0.000000E+00 0.000000E+00 0.000000E+00 0.000000E+00 1.000000E+00
F 4 4
4.100000E+00 1.000000E+00 0.000000E+00 0.000000E+00 0.000000E+00
1.780000E+00 0.000000E+00 1.000000E+00 0.000000E+00 0.000000E+00
7.730000E-01 0.000000E+00 0.000000E+00 1.000000E+00 0.000000E+00
2.450000E-01 0.000000E+00 0.000000E+00 0.000000E+00 1.000000E+00
G 3 3
3.199000E+00 1.000000E+00 0.000000E+00 0.000000E+00
1.326000E+00 0.000000E+00 1.000000E+00 0.000000E+00
4.070000E-01 0.000000E+00 0.000000E+00 1.000000E+00
H 2 2
2.653000E+00 1.000000E+00 0.000000E+00
6.820000E-01 0.000000E+00 1.000000E+00

H:cc-pVDZ-DK:(4s1p) -> [2s1p]
1
S 4 2
1.301000E+01 1.969770E-02 0.000000E+00
1.962000E+00 1.379911E-01 0.000000E+00
4.446000E-01 4.781418E-01 0.000000E+00
1.220000E-01 5.012326E-01 1.000000E+00
P 1 1
7.270000E-01 1.000000E+00

H:cc-pVTZ-DK:(5s2p1d) -> [3s2p1d]
2
S 5 3
3.387000E+01 6.077300E-03 0.000000E+00 0.000000E+00
5.095000E+00 4.531760E-02 0.000000E+00 0.000000E+00
1.159000E+00 2.028364E-01 0.000000E+00 0.000000E+00
3.258000E-01 5.038927E-01 1.000000E+00 0.000000E+00
1.027000E-01 3.834137E-01 0.000000E+00 1.000000E+00
P 2 2
1.407000E+00 1.000000E+00 0.000000E+00
3.880000E-01 0.000000E+00 1.000000E+00
D 1 1
1.057000E+00 1.000000E+00

H:cc-pVQZ-DK:(6s3p2d1f) -> [4s3p2d1f]
3
S 6 4
8.264000E+01 2.013100E-03 0.000000E+00 0.000000E+00 0.000000E+00
1.241000E+01 1.534990E-02 0.000000E+00 0.000000E+00 0.000000E+00
2.824000E+00 7.559200E-02 0.000000E+00 0.000000E+00 0.000000E+00
7.977000E-01 2.568657E-01 1.000000E+00 0.000000E+00 0.000000E+00
2.581000E-01 4.973715E-01 0.000000E+00 1.000000E+00 0.000000E+00
8.989000E-02 2.961277E-01 0.000000E+00 0.000000E+00 1.000000E+00
P 3 3
2.292000E+00 1.000000E+00 0.000000E+00 0.000000E+00
8.380000E-01 0.000000E+00 1.000000E+00 0.000000E+00
2.920000E-01 0.000000E+00 0.000000E+00 1.000000E+00
D 2 2
2.062000E+00 1.000000E+00 0.000000E+00
6.620000E-01 0.000000E+00 1.000000E+00
F 1 1
1.397000E+00 1.000000E+00

H:cc-pV5Z-DK:(8s4p3d2f1g) -> [5s4p3d2f1g]
4
S 8 5
4.020000E+02 2.836000E-04 0.000000E+00 0.000000E+00 0.000000E+00 0.000000E+00
6.024000E+01 2.169200E-03 0.000000E+00 0.000000E+00 0.000000E+00 0.000000E+00
1.373000E+01 1.120820E-02 0.000000E+00 0.000000E+00 0.000000E+00 0.000000E+00
3.905000E+00 4.488540E-02 0.000000E+00 0.000000E+00 0.000000E+00 0.000000E+00
1.283000E+00 1.423120E-01 1.000000E+00 0.000000E+00 0.000000E+00 0.000000E+00
4.655000E-01 3.309635E-01 0.000000E+00 1.000000E+00 0.000000E+00 0.000000E+00
1.811000E-01 4.362734E-01 0.000000E+00 0.000000E+00 1.000000E+00 0.000000E+00
7.279000E-02 1.764335E-01 0.000000E+00 0.000000E+00 0.000000E+00 1.000000E+00
P 4 4
4.516000E+00 1.000000E+00 0.000000E+00 0.000000E+00 0.000000E+00
1.712000E+00 0.000000E+00 1.000000E+00 0.000000E+00 0.000000E+00
6.490000E-01 0.000000E+00 0.000000E+00 1.000000E+00 0.000000E+00
2.460000E-01 0.000000E+00 0.000000E+00 0.000000E+00 1.000000E+00
D 3 3
2.950000E+00 1.000000E+00 0.000000E+00 0.000000E+00
1.206000E+00 0.000000E+00 1.000000E+00 0.000000E+00
4.930000E-01 0.000000E+00 0.000000E+00 1.000000E+00
F 2 2
2.506000E+00 1.000000E+00 0.000000E+00
8.750000E-01 0.000000E+00 1.000000E+00
G 1 1
2.358000E+00 1.000000E+00

H:cc-pVDZ-F12_OPTRI:( 3s 3p 2d ) -> [ 3s 3p 2d ]
2
S 3 3
2.296806E+00 1.000000E+00 0.000000E+00 0.000000E+00
7.866854E-01 0.000000E+00 1.000000E+00 0.000000E+00
1.569516E-01 0.000000E+00 0.000000E+00 1.000000E+00
P 3 3
5.313952E+00 1.000000E+00 0.000000E+00 0.000000E+00
1.654942E+00 0.000000E+00 1.000000E+00 0.000000E+00
7.362720E-01 0.000000E+00 0.000000E+00 1.000000E+00
D 2 2
1.661771E+00 1.000000E+00 0.000000E+00
4.585007E-01 0.000000E+00 1.000000E+00

H:cc-pVTZ-F12_OPTRI:( 3s 3p 3d 2f ) -> [ 3s 3p 3d 2f ]
3
S 3 3
2.017651E+00 1.000000E+00 0.000000E+00 0.000000E+00
4.616172E-01 0.000000E+00 1.000000E+00 0.000000E+00
1.346585E-01 0.000000E+00 0.000000E+00 1.000000E+00
P 3 3
9.439713E+00 1.000000E+00 0.000000E+00 0.000000E+00
1.033185E+00 0.000000E+00 1.000000E+00 0.000000E+00
3.718721E-01 0.000000E+00 0.000000E+00 1.000000E+00
D 3 3
2.230339E+00 1.000000E+00 0.000000E+00 0.000000E+00
7.029741E-01 0.000000E+00 1.000000E+00 0.000000E+00
3.089649E-01 0.000000E+00 0.000000E+00 1.000000E+00
F 2 2
1.867108E+00 1.000000E+00 0.000000E+00
7.387620E-01 0.000000E+00 1.000000E+00

H:cc-pVQZ-F12_OPTRI:( 3s 3p 3d 2f 1g ) -> [ 3s 3p 3d 2f 1g ]
4
S 3 3
4.503623E+00 1.000000E+00 0.000000E+00 0.000000E+00
7.095383E-01 0.000000E+00 1.000000E+00 0.000000E+00
2.728158E-01 0.000000E+00 0.000000E+00 1.000000E+00
P 3 3
5.737917E+00 1.000000E+00 0.000000E+00 0.000000E+00
1.867394E+00 0.000000E+00 1.000000E+00 0.000000E+00
7.057402E-01 0.000000E+00 0.000000E+00 1.000000E+00
D 3 3
5.156094E+00 1.000000E+00 0.000000E+00 0.000000E+00
1.672628E+00 0.000000E+00 1.000000E+00 0.000000E+00
5.278382E-01 0.000000E+00 0.000000E+00 1.000000E+00
F 2 2
2.077620E+00 1.000000E+00 0.000000E+00
1.039424E+00 0.000000E+00 1.000000E+00
G 1 1
1.260787E+00 1.000000E+00

H:aug-cc-pVDZ_OPTRI:( 3s 3p 2d ) -> [ 3s 3p 2d ]
2
S 3 3
1.320036E+00 1.000000E+00 0.000000E+00 0.000000E+00
2.865401E-01 0.000000E+00 1.000000E+00 0.000000E+00
8.139369E-02 0.000000E+00 0.000000E+00 1.000000E+00
P 3 3
2.667161E+00 1.000000E+00 0.000000E+00 0.000000E+00
1.251075E+00 0.000000E+00 1.000000E+00 0.000000E+00
2.732016E-01 0.000000E+00 0.000000E+00 1.000000E+00
D 2 2
2.604730E+00 1.000000E+00 0.000000E+00
7.576342E-01 0.000000E+00 1.000000E+00

H:aug-cc-pVTZ_OPTRI:( 3s 3p 2d 1f ) -> [ 3s 3p 2d 1f ]
3
S 3 3
1.747055E+00 1.000000E+00 0.000000E+00 0.000000E+00
4.888246E-01 0.000000E+00 1.000000E+00 0.000000E+00
2.076744E-01 0.000000E+00 0.000000E+00 1.000000E+00
P 3 3
4.837096E+00 1.000000E+00 0.000000E+00 0.000000E+00
2.114191E+00 0.000000E+00 1.000000E+00 0.000000E+00
7.026262E-01 0.000000E+00 0.000000E+00 1.000000E+00
D 2 2
1.784914E+00 1.000000E+00 0.000000E+00
6.175128E-01 0.000000E+00 1.000000E+00
F 1 1
1.918725E+00 1.000000E+00

H:aug-cc-pVQZ_OPTRI:( 4s 4p 3d 2f 2g ) -> [ 4s 4p 3d 2f 2g ]
4
S 4 4
7.744478E+00 1.000000E+00 0.000000E+00 0.000000E+00 0.000000E+00
2.171468E+00 0.000000E+00 1.000000E+00 0.000000E+00 0.000000E+00
4.626660E-01 0.000000E+00 0.000000E+00 1.000000E+00 0.000000E+00
1.722015E-01 0.000000E+00 0.000000E+00 0.000000E+00 1.000000E+00
P 4 4
1.109436E+01 1.000000E+00 0.000000E+00 0.000000E+00 0.000000E+00
7.317025E+00 0.000000E+00 1.000000E+00 0.000000E+00 0.000000E+00
1.259771E+00 0.000000E+00 0.000000E+00 1.000000E+00 0.000000E+00
5.442124E-01 0.000000E+00 0.000000E+00 0.000000E+00 1.000000E+00
D 3 3
3.086886E+00 1.000000E+00 0.000000E+00 0.000000E+00
1.146690E+00 0.000000E+00 1.000000E+00 0.000000E+00
4.119373E-01 0.000000E+00 0.000000E+00 1.000000E+00
F 2 2
2.250697E+00 1.000000E+00 0.000000E+00
7.980389E-01 0.000000E+00 1.000000E+00
G 2 2
2.069345E+00 1.000000E+00 0.000000E+00
1.030651E+00 0.000000E+00 1.000000E+00

H:aug-cc-pV5Z_OPTRI:( 4s 4p 3d 3f 2g 1h ) -> [ 4s 4p 3d 3f 2g 1h ]
5
S 4 4
7.257089E+00 1.000000E+00 0.000000E+00 0.000000E+00 0.000000E+00
2.242991E+00 0.000000E+00 1.000000E+00 0.000000E+00 0.000000E+00
8.543458E-01 0.000000E+00 0.000000E+00 1.000000E+00 0.000000E+00
3.066785E-01 0.000000E+00 0.000000E+00 0.000000E+00 1.000000E+00
P 4 4
2.263274E+01 1.000000E+00 0.000000E+00 0.000000E+00 0.000000E+00
6.794656E+00 0.000000E+00 1.000000E+00 0.000000E+00 0.000000E+00
2.624145E+00 0.000000E+00 0.000000E+00 1.000000E+00 0.000000E+00
9.777037E-01 0.000000E+00 0.000000E+00 0.000000E+00 1.000000E+00
D 3 3
4.580832E+00 1.000000E+00 0.000000E+00 0.000000E+00
1.868623E+00 0.000000E+00 1.000000E+00 0.000000E+00
7.406737E-01 0.000000E+00 0.000000E+00 1.000000E+00
F 3 3
3.758818E+00 1.000000E+00 0.000000E+00 0.000000E+00
1.313322E+00 0.000000E+00 1.000000E+00 0.000000E+00
5.827881E-01 0.000000E+00 0.000000E+00 1.000000E+00
G 2 2
3.525409E+00 1.000000E+00 0.000000E+00
1.260673E+00 0.000000E+00 1.000000E+00
H 1 1
2.510965E+00 1.000000E+00

H:cc-pVDZ-F12_OPTRIplus:(5s3p2d) -> [5s3p2d]
2
S 5 5
1.889582E+02 1.000000E+00 0.000000E+00 0.000000E+00 0.000000E+00 0.000000E+00
1.191395E+01 0.000000E+00 1.000000E+00 0.000000E+00 0.000000E+00 0.000000E+00
2.296806E+00 0.000000E+00 0.000000E+00 1.000000E+00 0.000000E+00 0.000000E+00
7.866854E-01 0.000000E+00 0.000000E+00 0.000000E+00 1.000000E+00 0.000000E+00
1.569516E-01 0.000000E+00 0.000000E+00 0.000000E+00 0.000000E+00 1.000000E+00
P 3 3
5.313952E+00 1.000000E+00 0.000000E+00 0.000000E+00
1.654942E+00 0.000000E+00 1.000000E+00 0.000000E+00
7.362720E-01 0.000000E+00 0.000000E+00 1.000000E+00
D 2 2
1.661771E+00 1.000000E+00 0.000000E+00
4.585007E-01 0.000000E+00 1.000000E+00

H:cc-pVTZ-F12_OPTRIplus:(5s3p3d2f) -> [5s3p3d2f]
3
S 5 5
5.542969E+02 1.000000E+00 0.000000E+00 0.000000E+00 0.000000E+00 0.000000E+00
1.637207E+02 0.000000E+00 1.000000E+00 0.000000E+00 0.000000E+00 0.000000E+00
2.017651E+00 0.000000E+00 0.000000E+00 1.000000E+00 0.000000E+00 0.000000E+00
4.616172E-01 0.000000E+00 0.000000E+00 0.000000E+00 1.000000E+00 0.000000E+00
1.346585E-01 0.000000E+00 0.000000E+00 0.000000E+00 0.000000E+00 1.000000E+00
P 3 3
9.439713E+00 1.000000E+00 0.000000E+00 0.000000E+00
1.033185E+00 0.000000E+00 1.000000E+00 0.000000E+00
3.718721E-01 0.000000E+00 0.000000E+00 1.000000E+00
D 3 3
2.230339E+00 1.000000E+00 0.000000E+00 0.000000E+00
7.029741E-01 0.000000E+00 1.000000E+00 0.000000E+00
3.089649E-01 0.000000E+00 0.000000E+00 1.000000E+00
F 2 2
1.867108E+00 1.000000E+00 0.000000E+00
7.387620E-01 0.000000E+00 1.000000E+00

H:cc-pVQZ-F12_OPTRIplus:(5s3p3d2f1g) -> [5s3p3d2f1g]
4
S 5 5
4.430420E+03 1.000000E+00 0.000000E+00 0.000000E+00 0.000000E+00 0.000000E+00
2.635645E+02 0.000000E+00 1.000000E+00 0.000000E+00 0.000000E+00 0.000000E+00
4.503623E+00 0.000000E+00 0.000000E+00 1.000000E+00 0.000000E+00 0.000000E+00
7.095383E-01 0.000000E+00 0.000000E+00 0.000000E+00 1.000000E+00 0.000000E+00
2.728158E-01 0.000000E+00 0.000000E+00 0.000000E+00 0.000000E+00 1.000000E+00
P 3 3
5.737917E+00 1.000000E+00 0.000000E+00 0.000000E+00
1.867394E+00 0.000000E+00 1.000000E+00 0.000000E+00
7.057402E-01 0.000000E+00 0.000000E+00 1.000000E+00
D 3 3
5.156094E+00 1.000000E+00 0.000000E+00 0.000000E+00
1.672628E+00 0.000000E+00 1.000000E+00 0.000000E+00
5.278382E-01 0.000000E+00 0.000000E+00 1.000000E+00
F 2 2
2.077620E+00 1.000000E+00 0.000000E+00
1.039424E+00 0.000000E+00 1.000000E+00
G 1 1
1.260787E+00 1.000000E+00

H:cc-pVTZ_JKFIT:(4s3p2d1f) -> [4s3p2d1f]
3
S 4 4
9.530249E+00 1.000000E+00 0.000000E+00 0.000000E+00 0.000000E+00
1.917451E+00 0.000000E+00 1.000000E+00 0.000000E+00 0.000000E+00
6.842405E-01 0.000000E+00 0.000000E+00 1.000000E+00 0.000000E+00
2.841326E-01 0.000000E+00 0.000000E+00 0.000000E+00 1.000000E+00
P 3 3
2.913323E+00 1.000000E+00 0.000000E+00 0.000000E+00
1.262121E+00 0.000000E+00 1.000000E+00 0.000000E+00
5.019978E-01 0.000000E+00 0.000000E+00 1.000000E+00
D 2 2
2.313533E+00 1.000000E+00 0.000000E+00
7.129072E-01 0.000000E+00 1.000000E+00
F 1 1
1.656573E+00 1.000000E+00

H:cc-pVQZ_JKFIT:(4s3p3d2f1g) -> [4s3p3d2f1g]
4
S 4 4
9.530249E+00 1.000000E+00 0.000000E+00 0.000000E+00 0.000000E+00
1.917451E+00 0.000000E+00 1.000000E+00 0.000000E+00 0.000000E+00
6.842405E-01 0.000000E+00 0.000000E+00 1.000000E+00 0.000000E+00
2.841326E-01 0.000000E+00 0.000000E+00 0.000000E+00 1.000000E+00
P 3 3
2.913323E+00 1.000000E+00 0.000000E+00 0.000000E+00
1.262121E+00 0.000000E+00 1.000000E+00 0.000000E+00
5.019978E-01 0.000000E+00 0.000000E+00 1.000000E+00
D 3 3
2.883208E+00 1.000000E+00 0.000000E+00 0.000000E+00
1.280170E+00 0.000000E+00 1.000000E+00 0.000000E+00
5.251132E-01 0.000000E+00 0.000000E+00 1.000000E+00
F 2 2
2.748945E+00 1.000000E+00 0.000000E+00
1.190089E+00 0.000000E+00 1.000000E+00
G 1 1
1.475266E+00 1.000000E+00

H:cc-pV5Z_JKFIT:(4s3p4d3f2g1h) -> [4s3p4d3f2g1h]
5
S 4 4
9.530249E+00 1.000000E+00 0.000000E+00 0.000000E+00 0.000000E+00
1.917451E+00 0.000000E+00 1.000000E+00 0.000000E+00 0.000000E+00
6.842405E-01 0.000000E+00 0.000000E+00 1.000000E+00 0.000000E+00
2.841326E-01 0.000000E+00 0.000000E+00 0.000000E+00 1.000000E+00
P 3 3
2.913323E+00 1.000000E+00 0.000000E+00 0.000000E+00
1.262121E+00 0.000000E+00 1.000000E+00 0.000000E+00
5.019978E-01 0.000000E+00 0.000000E+00 1.000000E+00
D 4 4
4.285584E+00 1.000000E+00 0.000000E+00 0.000000E+00 0.000000E+00
2.168909E+00 0.000000E+00 1.000000E+00 0.000000E+00 0.000000E+00
1.008790E+00 0.000000E+00 0.000000E+00 1.000000E+00 0.000000E+00
3.189863E-01 0.000000E+00 0.000000E+00 0.000000E+00 1.000000E+00
F 3 3
3.334503E+00 1.000000E+00 0.000000E+00 0.000000E+00
1.561723E+00 0.000000E+00 1.000000E+00 0.000000E+00
5.937834E-01 0.000000E+00 0.000000E+00 1.000000E+00
G 2 2
2.672239E+00 1.000000E+00 0.000000E+00
1.160262E+00 0.000000E+00 1.000000E+00
H 1 1
2.600473E+00 1.000000E+00

H:cc-pVDZ-X2C:(4s1p) -> [2s1p]
1
S 4 2
1.301000E+01 1.969800E-02 0.000000E+00
1.962000E+00 1.379910E-01 0.000000E+00
4.446000E-01 4.781540E-01 0.000000E+00
1.220000E-01 5.012200E-01 1.000000E+00
P 1 1
7.270000E-01 1.000000E+00

H:cc-pVTZ-X2C:(5s2p1d) -> [3s2p1d]
2
S 5 3
3.387000E+01 6.077290E-03 0.000000E+00 0.000000E+00
5.095000E+00 4.531800E-02 0.000000E+00 0.000000E+00
1.159000E+00 2.028360E-01 0.000000E+00 0.000000E+00
3.258000E-01 5.039020E-01 1.000000E+00 0.000000E+00
1.027000E-01 3.834040E-01 0.000000E+00 1.000000E+00
P 2 2
1.407000E+00 1.000000E+00 0.000000E+00
3.880000E-01 0.000000E+00 1.000000E+00
D 1 1
1.057000E+00 1.000000E+00

H:cc-pVQZ-X2C:(6s3p2d1f) -> [4s3p2d1f]
3
S 6 4
8.264000E+01 2.013060E-03 0.000000E+00 0.000000E+00 0.000000E+00
1.241000E+01 1.535050E-02 0.000000E+00 0.000000E+00 0.000000E+00
2.824000E+00 7.559140E-02 0.000000E+00 0.000000E+00 0.000000E+00
7.977000E-01 2.568850E-01 1.000000E+00 0.000000E+00 0.000000E+00
2.581000E-01 4.973620E-01 0.000000E+00 1.000000E+00 0.000000E+00
8.989000E-02 2.961180E-01 0.000000E+00 0.000000E+00 1.000000E+00
P 3 3
2.292000E+00 1.000000E+00 0.000000E+00 0.000000E+00
8.380000E-01 0.000000E+00 1.000000E+00 0.000000E+00
2.920000E-01 0.000000E+00 0.000000E+00 1.000000E+00
D 2 2
2.062000E+00 1.000000E+00 0.000000E+00
6.620000E-01 0.000000E+00 1.000000E+00
F 1 1
1.397000E+00 1.000000E+00

H:cc-pV5Z-X2C:(8s4p3d2f1g) -> [5s4p3d2f1g]
4
S 8 5
4.020000E+02 2.835420E-04 0.000000E+00 0.000000E+00 0.000000E+00 0.000000E+00
6.024000E+01 2.169330E-03 0.000000E+00 0.000000E+00 0.000000E+00 0.000000E+00
1.373000E+01 1.120810E-02 0.000000E+00 0.000000E+00 0.000000E+00 0.000000E+00
3.905000E+00 4.488650E-02 0.000000E+00 0.000000E+00 0.000000E+00 0.000000E+00
1.283000E+00 1.423100E-01 1.000000E+00 0.000000E+00 0.000000E+00 0.000000E+00
4.655000E-01 3.309830E-01 0.000000E+00 1.000000E+00 0.000000E+00 0.000000E+00
1.811000E-01 4.362580E-01 0.000000E+00 0.000000E+00 1.000000E+00 0.000000E+00
7.279000E-02 1.764310E-01 0.000000E+00 0.000000E+00 0.000000E+00 1.000000E+00
P 4 4
4.516000E+00 1.000000E+00 0.000000E+00 0.000000E+00 0.000000E+00
1.712000E+00 0.000000E+00 1.000000E+00 0.000000E+00 0.000000E+00
6.490000E-01 0.000000E+00 0.000000E+00 1.000000E+00 0.000000E+00
2.460000E-01 0.000000E+00 0.000000E+00 0.000000E+00 1.000000E+00
D 3 3
2.950000E+00 1.000000E+00 0.000000E+00 0.000000E+00
1.206000E+00 0.000000E+00 1.000000E+00 0.000000E+00
4.930000E-01 0.000000E+00 0.000000E+00 1.000000E+00
F 2 2
2.506000E+00 1.000000E+00 0.000000E+00
8.750000E-01 0.000000E+00 1.000000E+00
G 1 1
2.358000E+00 1.000000E+00

H:cc-pV6Z-X2C:(10s5p4d3f2g1h) -> [6s5p4d3f2g1h]
5
S 10 6
1.776776E+03 4.684980E-05 0.000000E+00 0.000000E+00 0.000000E+00 0.000000E+00 0.000000E+00
2.540177E+02 3.744960E-04 0.000000E+00 0.000000E+00 0.000000E+00 0.000000E+00 0.000000E+00
5.469804E+01 2.097960E-03 0.000000E+00 0.000000E+00 0.000000E+00 0.000000E+00 0.000000E+00
1.501834E+01 8.868680E-03 0.000000E+00 0.000000E+00 0.000000E+00 0.000000E+00 0.000000E+00
4.915078E+00 3.054750E-02 0.000000E+00 0.000000E+00 0.000000E+00 0.000000E+00 0.000000E+00
1.794924E+00 9.035130E-02 1.000000E+00 0.000000E+00 0.000000E+00 0.000000E+00 0.000000E+00
7.107160E-01 2.132460E-01 0.000000E+00 1.000000E+00 0.000000E+00 0.000000E+00 0.000000E+00
3.048020E-01 3.523490E-01 0.000000E+00 0.000000E+00 1.000000E+00 0.000000E+00 0.000000E+00
1.380460E-01 3.396450E-01 0.000000E+00 0.000000E+00 0.000000E+00 1.000000E+00 0.000000E+00
6.215700E-02 1.073240E-01 0.000000E+00 0.000000E+00 0.000000E+00 0.000000E+00 1.000000E+00
P 5 5
8.649000E+00 1.000000E+00 0.000000E+00 0.000000E+00 0.000000E+00 0.000000E+00
3.430000E+00 0.000000E+00 1.000000E+00 0.000000E+00 0.000000E+00 0.000000E+00
1.360000E+00 0.000000E+00 0.000000E+00 1.000000E+00 0.000000E+00 0.000000E+00
5.390000E-01 0.000000E+00 0.000000E+00 0.000000E+00 1.000000E+00 0.000000E+00
2.140000E-01 0.000000E+00 0.000000E+00 0.000000E+00 0.000000E+00 1.000000E+00
D 4 4
4.453000E+00 1.000000E+00 0.000000E+00 0.000000E+00 0.000000E+00
1.958000E+00 0.000000E+00 1.000000E+00 0.000000E+00 0.000000E+00
8.610000E-01 0.000000E+00 0.000000E+00 1.000000E+00 0.000000E+00
3.780000E-01 0.000000E+00 0.000000E+00 0.000000E+00 1.000000E+00
F 3 3
4.100000E+00 1.000000E+00 0.000000E+00 0.000000E+00
1.780000E+00 0.000000E+00 1.000000E+00 0.000000E+00
7.730000E-01 0.000000E+00 0.000000E+00 1.000000E+00
G 2 2
3.199000E+00 1.000000E+00 0.000000E+00
1.326000E+00 0.000000E+00 1.000000E+00
H 1 1
2.653000E+00 1.000000E+00

H:cc-pV7Z:(14s6p5d4f3g2h1i) -> [7s6p5d4f3g2h1i]
6
S 14 7
2.76251614E+03 2.20000000E-05 0.00000000E+00 0.00000000E+00 0.00000000E+00 0.00000000E+00 0.00000000E+00 0.00000000E+00
1.21185844E+03 6.00000000E-06 0.00000000E+00 0.00000000E+00 0.00000000E+00 0.00000000E+00 0.00000000E+00 0.00000000E+00
5.31617120E+02 9.44000000E-05 0.00000000E+00 0.00000000E+00 0.00000000E+00 0.00000000E+00 0.00000000E+00 0.00000000E+00
2.33209386E+02 1.79400000E-04 0.00000000E+00 0.00000000E+00 0.00000000E+00 0.00000000E+00 0.00000000E+00 0.00000000E+00
1.02304113E+02 5.84500000E-04 0.00000000E+00 0.00000000E+00 0.00000000E+00 0.00000000E+00 0.00000000E+00 0.00000000E+00
4.48786889E+01 1.55910000E-03 0.00000000E+00 0.00000000E+00 0.00000000E+00 0.00000000E+00 0.00000000E+00 0.00000000E+00
1.96873484E+01 4.38830000E-03 0.00000000E+00 0.00000000E+00 0.00000000E+00 0.00000000E+00 0.00000000E+00 0.00000000E+00
8.63643073E+00 1.20863000E-02 0.00000000E+00 0.00000000E+00 0.00000000E+00 0.00000000E+00 0.00000000E+00 0.00000000E+00
3.78862274E+00 3.25303000E-02 1.00000000E+00 0.00000000E+00 0.00000000E+00 0.00000000E+00 0.00000000E+00 0.00000000E+00
1.66199008E+00 8.40580000E-02 0.00000000E+00 1.00000000E+00 0.00000000E+00 0.00000000E+00 0.00000000E+00 0.00000000E+00
7.29080520E-01 1.93424700E-01 0.00000000E+00 0.00000000E+00 1.00000000E+00 0.00000000E+00 0.00000000E+00 0.00000000E+00
3.19832480E-01 3.51064100E-01 0.00000000E+00 0.00000000E+00 0.00000000E+00 1.00000000E+00 0.00000000E+00 0.00000000E+00
1.40303860E-01 3.58782200E-01 0.00000000E+00 0.00000000E+00 0.00000000E+00 0.00000000E+00 1.00000000E+00 0.00000000E+00
6.15483900E-02 1.06089900E-01 0.00000000E+00 0.00000000E+00 0.00000000E+00 0.00000000E+00 0.00000000E+00 1.00000000E+00
P 6 6
8.15364800E+00 1.00000000E+00 0.00000000E+00 0.00000000E+00 0.00000000E+00 0.00000000E+00 0.00000000E+00
3.86227500E+00 0.00000000E+00 1.00000000E+00 0.00000000E+00 0.00000000E+00 0.00000000E+00 0.00000000E+00
1.82950800E+00 0.00000000E+00 0.00000000E+00 1.00000000E+00 0.00000000E+00 0.00000000E+00 0.00000000E+00
8.66614000E-01 0.00000000E+00 0.00000000E+00 0.00000000E+00 1.00000000E+00 0.00000000E+00 0.00000000E+00
4.10503000E-01 0.00000000E+00 0.00000000E+00 0.00000000E+00 0.00000000E+00 1.00000000E+00 0.00000000E+00
1.94450000E-01 0.00000000E+00 0.00000000E+00 0.00000000E+00 0.00000000E+00 0.00000000E+00 1.00000000E+00
D 5 5
6.03483300E+00 1.00000000E+00 0.00000000E+00 0.00000000E+00 0.00000000E+00 0.00000000E+00
3.05695800E+00 0.00000000E+00 1.00000000E+00 0.00000000E+00 0.00000000E+00 0.00000000E+00
1.54850900E+00 0.00000000E+00 0.00000000E+00 1.00000000E+00 0.00000000E+00 0.00000000E+00
7.84401000E-01 0.00000000E+00 0.00000000E+00 0.00000000E+00 1.00000000E+00 0.00000000E+00
3.97340000E-01 0.00000000E+00 0.00000000E+00 0.00000000E+00 0.00000000E+00 1.00000000E+00
F 4 4
5.89474000E+00 1.00000000E+00 0.00000000E+00 0.00000000E+00 0.00000000E+00
2.90294000E+00 0.00000000E+00 1.00000000E+00 0.00000000E+00 0.00000000E+00
1.42959000E+00 0.00000000E+00 0.00000000E+00 1.00000000E+00 0.00000000E+00
7.04020000E-01 0.00000000E+00 0.00000000E+00 0.00000000E+00 1.00000000E+00
G 3 3
4.62267400E+00 1.00000000E+00 0.00000000E+00 0.00000000E+00
2.17112600E+00 0.00000000E+00 1.00000000E+00 0.00000000E+00
1.01971000E+00 0.00000000E+00 0.00000000E+00 1.00000000E+00
H 2 2
4.22370600E+00 1.00000000E+00 0.00000000E+00
1.70506000E+00 0.00000000E+00 1.00000000E+00
I 1 1
3.41400000E+00 1.00000000E+00
