He:cc-pVDZ:(4s1p) -> [2s1p]
1
S 4 2
3.836000E+01 2.380900E-02 0.000000E+00
5.770000E+00 1.548910E-01 0.000000E+00
1.240000E+00 4.699870E-01 0.000000E+00
2.976000E-01 5.130270E-01 1.000000E+00
P 1 1
1.275000E+00 1.000000E+00

He:cc-pVTZ:(6s2p1d) -> [3s2p1d]
2
S 6 3
2.340000E+02 2.587000E-03 0.000000E+00 0.000000E+00
3.516000E+01 1.953300E-02 0.000000E+00 0.000000E+00
7.989000E+00 9.099800E-02 0.000000E+00 0.000000E+00
2.212000E+00 2.720500E-01 0.000000E+00 0.000000E+00
6.669000E-01 4.780650E-01 1.000000E+00 0.000000E+00
2.089000E-01 3.077370E-01 0.000000E+00 1.000000E+00
P 2 2
3.044000E+00 1.000000E+00 0.000000E+00
7.580000E-01 0.000000E+00 1.000000E+00
D 1 1
1.965000E+00 1.000000E+00

He:cc-pVQZ:(7s3p2d1f) -> [4s3p2d1f]
3
S 7 4
5.285000E+02 9.400000E-04 0.000000E+00 0.000000E+00 0.000000E+00
7.931000E+01 7.214000E-03 0.000000E+00 0.000000E+00 0.000000E+00
1.805000E+01 3.597500E-02 0.000000E+00 0.000000E+00 0.000000E+00
5.085000E+00 1.277820E-01 0.000000E+00 0.000000E+00 0.000000E+00
1.609000E+00 3.084700E-01 1.000000E+00 0.000000E+00 0.000000E+00
5.363000E-01 4.530520E-01 0.000000E+00 1.000000E+00 0.000000E+00
1.833000E-01 2.388840E-01 0.000000E+00 0.000000E+00 1.000000E+00
P 3 3
5.994000E+00 1.000000E+00 0.000000E+00 0.000000E+00
1.745000E+00 0.000000E+00 1.000000E+00 0.000000E+00
5.600000E-01 0.000000E+00 0.000000E+00 1.000000E+00
D 2 2
4.299000E+00 1.000000E+00 0.000000E+00
1.223000E+00 0.000000E+00 1.000000E+00
F 1 1
2.680000E+00 1.000000E+00

He:cc-pV5Z:(8s4p3d2f1g) -> [5s4p3d2f1g]
4
S 8 5
1.145000E+03 3.590000E-04 0.000000E+00 0.000000E+00 0.000000E+00 0.000000E+00
1.717000E+02 2.771000E-03 0.000000E+00 0.000000E+00 0.000000E+00 0.000000E+00
3.907000E+01 1.425100E-02 0.000000E+00 0.000000E+00 0.000000E+00 0.000000E+00
1.104000E+01 5.556600E-02 0.000000E+00 0.000000E+00 0.000000E+00 0.000000E+00
3.566000E+00 1.620910E-01 1.000000E+00 0.000000E+00 0.000000E+00 0.000000E+00
1.240000E+00 3.321970E-01 0.000000E+00 1.000000E+00 0.000000E+00 0.000000E+00
4.473000E-01 4.196150E-01 0.000000E+00 0.000000E+00 1.000000E+00 0.000000E+00
1.640000E-01 1.861280E-01 0.000000E+00 0.000000E+00 0.000000E+00 1.000000E+00
P 4 4
1.015300E+01 1.000000E+00 0.000000E+00 0.000000E+00 0.000000E+00
3.627000E+00 0.000000E+00 1.000000E+00 0.000000E+00 0.000000E+00
1.296000E+00 0.000000E+00 0.000000E+00 1.000000E+00 0.000000E+00
4.630000E-01 0.000000E+00 0.000000E+00 0.000000E+00 1.000000E+00
D 3 3
7.666000E+00 1.000000E+00 0.000000E+00 0.000000E+00
2.647000E+00 0.000000E+00 1.000000E+00 0.000000E+00
9.140000E-01 0.000000E+00 0.000000E+00 1.000000E+00
F 2 2
5.411000E+00 1.000000E+00 0.000000E+00
1.707000E+00 0.000000E+00 1.000000E+00
G 1 1
3.430000E+00 1.000000E+00

He:cc-pV6Z:(10s5p4d3f2g1h) -> [6s5p4d3f2g1h]
5
S 10 6
4.785000E+03 6.000000E-07 0.000000E+00 0.000000E+00 0.000000E+00 0.000000E+00 0.000000E+00
7.170000E+02 4.700000E-06 0.000000E+00 0.000000E+00 0.000000E+00 0.000000E+00 0.000000E+00
1.632000E+02 2.440000E-05 0.000000E+00 0.000000E+00 0.000000E+00 0.000000E+00 0.000000E+00
4.626000E+01 1.012000E-04 0.000000E+00 0.000000E+00 0.000000E+00 0.000000E+00 0.000000E+00
1.510000E+01 3.486000E-04 0.000000E+00 0.000000E+00 0.000000E+00 0.000000E+00 0.000000E+00
5.437000E+00 9.841000E-04 1.000000E+00 0.000000E+00 0.000000E+00 0.000000E+00 0.000000E+00
2.088000E+00 2.163100E-03 0.000000E+00 1.000000E+00 0.000000E+00 0.000000E+00 0.000000E+00
8.297000E-01 3.490500E-03 0.000000E+00 0.000000E+00 1.000000E+00 0.000000E+00 0.000000E+00
3.366000E-01 3.466000E-03 0.000000E+00 0.000000E+00 0.000000E+00 1.000000E+00 0.000000E+00
1.369000E-01 1.151900E-03 0.000000E+00 0.000000E+00 0.000000E+00 0.000000E+00 1.000000E+00
P 5 5
3.870000E-01 1.000000E+00 0.000000E+00 0.000000E+00 0.000000E+00 0.000000E+00
9.840000E-01 0.000000E+00 1.000000E+00 0.000000E+00 0.000000E+00 0.000000E+00
2.498000E+00 0.000000E+00 0.000000E+00 1.000000E+00 0.000000E+00 0.000000E+00
6.342000E+00 0.000000E+00 0.000000E+00 0.000000E+00 1.000000E+00 0.000000E+00
1.610400E+01 0.000000E+00 0.000000E+00 0.000000E+00 0.000000E+00 1.000000E+00
D 4 4
7.470000E-01 1.000000E+00 0.000000E+00 0.000000E+00 0.000000E+00
1.910000E+00 0.000000E+00 1.000000E+00 0.000000E+00 0.000000E+00
4.886000E+00 0.000000E+00 0.000000E+00 1.000000E+00 0.000000E+00
1.249800E+01 0.000000E+00 0.000000E+00 0.000000E+00 1.000000E+00
F 3 3
1.292000E+00 1.000000E+00 0.000000E+00 0.000000E+00
3.462000E+00 0.000000E+00 1.000000E+00 0.000000E+00
9.276000E+00 0.000000E+00 0.000000E+00 1.000000E+00
G 2 2
2.236000E+00 1.000000E+00 0.000000E+00
6.586000E+00 0.000000E+00 1.000000E+00
H 1 1
4.159000E+00 1.000000E+00

He:cc-pVDZ-F12:( 7s 2p ) -> [ 4s 2p ]
1
S 7 4
2.340000E+02 2.587000E-03 0.000000E+00 0.000000E+00 0.000000E+00
3.516000E+01 1.953300E-02 0.000000E+00 0.000000E+00 0.000000E+00
7.989000E+00 9.099800E-02 0.000000E+00 0.000000E+00 0.000000E+00
2.212000E+00 2.720500E-01 0.000000E+00 0.000000E+00 0.000000E+00
6.669000E-01 4.780650E-01 1.000000E+00 0.000000E+00 0.000000E+00
2.089000E-01 3.077370E-01 0.000000E+00 1.000000E+00 0.000000E+00
5.138000E-02 0.000000E+00 0.000000E+00 0.000000E+00 1.000000E+00
P 2 2
9.781000E-01 1.000000E+00 0.000000E+00
3.590000E-01 0.000000E+00 1.000000E+00

He:cc-pVTZ-F12:( 8s 3p 1d ) -> [ 5s 3p 1d ]
2
S 8 5
5.285000E+02 9.400000E-04 0.000000E+00 0.000000E+00 0.000000E+00 0.000000E+00
7.931000E+01 7.214000E-03 0.000000E+00 0.000000E+00 0.000000E+00 0.000000E+00
1.805000E+01 3.597500E-02 0.000000E+00 0.000000E+00 0.000000E+00 0.000000E+00
5.085000E+00 1.277820E-01 0.000000E+00 0.000000E+00 0.000000E+00 0.000000E+00
1.609000E+00 3.084700E-01 1.000000E+00 0.000000E+00 0.000000E+00 0.000000E+00
5.363000E-01 4.530520E-01 0.000000E+00 1.000000E+00 0.000000E+00 0.000000E+00
1.833000E-01 2.388840E-01 0.000000E+00 0.000000E+00 1.000000E+00 0.000000E+00
4.819000E-02 0.000000E+00 0.000000E+00 0.000000E+00 0.000000E+00 1.000000E+00
P 3 3
3.702600E+00 1.000000E+00 0.000000E+00 0.000000E+00
1.228400E+00 0.000000E+00 1.000000E+00 0.000000E+00
4.075000E-01 0.000000E+00 0.000000E+00 1.000000E+00
D 1 1
6.525000E-01 1.000000E+00

He:cc-pVQZ-F12:( 9s 4p 2d 1f ) -> [ 6s 4p 2d 1f ]
3
S 9 6
1.145000E+03 3.590000E-04 0.000000E+00 0.000000E+00 0.000000E+00 0.000000E+00 0.000000E+00
1.717000E+02 2.771000E-03 0.000000E+00 0.000000E+00 0.000000E+00 0.000000E+00 0.000000E+00
3.907000E+01 1.425100E-02 0.000000E+00 0.000000E+00 0.000000E+00 0.000000E+00 0.000000E+00
1.104000E+01 5.556600E-02 0.000000E+00 0.000000E+00 0.000000E+00 0.000000E+00 0.000000E+00
3.566000E+00 1.620910E-01 1.000000E+00 0.000000E+00 0.000000E+00 0.000000E+00 0.000000E+00
1.240000E+00 3.321970E-01 0.000000E+00 1.000000E+00 0.000000E+00 0.000000E+00 0.000000E+00
4.473000E-01 4.196150E-01 0.000000E+00 0.000000E+00 1.000000E+00 0.000000E+00 0.000000E+00
1.640000E-01 1.861280E-01 0.000000E+00 0.000000E+00 0.000000E+00 1.000000E+00 0.000000E+00
4.664000E-02 0.000000E+00 0.000000E+00 0.000000E+00 0.000000E+00 0.000000E+00 1.000000E+00
P 4 4
7.667800E+00 1.000000E+00 0.000000E+00 0.000000E+00 0.000000E+00
2.765100E+00 0.000000E+00 1.000000E+00 0.000000E+00 0.000000E+00
9.971000E-01 0.000000E+00 0.000000E+00 1.000000E+00 0.000000E+00
3.596000E-01 0.000000E+00 0.000000E+00 0.000000E+00 1.000000E+00
D 2 2
9.239000E-01 1.000000E+00 0.000000E+00
4.420000E-01 0.000000E+00 1.000000E+00
F 1 1
7.445000E-01 1.000000E+00

He:cc-pVDZ-F12_OPTRI:(4s4p2d) -> [4s4p2d]
2
S 4 4
6.186444E+00 1.000000E+00 0.000000E+00 0.000000E+00 0.000000E+00
2.105197E+00 0.000000E+00 1.000000E+00 0.000000E+00 0.000000E+00
4.447030E-01 0.000000E+00 0.000000E+00 1.000000E+00 0.000000E+00
1.392550E-01 0.000000E+00 0.000000E+00 0.000000E+00 1.000000E+00
P 4 4
1.568850E+01 1.000000E+00 0.000000E+00 0.000000E+00 0.000000E+00
3.551900E+00 0.000000E+00 1.000000E+00 0.000000E+00 0.000000E+00
1.738890E+00 0.000000E+00 0.000000E+00 1.000000E+00 0.000000E+00
5.937030E-01 0.000000E+00 0.000000E+00 0.000000E+00 1.000000E+00
D 2 2
3.707610E+00 1.000000E+00 0.000000E+00
8.104280E-01 0.000000E+00 1.000000E+00

He:cc-pVTZ-F12_OPTRI:(4s3p3d2f) -> [4s3p3d2f]
3
S 4 4
6.466730E+00 1.000000E+00 0.000000E+00 0.000000E+00 0.000000E+00
1.076250E+00 0.000000E+00 1.000000E+00 0.000000E+00 0.000000E+00
3.583090E-01 0.000000E+00 0.000000E+00 1.000000E+00 0.000000E+00
1.222830E-01 0.000000E+00 0.000000E+00 0.000000E+00 1.000000E+00
P 3 3
1.199560E+01 1.000000E+00 0.000000E+00 0.000000E+00
2.425460E+00 0.000000E+00 1.000000E+00 0.000000E+00
7.344710E-01 0.000000E+00 0.000000E+00 1.000000E+00
D 3 3
3.171990E+00 1.000000E+00 0.000000E+00 0.000000E+00
1.107600E+00 0.000000E+00 1.000000E+00 0.000000E+00
3.547000E-01 0.000000E+00 0.000000E+00 1.000000E+00
F 2 2
1.929850E+00 1.000000E+00 0.000000E+00
1.116190E+00 0.000000E+00 1.000000E+00

He:cc-pVQZ-F12_OPTRI:(4s3p3d2f1g) -> [4s3p3d2f1g]
4
S 4 4
1.251450E+01 1.000000E+00 0.000000E+00 0.000000E+00 0.000000E+00
1.858010E+00 0.000000E+00 1.000000E+00 0.000000E+00 0.000000E+00
6.709370E-01 0.000000E+00 0.000000E+00 1.000000E+00 0.000000E+00
2.685160E-01 0.000000E+00 0.000000E+00 0.000000E+00 1.000000E+00
P 3 3
3.024700E+01 1.000000E+00 0.000000E+00 0.000000E+00
4.348940E+00 0.000000E+00 1.000000E+00 0.000000E+00
1.841130E+00 0.000000E+00 0.000000E+00 1.000000E+00
D 3 3
5.211870E+00 1.000000E+00 0.000000E+00 0.000000E+00
1.938190E+00 0.000000E+00 1.000000E+00 0.000000E+00
6.390570E-01 0.000000E+00 0.000000E+00 1.000000E+00
F 2 2
3.063750E+00 1.000000E+00 0.000000E+00
1.678690E+00 0.000000E+00 1.000000E+00
G 1 1
2.948220E+00 1.000000E+00

He:cc-pVDZ-F12_MP2FIT:(6s4p2d1f) -> [6s4p2d1f]
3
S 6 6
2.659050E+01 1.000000E+00 0.000000E+00 0.000000E+00 0.000000E+00 0.000000E+00 0.000000E+00
5.711600E+00 0.000000E+00 1.000000E+00 0.000000E+00 0.000000E+00 0.000000E+00 0.000000E+00
1.498010E+00 0.000000E+00 0.000000E+00 1.000000E+00 0.000000E+00 0.000000E+00 0.000000E+00
1.015390E+00 0.000000E+00 0.000000E+00 0.000000E+00 1.000000E+00 0.000000E+00 0.000000E+00
4.241430E-01 0.000000E+00 0.000000E+00 0.000000E+00 0.000000E+00 1.000000E+00 0.000000E+00
2.000120E-01 0.000000E+00 0.000000E+00 0.000000E+00 0.000000E+00 0.000000E+00 1.000000E+00
P 4 4
6.192080E+00 1.000000E+00 0.000000E+00 0.000000E+00 0.000000E+00
1.824960E+00 0.000000E+00 1.000000E+00 0.000000E+00 0.000000E+00
7.768760E-01 0.000000E+00 0.000000E+00 1.000000E+00 0.000000E+00
5.255220E-01 0.000000E+00 0.000000E+00 0.000000E+00 1.000000E+00
D 2 2
3.361590E+00 1.000000E+00 0.000000E+00
1.190700E+00 0.000000E+00 1.000000E+00
F 1 1
2.000660E+00 1.000000E+00

He:cc-pVTZ-F12_MP2FIT:(7s5p3d2f1g) -> [7s5p3d2f1g]
4
S 7 7
4.404280E+01 1.000000E+00 0.000000E+00 0.000000E+00 0.000000E+00 0.000000E+00 0.000000E+00 0.000000E+00
9.497130E+00 0.000000E+00 1.000000E+00 0.000000E+00 0.000000E+00 0.000000E+00 0.000000E+00 0.000000E+00
2.660280E+00 0.000000E+00 0.000000E+00 1.000000E+00 0.000000E+00 0.000000E+00 0.000000E+00 0.000000E+00
1.567840E+00 0.000000E+00 0.000000E+00 0.000000E+00 1.000000E+00 0.000000E+00 0.000000E+00 0.000000E+00
8.470250E-01 0.000000E+00 0.000000E+00 0.000000E+00 0.000000E+00 1.000000E+00 0.000000E+00 0.000000E+00
4.397060E-01 0.000000E+00 0.000000E+00 0.000000E+00 0.000000E+00 0.000000E+00 1.000000E+00 0.000000E+00
2.451930E-01 0.000000E+00 0.000000E+00 0.000000E+00 0.000000E+00 0.000000E+00 0.000000E+00 1.000000E+00
P 5 5
9.458250E+00 1.000000E+00 0.000000E+00 0.000000E+00 0.000000E+00 0.000000E+00
4.276090E+00 0.000000E+00 1.000000E+00 0.000000E+00 0.000000E+00 0.000000E+00
2.005220E+00 0.000000E+00 0.000000E+00 1.000000E+00 0.000000E+00 0.000000E+00
8.044600E-01 0.000000E+00 0.000000E+00 0.000000E+00 1.000000E+00 0.000000E+00
4.815630E-01 0.000000E+00 0.000000E+00 0.000000E+00 0.000000E+00 1.000000E+00
D 3 3
2.622720E+00 1.000000E+00 0.000000E+00 0.000000E+00
1.057170E+00 0.000000E+00 1.000000E+00 0.000000E+00
3.209440E-01 0.000000E+00 0.000000E+00 1.000000E+00
F 2 2
3.330260E+00 1.000000E+00 0.000000E+00
1.164980E+00 0.000000E+00 1.000000E+00
G 1 1
1.969690E+00 1.000000E+00

He:cc-pVQZ-F12_MP2FIT:(8s6p4d3f2g1h) -> [8s6p4d3f2g1h]
5
S 8 8
1.099870E+02 1.000000E+00 0.000000E+00 0.000000E+00 0.000000E+00 0.000000E+00 0.000000E+00 0.000000E+00 0.000000E+00
2.040030E+01 0.000000E+00 1.000000E+00 0.000000E+00 0.000000E+00 0.000000E+00 0.000000E+00 0.000000E+00 0.000000E+00
5.731720E+00 0.000000E+00 0.000000E+00 1.000000E+00 0.000000E+00 0.000000E+00 0.000000E+00 0.000000E+00 0.000000E+00
2.579060E+00 0.000000E+00 0.000000E+00 0.000000E+00 1.000000E+00 0.000000E+00 0.000000E+00 0.000000E+00 0.000000E+00
1.778070E+00 0.000000E+00 0.000000E+00 0.000000E+00 0.000000E+00 1.000000E+00 0.000000E+00 0.000000E+00 0.000000E+00
8.900230E-01 0.000000E+00 0.000000E+00 0.000000E+00 0.000000E+00 0.000000E+00 1.000000E+00 0.000000E+00 0.000000E+00
3.942190E-01 0.000000E+00 0.000000E+00 0.000000E+00 0.000000E+00 0.000000E+00 0.000000E+00 1.000000E+00 0.000000E+00
1.601730E-01 0.000000E+00 0.000000E+00 0.000000E+00 0.000000E+00 0.000000E+00 0.000000E+00 0.000000E+00 1.000000E+00
P 6 6
1.149480E+01 1.000000E+00 0.000000E+00 0.000000E+00 0.000000E+00 0.000000E+00 0.000000E+00
4.892280E+00 0.000000E+00 1.000000E+00 0.000000E+00 0.000000E+00 0.000000E+00 0.000000E+00
3.066900E+00 0.000000E+00 0.000000E+00 1.000000E+00 0.000000E+00 0.000000E+00 0.000000E+00
1.543830E+00 0.000000E+00 0.000000E+00 0.000000E+00 1.000000E+00 0.000000E+00 0.000000E+00
6.378780E-01 0.000000E+00 0.000000E+00 0.000000E+00 0.000000E+00 1.000000E+00 0.000000E+00
2.037340E-01 0.000000E+00 0.000000E+00 0.000000E+00 0.000000E+00 0.000000E+00 1.000000E+00
D 4 4
4.268670E+00 1.000000E+00 0.000000E+00 0.000000E+00 0.000000E+00
1.593000E+00 0.000000E+00 1.000000E+00 0.000000E+00 0.000000E+00
7.358430E-01 0.000000E+00 0.000000E+00 1.000000E+00 0.000000E+00
4.707620E-01 0.000000E+00 0.000000E+00 0.000000E+00 1.000000E+00
F 3 3
4.010700E+00 1.000000E+00 0.000000E+00 0.000000E+00
1.811270E+00 0.000000E+00 1.000000E+00 0.000000E+00
1.020670E+00 0.000000E+00 0.000000E+00 1.000000E+00
G 2 2
2.695270E+00 1.000000E+00 0.000000E+00
1.359670E+00 0.000000E+00 1.000000E+00
H 1 1
9.571690E-01 1.000000E+00

He:aug-cc-pVDZ:(5s2p) -> [3s2p]
1
S 5 3
3.836000E+01 2.380900E-02 0.000000E+00 0.000000E+00
5.770000E+00 1.548910E-01 0.000000E+00 0.000000E+00
1.240000E+00 4.699870E-01 0.000000E+00 0.000000E+00
2.976000E-01 5.130270E-01 1.000000E+00 0.000000E+00
7.255000E-02 0.000000E+00 0.000000E+00 1.000000E+00
P 2 2
1.275000E+00 1.000000E+00 0.000000E+00
2.473000E-01 0.000000E+00 1.000000E+00

He:aug-cc-pVTZ:(7s3p2d) -> [4s3p2d]
2
S 7 4
2.340000E+02 2.587000E-03 0.000000E+00 0.000000E+00 0.000000E+00
3.516000E+01 1.953300E-02 0.000000E+00 0.000000E+00 0.000000E+00
7.989000E+00 9.099800E-02 0.000000E+00 0.000000E+00 0.000000E+00
2.212000E+00 2.720500E-01 0.000000E+00 0.000000E+00 0.000000E+00
6.669000E-01 4.780650E-01 1.000000E+00 0.000000E+00 0.000000E+00
2.089000E-01 3.077370E-01 0.000000E+00 1.000000E+00 0.000000E+00
5.138000E-02 0.000000E+00 0.000000E+00 0.000000E+00 1.000000E+00
P 3 3
3.044000E+00 1.000000E+00 0.000000E+00 0.000000E+00
7.580000E-01 0.000000E+00 1.000000E+00 0.000000E+00
1.993000E-01 0.000000E+00 0.000000E+00 1.000000E+00
D 2 2
1.965000E+00 1.000000E+00 0.000000E+00
4.592000E-01 0.000000E+00 1.000000E+00

He:aug-cc-pVQZ:(8s4p3d2f) -> [5s4p3d2f]
3
S 8 5
5.285000E+02 9.400000E-04 0.000000E+00 0.000000E+00 0.000000E+00 0.000000E+00
7.931000E+01 7.214000E-03 0.000000E+00 0.000000E+00 0.000000E+00 0.000000E+00
1.805000E+01 3.597500E-02 0.000000E+00 0.000000E+00 0.000000E+00 0.000000E+00
5.085000E+00 1.277820E-01 0.000000E+00 0.000000E+00 0.000000E+00 0.000000E+00
1.609000E+00 3.084700E-01 1.000000E+00 0.000000E+00 0.000000E+00 0.000000E+00
5.363000E-01 4.530520E-01 0.000000E+00 1.000000E+00 0.000000E+00 0.000000E+00
1.833000E-01 2.388840E-01 0.000000E+00 0.000000E+00 1.000000E+00 0.000000E+00
4.819000E-02 0.000000E+00 0.000000E+00 0.000000E+00 0.000000E+00 1.000000E+00
P 4 4
5.994000E+00 1.000000E+00 0.000000E+00 0.000000E+00 0.000000E+00
1.745000E+00 0.000000E+00 1.000000E+00 0.000000E+00 0.000000E+00
5.600000E-01 0.000000E+00 0.000000E+00 1.000000E+00 0.000000E+00
1.626000E-01 0.000000E+00 0.000000E+00 0.000000E+00 1.000000E+00
D 3 3
4.299000E+00 1.000000E+00 0.000000E+00 0.000000E+00
1.223000E+00 0.000000E+00 1.000000E+00 0.000000E+00
3.510000E-01 0.000000E+00 0.000000E+00 1.000000E+00
F 2 2
2.680000E+00 1.000000E+00 0.000000E+00
6.906000E-01 0.000000E+00 1.000000E+00

He:aug-cc-pV5Z:(9s5p4d3f2g) -> [6s5p4d3f2g]
4
S 9 6
1.145000E+03 3.590000E-04 0.000000E+00 0.000000E+00 0.000000E+00 0.000000E+00 0.000000E+00
1.717000E+02 2.771000E-03 0.000000E+00 0.000000E+00 0.000000E+00 0.000000E+00 0.000000E+00
3.907000E+01 1.425100E-02 0.000000E+00 0.000000E+00 0.000000E+00 0.000000E+00 0.000000E+00
1.104000E+01 5.556600E-02 0.000000E+00 0.000000E+00 0.000000E+00 0.000000E+00 0.000000E+00
3.566000E+00 1.620910E-01 1.000000E+00 0.000000E+00 0.000000E+00 0.000000E+00 0.000000E+00
1.240000E+00 3.321970E-01 0.000000E+00 1.000000E+00 0.000000E+00 0.000000E+00 0.000000E+00
4.473000E-01 4.196150E-01 0.000000E+00 0.000000E+00 1.000000E+00 0.000000E+00 0.000000E+00
1.640000E-01 1.861280E-01 0.000000E+00 0.000000E+00 0.000000E+00 1.000000E+00 0.000000E+00
4.664000E-02 0.000000E+00 0.000000E+00 0.000000E+00 0.000000E+00 0.000000E+00 1.000000E+00
P 5 5
1.015300E+01 1.000000E+00 0.000000E+00 0.000000E+00 0.000000E+00 0.000000E+00
3.627000E+00 0.000000E+00 1.000000E+00 0.000000E+00 0.000000E+00 0.000000E+00
1.296000E+00 0.000000E+00 0.000000E+00 1.000000E+00 0.000000E+00 0.000000E+00
4.630000E-01 0.000000E+00 0.000000E+00 0.000000E+00 1.000000E+00 0.000000E+00
1.400000E-01 0.000000E+00 0.000000E+00 0.000000E+00 0.000000E+00 1.000000E+00
D 4 4
7.666000E+00 1.000000E+00 0.000000E+00 0.000000E+00 0.000000E+00
2.647000E+00 0.000000E+00 1.000000E+00 0.000000E+00 0.000000E+00
9.140000E-01 0.000000E+00 0.000000E+00 1.000000E+00 0.000000E+00
2.892000E-01 0.000000E+00 0.000000E+00 0.000000E+00 1.000000E+00
F 3 3
5.411000E+00 1.000000E+00 0.000000E+00 0.000000E+00
1.707000E+00 0.000000E+00 1.000000E+00 0.000000E+00
5.345000E-01 0.000000E+00 0.000000E+00 1.000000E+00
G 2 2
3.430000E+00 1.000000E+00 0.000000E+00
7.899000E-01 0.000000E+00 1.000000E+00

He:aug-cc-pV6Z:(11s6p5d4f3g2h) -> [7s6p5d4f3g2h]
5
S 11 7
4.785000E+03 6.000000E-07 0.000000E+00 0.000000E+00 0.000000E+00 0.000000E+00 0.000000E+00 0.000000E+00
7.170000E+02 4.700000E-06 0.000000E+00 0.000000E+00 0.000000E+00 0.000000E+00 0.000000E+00 0.000000E+00
1.632000E+02 2.440000E-05 0.000000E+00 0.000000E+00 0.000000E+00 0.000000E+00 0.000000E+00 0.000000E+00
4.626000E+01 1.012000E-04 0.000000E+00 0.000000E+00 0.000000E+00 0.000000E+00 0.000000E+00 0.000000E+00
1.510000E+01 3.486000E-04 0.000000E+00 0.000000E+00 0.000000E+00 0.000000E+00 0.000000E+00 0.000000E+00
5.437000E+00 9.841000E-04 1.000000E+00 0.000000E+00 0.000000E+00 0.000000E+00 0.000000E+00 0.000000E+00
2.088000E+00 2.163100E-03 0.000000E+00 1.000000E+00 0.000000E+00 0.000000E+00 0.000000E+00 0.000000E+00
8.297000E-01 3.490500E-03 0.000000E+00 0.000000E+00 1.000000E+00 0.000000E+00 0.000000E+00 0.000000E+00
3.366000E-01 3.466000E-03 0.000000E+00 0.000000E+00 0.000000E+00 1.000000E+00 0.000000E+00 0.000000E+00
1.369000E-01 1.151900E-03 0.000000E+00 0.000000E+00 0.000000E+00 0.000000E+00 1.000000E+00 0.000000E+00
4.473000E-02 0.000000E+00 0.000000E+00 0.000000E+00 0.000000E+00 0.000000E+00 0.000000E+00 1.000000E+00
P 6 6
3.870000E-01 1.000000E+00 0.000000E+00 0.000000E+00 0.000000E+00 0.000000E+00 0.000000E+00
9.840000E-01 0.000000E+00 1.000000E+00 0.000000E+00 0.000000E+00 0.000000E+00 0.000000E+00
2.498000E+00 0.000000E+00 0.000000E+00 1.000000E+00 0.000000E+00 0.000000E+00 0.000000E+00
6.342000E+00 0.000000E+00 0.000000E+00 0.000000E+00 1.000000E+00 0.000000E+00 0.000000E+00
1.610400E+01 0.000000E+00 0.000000E+00 0.000000E+00 0.000000E+00 1.000000E+00 0.000000E+00
1.280000E-01 0.000000E+00 0.000000E+00 0.000000E+00 0.000000E+00 0.000000E+00 1.000000E+00
D 5 5
7.470000E-01 1.000000E+00 0.000000E+00 0.000000E+00 0.000000E+00 0.000000E+00
1.910000E+00 0.000000E+00 1.000000E+00 0.000000E+00 0.000000E+00 0.000000E+00
4.886000E+00 0.000000E+00 0.000000E+00 1.000000E+00 0.000000E+00 0.000000E+00
1.249800E+01 0.000000E+00 0.000000E+00 0.000000E+00 1.000000E+00 0.000000E+00
2.410000E-01 0.000000E+00 0.000000E+00 0.000000E+00 0.000000E+00 1.000000E+00
F 4 4
1.292000E+00 1.000000E+00 0.000000E+00 0.000000E+00 0.000000E+00
3.462000E+00 0.000000E+00 1.000000E+00 0.000000E+00 0.000000E+00
9.276000E+00 0.000000E+00 0.000000E+00 1.000000E+00 0.000000E+00
4.070000E-01 0.000000E+00 0.000000E+00 0.000000E+00 1.000000E+00
G 3 3
2.236000E+00 1.000000E+00 0.000000E+00 0.000000E+00
6.586000E+00 0.000000E+00 1.000000E+00 0.000000E+00
6.860000E-01 0.000000E+00 0.000000E+00 1.000000E+00
H 2 2
4.159000E+00 1.000000E+00 0.000000E+00
1.016000E+00 0.000000E+00 1.000000E+00

He:cc-pVDZ-DK:(4s1p) -> [2s1p]
1
S 4 2
3.836000E+01 2.385450E-02 0.000000E+00
5.770000E+00 1.549249E-01 0.000000E+00
1.240000E+00 4.699567E-01 0.000000E+00
2.976000E-01 5.130223E-01 1.000000E+00
P 1 1
1.275000E+00 1.000000E+00

He:cc-pVTZ-DK:(6s2p1d) -> [3s2p1d]
2
S 6 3
2.340000E+02 2.612700E-03 0.000000E+00 0.000000E+00
3.516000E+01 1.955880E-02 0.000000E+00 0.000000E+00
7.989000E+00 9.103160E-02 0.000000E+00 0.000000E+00
2.212000E+00 2.720643E-01 0.000000E+00 0.000000E+00
6.669000E-01 4.780287E-01 1.000000E+00 0.000000E+00
2.089000E-01 3.077322E-01 0.000000E+00 1.000000E+00
P 2 2
3.044000E+00 1.000000E+00 0.000000E+00
7.580000E-01 0.000000E+00 1.000000E+00
D 1 1
1.965000E+00 1.000000E+00

He:cc-pVQZ-DK:(7s3p2d1f) -> [4s3p2d1f]
3
S 7 4
5.285000E+02 9.592000E-04 0.000000E+00 0.000000E+00 0.000000E+00
7.931000E+01 7.232900E-03 0.000000E+00 0.000000E+00 0.000000E+00
1.805000E+01 3.600600E-02 0.000000E+00 0.000000E+00 0.000000E+00
5.085000E+00 1.278065E-01 0.000000E+00 0.000000E+00 0.000000E+00
1.609000E+00 3.084775E-01 1.000000E+00 0.000000E+00 0.000000E+00
5.363000E-01 4.530142E-01 0.000000E+00 1.000000E+00 0.000000E+00
1.833000E-01 2.388810E-01 0.000000E+00 0.000000E+00 1.000000E+00
P 3 3
5.994000E+00 1.000000E+00 0.000000E+00 0.000000E+00
1.745000E+00 0.000000E+00 1.000000E+00 0.000000E+00
5.600000E-01 0.000000E+00 0.000000E+00 1.000000E+00
D 2 2
4.299000E+00 1.000000E+00 0.000000E+00
1.223000E+00 0.000000E+00 1.000000E+00
F 1 1
2.680000E+00 1.000000E+00

He:cc-pV5Z-DK:(8s4p3d2f1g) -> [5s4p3d2f1g]
4
S 8 5
1.145000E+03 3.739000E-04 0.000000E+00 0.000000E+00 0.000000E+00 0.000000E+00
1.717000E+02 2.785500E-03 0.000000E+00 0.000000E+00 0.000000E+00 0.000000E+00
3.907000E+01 1.427480E-02 0.000000E+00 0.000000E+00 0.000000E+00 0.000000E+00
1.104000E+01 5.559360E-02 0.000000E+00 0.000000E+00 0.000000E+00 0.000000E+00
3.566000E+00 1.621104E-01 1.000000E+00 0.000000E+00 0.000000E+00 0.000000E+00
1.240000E+00 3.321978E-01 0.000000E+00 1.000000E+00 0.000000E+00 0.000000E+00
4.473000E-01 4.195795E-01 0.000000E+00 0.000000E+00 1.000000E+00 0.000000E+00
1.640000E-01 1.861254E-01 0.000000E+00 0.000000E+00 0.000000E+00 1.000000E+00
P 4 4
1.015300E+01 1.000000E+00 0.000000E+00 0.000000E+00 0.000000E+00
3.627000E+00 0.000000E+00 1.000000E+00 0.000000E+00 0.000000E+00
1.296000E+00 0.000000E+00 0.000000E+00 1.000000E+00 0.000000E+00
4.630000E-01 0.000000E+00 0.000000E+00 0.000000E+00 1.000000E+00
D 3 3
7.666000E+00 1.000000E+00 0.000000E+00 0.000000E+00
2.647000E+00 0.000000E+00 1.000000E+00 0.000000E+00
9.140000E-01 0.000000E+00 0.000000E+00 1.000000E+00
F 2 2
5.411000E+00 1.000000E+00 0.000000E+00
1.707000E+00 0.000000E+00 1.000000E+00
G 1 1
3.430000E+00 1.000000E+00

He:aug-cc-pVDZ_OPTRI:( 3s 3p 2d ) -> [ 3s 3p 2d ]
2
S 3 3
2.090370E+00 1.000000E+00 0.000000E+00 0.000000E+00
1.397282E+00 0.000000E+00 1.000000E+00 0.000000E+00
1.987340E-01 0.000000E+00 0.000000E+00 1.000000E+00
P 3 3
9.316861E+00 1.000000E+00 0.000000E+00 0.000000E+00
4.068678E+00 0.000000E+00 1.000000E+00 0.000000E+00
3.995188E-01 0.000000E+00 0.000000E+00 1.000000E+00
D 2 2
3.149742E+00 1.000000E+00 0.000000E+00
8.377991E-01 0.000000E+00 1.000000E+00

He:aug-cc-pVTZ_OPTRI:( 3s 3p 2d 1f ) -> [ 3s 3p 2d 1f ]
3
S 3 3
4.776651E+00 1.000000E+00 0.000000E+00 0.000000E+00
1.027396E+00 0.000000E+00 1.000000E+00 0.000000E+00
3.124061E-01 0.000000E+00 0.000000E+00 1.000000E+00
P 3 3
7.701178E+00 1.000000E+00 0.000000E+00 0.000000E+00
2.031392E+00 0.000000E+00 1.000000E+00 0.000000E+00
1.190654E-01 0.000000E+00 0.000000E+00 1.000000E+00
D 2 2
4.541227E+00 1.000000E+00 0.000000E+00
1.047808E+00 0.000000E+00 1.000000E+00
F 1 1
2.427512E+00 1.000000E+00

He:aug-cc-pVQZ_OPTRI:( 4s 4p 3d 2f 2g ) -> [ 4s 4p 3d 2f 2g ]
4
S 4 4
1.294081E+01 1.000000E+00 0.000000E+00 0.000000E+00 0.000000E+00
3.895435E+00 0.000000E+00 1.000000E+00 0.000000E+00 0.000000E+00
7.947012E-01 0.000000E+00 0.000000E+00 1.000000E+00 0.000000E+00
2.726456E-01 0.000000E+00 0.000000E+00 0.000000E+00 1.000000E+00
P 4 4
1.738194E+01 1.000000E+00 0.000000E+00 0.000000E+00 0.000000E+00
1.159926E+01 0.000000E+00 1.000000E+00 0.000000E+00 0.000000E+00
2.604255E+00 0.000000E+00 0.000000E+00 1.000000E+00 0.000000E+00
8.469575E-01 0.000000E+00 0.000000E+00 0.000000E+00 1.000000E+00
D 3 3
9.396833E+00 1.000000E+00 0.000000E+00 0.000000E+00
2.383851E+00 0.000000E+00 1.000000E+00 0.000000E+00
7.137544E-01 0.000000E+00 0.000000E+00 1.000000E+00
F 2 2
4.232556E+00 1.000000E+00 0.000000E+00
1.596264E+00 0.000000E+00 1.000000E+00
G 2 2
5.114223E+00 1.000000E+00 0.000000E+00
1.687875E+00 0.000000E+00 1.000000E+00

He:aug-cc-pV5Z_OPTRI:( 4s 4p 3d 3f 2g 1h ) -> [ 4s 4p 3d 3f 2g 1h ]
5
S 4 4
1.808334E+01 1.000000E+00 0.000000E+00 0.000000E+00 0.000000E+00
5.372014E+00 0.000000E+00 1.000000E+00 0.000000E+00 0.000000E+00
1.890797E+00 0.000000E+00 0.000000E+00 1.000000E+00 0.000000E+00
6.801768E-01 0.000000E+00 0.000000E+00 0.000000E+00 1.000000E+00
P 4 4
3.663900E+01 1.000000E+00 0.000000E+00 0.000000E+00 0.000000E+00
5.595462E+00 0.000000E+00 1.000000E+00 0.000000E+00 0.000000E+00
2.353056E+00 0.000000E+00 0.000000E+00 1.000000E+00 0.000000E+00
7.234600E-01 0.000000E+00 0.000000E+00 0.000000E+00 1.000000E+00
D 3 3
2.033570E+01 1.000000E+00 0.000000E+00 0.000000E+00
4.912020E+00 0.000000E+00 1.000000E+00 0.000000E+00
1.595158E+00 0.000000E+00 0.000000E+00 1.000000E+00
F 3 3
1.013319E+01 1.000000E+00 0.000000E+00 0.000000E+00
3.317560E+00 0.000000E+00 1.000000E+00 0.000000E+00
1.028091E+00 0.000000E+00 0.000000E+00 1.000000E+00
G 2 2
5.782820E+00 1.000000E+00 0.000000E+00
1.895339E+00 0.000000E+00 1.000000E+00
H 1 1
3.918422E+00 1.000000E+00

He:cc-pVDZ-F12_OPTRIplus:(6s4p2d) -> [6s4p2d]
2
S 6 6
1.532548E+03 1.000000E+00 0.000000E+00 0.000000E+00 0.000000E+00 0.000000E+00 0.000000E+00
4.449249E+02 0.000000E+00 1.000000E+00 0.000000E+00 0.000000E+00 0.000000E+00 0.000000E+00
6.186444E+00 0.000000E+00 0.000000E+00 1.000000E+00 0.000000E+00 0.000000E+00 0.000000E+00
2.105197E+00 0.000000E+00 0.000000E+00 0.000000E+00 1.000000E+00 0.000000E+00 0.000000E+00
4.447030E-01 0.000000E+00 0.000000E+00 0.000000E+00 0.000000E+00 1.000000E+00 0.000000E+00
1.392550E-01 0.000000E+00 0.000000E+00 0.000000E+00 0.000000E+00 0.000000E+00 1.000000E+00
P 4 4
1.568850E+01 1.000000E+00 0.000000E+00 0.000000E+00 0.000000E+00
3.551900E+00 0.000000E+00 1.000000E+00 0.000000E+00 0.000000E+00
1.738890E+00 0.000000E+00 0.000000E+00 1.000000E+00 0.000000E+00
5.937030E-01 0.000000E+00 0.000000E+00 0.000000E+00 1.000000E+00
D 2 2
3.707610E+00 1.000000E+00 0.000000E+00
8.104280E-01 0.000000E+00 1.000000E+00

He:cc-pVTZ-F12_OPTRIplus:(6s3p3d2f) -> [6s3p3d2f]
3
S 6 6
4.257916E+04 1.000000E+00 0.000000E+00 0.000000E+00 0.000000E+00 0.000000E+00 0.000000E+00
4.856821E+03 0.000000E+00 1.000000E+00 0.000000E+00 0.000000E+00 0.000000E+00 0.000000E+00
6.466730E+00 0.000000E+00 0.000000E+00 1.000000E+00 0.000000E+00 0.000000E+00 0.000000E+00
1.076250E+00 0.000000E+00 0.000000E+00 0.000000E+00 1.000000E+00 0.000000E+00 0.000000E+00
3.583090E-01 0.000000E+00 0.000000E+00 0.000000E+00 0.000000E+00 1.000000E+00 0.000000E+00
1.222830E-01 0.000000E+00 0.000000E+00 0.000000E+00 0.000000E+00 0.000000E+00 1.000000E+00
P 3 3
1.199560E+01 1.000000E+00 0.000000E+00 0.000000E+00
2.425460E+00 0.000000E+00 1.000000E+00 0.000000E+00
7.344710E-01 0.000000E+00 0.000000E+00 1.000000E+00
D 3 3
3.171990E+00 1.000000E+00 0.000000E+00 0.000000E+00
1.107600E+00 0.000000E+00 1.000000E+00 0.000000E+00
3.547000E-01 0.000000E+00 0.000000E+00 1.000000E+00
F 2 2
1.929850E+00 1.000000E+00 0.000000E+00
1.116190E+00 0.000000E+00 1.000000E+00

He:cc-pVQZ-F12_OPTRIplus:(6s3p3d2f1g) -> [6s3p3d2f1g]
4
S 6 6
7.851562E+03 1.000000E+00 0.000000E+00 0.000000E+00 0.000000E+00 0.000000E+00 0.000000E+00
2.188477E+03 0.000000E+00 1.000000E+00 0.000000E+00 0.000000E+00 0.000000E+00 0.000000E+00
1.251450E+01 0.000000E+00 0.000000E+00 1.000000E+00 0.000000E+00 0.000000E+00 0.000000E+00
1.858010E+00 0.000000E+00 0.000000E+00 0.000000E+00 1.000000E+00 0.000000E+00 0.000000E+00
6.709370E-01 0.000000E+00 0.000000E+00 0.000000E+00 0.000000E+00 1.000000E+00 0.000000E+00
2.685160E-01 0.000000E+00 0.000000E+00 0.000000E+00 0.000000E+00 0.000000E+00 1.000000E+00
P 3 3
3.024700E+01 1.000000E+00 0.000000E+00 0.000000E+00
4.348940E+00 0.000000E+00 1.000000E+00 0.000000E+00
1.841130E+00 0.000000E+00 0.000000E+00 1.000000E+00
D 3 3
5.211870E+00 1.000000E+00 0.000000E+00 0.000000E+00
1.938190E+00 0.000000E+00 1.000000E+00 0.000000E+00
6.390570E-01 0.000000E+00 0.000000E+00 1.000000E+00
F 2 2
3.063750E+00 1.000000E+00 0.000000E+00
1.678690E+00 0.000000E+00 1.000000E+00
G 1 1
2.948220E+00 1.000000E+00
