  SHELL TYPE  PRIMITIVE        EXPONENT          CONTRACTION COEFFICIENT(S)

 H

      1   S       1             3.4252509    0.154328967295
      1   S       2             0.6239137    0.535328142282
      1   S       3             0.1688554    0.444634542185

 HE

      1   S       1             6.3624214    0.154328967295
      1   S       2             1.1589230    0.535328142282
      1   S       3             0.3136498    0.444634542185

 LI

      1   S       1            16.1195748    0.154328967295
      1   S       2             2.9362007    0.535328142282
      1   S       3             0.7946505    0.444634542185

      2   L       4             0.6362897   -0.099967229187    0.155916274999
      2   L       5             0.1478601    0.399512826089    0.607683718598
      2   L       6             0.0480887    0.700115468880    0.391957393099

 BE

      1   S       1            30.1678707    0.154328967295
      1   S       2             5.4951153    0.535328142282
      1   S       3             1.4871927    0.444634542185

      2   L       4             1.3148331   -0.099967229187    0.155916274999
      2   L       5             0.3055389    0.399512826089    0.607683718598
      2   L       6             0.0993707    0.700115468880    0.391957393099

 B

      1   S       1            48.7911132    0.154328967295
      1   S       2             8.8873622    0.535328142282
      1   S       3             2.4052670    0.444634542185

      2   L       4             2.2369561   -0.099967229187    0.155916274999
      2   L       5             0.5198205    0.399512826089    0.607683718598
      2   L       6             0.1690618    0.700115468880    0.391957393099

 C

      1   S       1            71.6168373    0.154328967295
      1   S       2            13.0450963    0.535328142282
      1   S       3             3.5305122    0.444634542185

      2   L       4             2.9412494   -0.099967229187    0.155916274999
      2   L       5             0.6834831    0.399512826089    0.607683718598
      2   L       6             0.2222899    0.700115468880    0.391957393099

 N

      1   S       1            99.1061690    0.154328967295
      1   S       2            18.0523124    0.535328142282
      1   S       3             4.8856602    0.444634542185

      2   L       4             3.7804559   -0.099967229187    0.155916274999
      2   L       5             0.8784966    0.399512826089    0.607683718598
      2   L       6             0.2857144    0.700115468880    0.391957393099

 O

      1   S       1           130.7093214    0.154328967295
      1   S       2            23.8088661    0.535328142282
      1   S       3             6.4436083    0.444634542185

      2   L       4             5.0331513   -0.099967229187    0.155916274999
      2   L       5             1.1695961    0.399512826089    0.607683718598
      2   L       6             0.3803890    0.700115468880    0.391957393099

 F

      1   S       1           166.6791340    0.154328967295
      1   S       2            30.3608123    0.535328142282
      1   S       3             8.2168207    0.444634542185

      2   L       4             6.4648032   -0.099967229187    0.155916274999
      2   L       5             1.5022812    0.399512826089    0.607683718598
      2   L       6             0.4885885    0.700115468880    0.391957393099

 NE

      1   S       1           207.0156070    0.154328967295
      1   S       2            37.7081512    0.535328142282
      1   S       3            10.2052973    0.444634542185

      2   L       4             8.2463151   -0.099967229187    0.155916274999
      2   L       5             1.9162663    0.399512826089    0.607683718598
      2   L       6             0.6232293    0.700115468880    0.391957393099

 NA

      1   S       1           250.7724300    0.154328967295
      1   S       2            45.6785112    0.535328142282
      1   S       3            12.3623878    0.444634542185

      2   L       4            12.0401927   -0.099967229187    0.155916274999
      2   L       5             2.7978819    0.399512826089    0.607683718598
      2   L       6             0.9099580    0.700115468880    0.391957393099

      3   L       7             0.7787953   -0.219620369005    0.010587604289
      3   L       8             0.2172819    0.225595433605    0.595167005266
      3   L       9             0.0850427    0.900398426019    0.462001011973

 MG

      1   S       1           299.2374137    0.154328967295
      1   S       2            54.5064684    0.535328142282
      1   S       3            14.7515775    0.444634542185

      2   L       4            15.1218235   -0.099967229187    0.155916274999
      2   L       5             3.5139866    0.399512826089    0.607683718598
      2   L       6             1.1428575    0.700115468880    0.391957393099

      3   L       7             0.7424364   -0.219620369005    0.010587604289
      3   L       8             0.2071379    0.225595433605    0.595167005266
      3   L       9             0.0810724    0.900398426019    0.462001011973

 AL

      1   S       1           351.4214767    0.154328967295
      1   S       2            64.0118607    0.535328142282
      1   S       3            17.3241076    0.444634542185

      2   L       4            18.8993962   -0.099967229187    0.155916274999
      2   L       5             4.3918132    0.399512826089    0.607683718598
      2   L       6             1.4283540    0.700115468880    0.391957393099

      3   L       7             0.8670128   -0.219620369005    0.010587604289
      3   L       8             0.2418944    0.225595433605    0.595167005266
      3   L       9             0.0946758    0.900398426019    0.462001011973

 SI

      1   S       1           407.7975514    0.154328967295
      1   S       2            74.2808330    0.535328142282
      1   S       3            20.1032923    0.444634542185

      2   L       4            23.1936561   -0.099967229187    0.155916274999
      2   L       5             5.3897069    0.399512826089    0.607683718598
      2   L       6             1.7529000    0.700115468880    0.391957393099

      3   L       7             1.1155861   -0.219620369005    0.010587604289
      3   L       8             0.3112457    0.225595433605    0.595167005266
      3   L       9             0.1218195    0.900398426019    0.462001011973

 P

      1   S       1           468.3656378    0.154328967295
      1   S       2            85.3133856    0.535328142282
      1   S       3            23.0891316    0.444634542185

      2   L       4            28.0326396   -0.099967229187    0.155916274999
      2   L       5             6.5141826    0.399512826089    0.607683718598
      2   L       6             2.1186144    0.700115468880    0.391957393099

      3   L       7             1.4284755   -0.219620369005    0.010587604289
      3   L       8             0.3985410    0.225595433605    0.595167005266
      3   L       9             0.1559863    0.900398426019    0.462001011973

 S

      1   S       1           533.1257359    0.154328967295
      1   S       2            97.1095183    0.535328142282
      1   S       3            26.2816254    0.444634542185

      2   L       4            33.3297517   -0.099967229187    0.155916274999
      2   L       5             7.7451175    0.399512826089    0.607683718598
      2   L       6             2.5189526    0.700115468880    0.391957393099

      3   L       7             1.7615000   -0.219620369005    0.010587604289
      3   L       8             0.4914540    0.225595433605    0.595167005266
      3   L       9             0.1923518    0.900398426019    0.462001011973

 CL

      1   S       1           601.3456136    0.154328967295
      1   S       2           109.5358542    0.535328142282
      1   S       3            29.6446769    0.444634542185

      2   L       4            38.9604189   -0.099967229187    0.155916274999
      2   L       5             9.0535635    0.399512826089    0.607683718598
      2   L       6             2.9444998    0.700115468880    0.391957393099

      3   L       7             2.1701394   -0.219620369005    0.010587604289
      3   L       8             0.6054634    0.225595433605    0.595167005266
      3   L       9             0.2369743    0.900398426019    0.462001011973

 AR

      1   S       1           674.4465184    0.154328967295
      1   S       2           122.8512753    0.535328142282
      1   S       3            33.2483494    0.444634542185

      2   L       4            45.1642439   -0.099967229187    0.155916274999
      2   L       5            10.4951990    0.399512826089    0.607683718598
      2   L       6             3.4133644    0.700115468880    0.391957393099

      3   L       7             2.6213665   -0.219620369005    0.010587604289
      3   L       8             0.7313546    0.225595433605    0.595167005266
      3   L       9             0.2862472    0.900398426019    0.462001011973

 K

      1   S       1           771.5103681    0.154328967295
      1   S       2           140.5315766    0.535328142282
      1   S       3            38.0333290    0.444634542185

      2   L       4            52.4020398   -0.099967229187    0.155916274999
      2   L       5            12.1771071    0.399512826089    0.607683718598
      2   L       6             3.9603732    0.700115468880    0.391957393099

      3   L       7             3.6515840   -0.219620369005    0.010587604289
      3   L       8             1.0187827    0.225595433605    0.595167005266
      3   L       9             0.3987446    0.900398426019    0.462001011973

      4   L      10             0.5039823   -0.308844121382   -0.121546859998
      4   L      11             0.1860011    0.019606411652    0.571522760389
      4   L      12             0.0821401    1.131034441567    0.549894947089

 CA

      1   S       1           854.0324951    0.154328967295
      1   S       2           155.5630851    0.535328142282
      1   S       3            42.1014418    0.444634542185

      2   L       4            59.5602994   -0.099967229187    0.155916274999
      2   L       5            13.8405327    0.399512826089    0.607683718598
      2   L       6             4.5013708    0.700115468880    0.391957393099

      3   L       7             4.3747063   -0.219620369005    0.010587604289
      3   L       8             1.2205319    0.225595433605    0.595167005266
      3   L       9             0.4777079    0.900398426019    0.462001011973

      4   L      10             0.4558490   -0.308844121382   -0.121546859998
      4   L      11             0.1682369    0.019606411652    0.571522760389
      4   L      12             0.0742952    1.131034441567    0.549894947089

 SC

      1   S       1           941.6624250    0.154328967295
      1   S       2           171.5249862    0.535328142282
      1   S       3            46.4213552    0.444634542185

      2   L       4            67.1766877   -0.099967229187    0.155916274999
      2   L       5            15.6104175    0.399512826089    0.607683718598
      2   L       6             5.0769923    0.700115468880    0.391957393099

      3   L       7             4.9753767   -0.219620369005    0.010587604289
      3   L       8             1.3881175    0.225595433605    0.595167005266
      3   L       9             0.5432998    0.900398426019    0.462001011973

      4   D      10             2.8388327    0.168659606013
      4   D      11             0.8901202    0.584798481745
      4   D      12             0.3467238    0.405677952331

      5   L      13             0.3316341   -0.308844121382   -0.121546859998
      5   L      14             0.1223938    0.019606411652    0.571522760389
      5   L      15             0.0540504    1.131034441567    0.549894947089

 TI

      1   S       1          1033.5712454    0.154328967295
      1   S       2           188.2662926    0.535328142282
      1   S       3            50.9522060    0.444634542185

      2   L       4            75.2512046   -0.099967229187    0.155916274999
      2   L       5            17.4867616    0.399512826089    0.607683718598
      2   L       6             5.6872376    0.700115468880    0.391957393099

      3   L       7             5.7139020   -0.219620369005    0.010587604289
      3   L       8             1.5941642    0.225595433605    0.595167005266
      3   L       9             0.6239451    0.900398426019    0.462001011973

      4   D      10             3.7557576    0.168659606013
      4   D      11             1.1776233    0.584798481745
      4   D      12             0.4587133    0.405677952331

      5   L      13             0.3608394   -0.308844121382   -0.121546859998
      5   L      14             0.1331724    0.019606411652    0.571522760389
      5   L      15             0.0588103    1.131034441567    0.549894947089

 V

      1   S       1          1130.7625173    0.154328967295
      1   S       2           205.9698041    0.535328142282
      1   S       3            55.7434671    0.444634542185

      2   L       4            83.7838501   -0.099967229187    0.155916274999
      2   L       5            19.4695649    0.399512826089    0.607683718598
      2   L       6             6.3321068    0.700115468880    0.391957393099

      3   L       7             6.5035133   -0.219620369005    0.010587604289
      3   L       8             1.8144637    0.225595433605    0.595167005266
      3   L       9             0.7101688    0.900398426019    0.462001011973

      4   D      10             3.8120228    0.168659606013
      4   D      11             1.1952654    0.584798481745
      4   D      12             0.4655853    0.405677952331

      5   L      13             0.3850908   -0.308844121382   -0.121546859998
      5   L      14             0.1421227    0.019606411652    0.571522760389
      5   L      15             0.0627629    1.131034441567    0.549894947089

 CR

      1   S       1          1232.3204495    0.154328967295
      1   S       2           224.4687082    0.535328142282
      1   S       3            60.7499925    0.444634542185

      2   L       4            92.7746242   -0.099967229187    0.155916274999
      2   L       5            21.5588275    0.399512826089    0.607683718598
      2   L       6             7.0115998    0.700115468880    0.391957393099

      3   L       7             7.3065962   -0.219620369005    0.010587604289
      3   L       8             2.0385218    0.225595433605    0.595167005266
      3   L       9             0.7978636    0.900398426019    0.462001011973

      4   D      10             5.4554805    0.168659606013
      4   D      11             1.7105740    0.584798481745
      4   D      12             0.6663107    0.405677952331

      5   L      13             0.4101310   -0.308844121382   -0.121546859998
      5   L      14             0.1513641    0.019606411652    0.571522760389
      5   L      15             0.0668440    1.131034441567    0.549894947089

 MN

      1   S       1          1337.1532655    0.154328967295
      1   S       2           243.5641365    0.535328142282
      1   S       3            65.9179606    0.444634542185

      2   L       4           102.0220021   -0.099967229187    0.155916274999
      2   L       5            23.7077192    0.399512826089    0.607683718598
      2   L       6             7.7104861    0.700115468880    0.391957393099

      3   L       7             8.1564194   -0.219620369005    0.010587604289
      3   L       8             2.2756203    0.225595433605    0.595167005266
      3   L       9             0.8906624    0.900398426019    0.462001011973

      4   D      10             6.3691110    0.168659606013
      4   D      11             1.9970442    0.584798481745
      4   D      12             0.7778979    0.405677952331

      5   L      13             0.4294287   -0.308844121382   -0.121546859998
      5   L      14             0.1584862    0.019606411652    0.571522760389
      5   L      15             0.0699892    1.131034441567    0.549894947089

 FE

      1   S       1          1447.4004106    0.154328967295
      1   S       2           263.6457916    0.535328142282
      1   S       3            71.3528402    0.444634542185

      2   L       4           111.9194891   -0.099967229187    0.155916274999
      2   L       5            26.0076824    0.399512826089    0.607683718598
      2   L       6             8.4585055    0.700115468880    0.391957393099

      3   L       7             9.0529829   -0.219620369005    0.010587604289
      3   L       8             2.5257592    0.225595433605    0.595167005266
      3   L       9             0.9885650    0.900398426019    0.462001011973

      4   D      10             7.1974024    0.168659606013
      4   D      11             2.2567562    0.584798481745
      4   D      12             0.8790621    0.405677952331

      5   L      13             0.4558490   -0.308844121382   -0.121546859998
      5   L      14             0.1682369    0.019606411652    0.571522760389
      5   L      15             0.0742952    1.131034441567    0.549894947089

 CO

      1   S       1          1560.8346697    0.154328967295
      1   S       2           284.3079835    0.535328142282
      1   S       3            76.9448357    0.444634542185

      2   L       4           122.2751047   -0.099967229187    0.155916274999
      2   L       5            28.4141047    0.399512826089    0.607683718598
      2   L       6             9.2411487    0.700115468880    0.391957393099

      3   L       7             9.9962866   -0.219620369005    0.010587604289
      3   L       8             2.7889386    0.225595433605    0.595167005266
      3   L       9             1.0915717    0.900398426019    0.462001011973

      4   D      10             8.1174647    0.168659606013
      4   D      11             2.5452431    0.584798481745
      4   D      12             0.9914349    0.405677952331

      5   L      13             0.4830580   -0.308844121382   -0.121546859998
      5   L      14             0.1782788    0.019606411652    0.571522760389
      5   L      15             0.0787298    1.131034441567    0.549894947089

 NI

      1   S       1          1679.7710276    0.154328967295
      1   S       2           305.9723896    0.535328142282
      1   S       3            82.8080694    0.444634542185

      2   L       4           132.8588899   -0.099967229187    0.155916274999
      2   L       5            30.8735488    0.399512826089    0.607683718598
      2   L       6            10.0410363    0.700115468880    0.391957393099

      3   L       7            10.9403146   -0.219620369005    0.010587604289
      3   L       8             3.0523200    0.225595433605    0.595167005266
      3   L       9             1.1946574    0.900398426019    0.462001011973

      4   D      10             9.0492925    0.168659606013
      4   D      11             2.8374190    0.584798481745
      4   D      12             1.1052446    0.405677952331

      5   L      13             0.5039823   -0.308844121382   -0.121546859998
      5   L      14             0.1860011    0.019606411652    0.571522760389
      5   L      15             0.0821401    1.131034441567    0.549894947089

 CU

      1   S       1          1801.8067297    0.154328967295
      1   S       2           328.2013450    0.535328142282
      1   S       3            88.8240923    0.444634542185

      2   L       4           144.1212184   -0.099967229187    0.155916274999
      2   L       5            33.4906717    0.399512826089    0.607683718598
      2   L       6            10.8922059    0.700115468880    0.391957393099

      3   L       7            11.9749743   -0.219620369005    0.010587604289
      3   L       8             3.3409874    0.225595433605    0.595167005266
      3   L       9             1.3076398    0.900398426019    0.462001011973

      4   D      10            10.0317381    0.168659606013
      4   D      11             3.1454663    0.584798481745
      4   D      12             1.2252366    0.405677952331

      5   L      13             0.5253502   -0.308844121382   -0.121546859998
      5   L      14             0.1938873    0.019606411652    0.571522760389
      5   L      15             0.0856227    1.131034441567    0.549894947089

 ZN

      1   S       1          1929.4323006    0.154328967295
      1   S       2           351.4485021    0.535328142282
      1   S       3            95.1156802    0.444634542185

      2   L       4           155.8416755   -0.099967229187    0.155916274999
      2   L       5            36.2142539    0.399512826089    0.607683718598
      2   L       6            11.7779993    0.700115468880    0.391957393099

      3   L       7            13.0062058   -0.219620369005    0.010587604289
      3   L       8             3.6286984    0.225595433605    0.595167005266
      3   L       9             1.4202480    0.900398426019    0.462001011973

      4   D      10            11.1129616    0.168659606013
      4   D      11             3.4844856    0.584798481745
      4   D      12             1.3572930    0.405677952331

      5   L      13             0.5545308   -0.308844121382   -0.121546859998
      5   L      14             0.2046567    0.019606411652    0.571522760389
      5   L      15             0.0903786    1.131034441567    0.549894947089

 GA

      1   S       1          2061.4245316    0.154328967295
      1   S       2           375.4910517    0.535328142282
      1   S       3           101.6225324    0.444634542185

      2   L       4           167.7618680   -0.099967229187    0.155916274999
      2   L       5            38.9842503    0.399512826089    0.607683718598
      2   L       6            12.6788881    0.700115468880    0.391957393099

      3   L       7            13.3594136   -0.219620369005    0.010587604289
      3   L       8             3.7272425    0.225595433605    0.595167005266
      3   L       9             1.4588174    0.900398426019    0.462001011973

      4   D      10            14.4676985    0.168659606013
      4   D      11             4.5363683    0.584798481745
      4   D      12             1.7670272    0.405677952331

      5   L      13             0.7985244   -0.308844121382   -0.121546859998
      5   L      14             0.2947057    0.019606411652    0.571522760389
      5   L      15             0.1301452    1.131034441567    0.549894947089

 GE

      1   S       1          2196.3842294    0.154328967295
      1   S       2           400.0741292    0.535328142282
      1   S       3           108.2756726    0.444634542185

      2   L       4           180.3890380   -0.099967229187    0.155916274999
      2   L       5            41.9185330    0.399512826089    0.607683718598
      2   L       6            13.6332080    0.700115468880    0.391957393099

      3   L       7            15.0343378   -0.219620369005    0.010587604289
      3   L       8             4.1945421    0.225595433605    0.595167005266
      3   L       9             1.6417153    0.900398426019    0.462001011973

      4   D      10            16.2815730    0.168659606013
      4   D      11             5.1051113    0.584798481745
      4   D      12             1.9885667    0.405677952331

      5   L      13             0.9858326   -0.308844121382   -0.121546859998
      5   L      14             0.3638342    0.019606411652    0.571522760389
      5   L      15             0.1606730    1.131034441567    0.549894947089

 AS

      1   S       1          2337.0656734    0.154328967295
      1   S       2           425.6994298    0.535328142282
      1   S       3           115.2108790    0.444634542185

      2   L       4           193.1970535   -0.099967229187    0.155916274999
      2   L       5            44.8948404    0.399512826089    0.607683718598
      2   L       6            14.6011955    0.700115468880    0.391957393099

      3   L       7            16.8081505   -0.219620369005    0.010587604289
      3   L       8             4.6894313    0.225595433605    0.595167005266
      3   L       9             1.8354116    0.900398426019    0.462001011973

      4   D      10            18.2025397    0.168659606013
      4   D      11             5.7074332    0.584798481745
      4   D      12             2.2231859    0.405677952331

      5   L      13             1.1076815   -0.308844121382   -0.121546859998
      5   L      14             0.4088041    0.019606411652    0.571522760389
      5   L      15             0.1805322    1.131034441567    0.549894947089

 SE

      1   S       1          2480.6268142    0.154328967295
      1   S       2           451.8492708    0.535328142282
      1   S       3           122.2880464    0.444634542185

      2   L       4           206.1578780   -0.099967229187    0.155916274999
      2   L       5            47.9066573    0.399512826089    0.607683718598
      2   L       6            15.5807318    0.700115468880    0.391957393099

      3   L       7            18.6808518   -0.219620369005    0.010587604289
      3   L       8             5.2119102    0.225595433605    0.595167005266
      3   L       9             2.0399063    0.900398426019    0.462001011973

      4   D      10            20.2305985    0.168659606013
      4   D      11             6.3433341    0.584798481745
      4   D      12             2.4708850    0.405677952331

      5   L      13             1.2146443   -0.308844121382   -0.121546859998
      5   L      14             0.4482801    0.019606411652    0.571522760389
      5   L      15             0.1979652    1.131034441567    0.549894947089

 BR  

      1   S       1          2629.9974710    0.154328967295
      1   S       2           479.0573224    0.535328142282
      1   S       3           129.6516070    0.444634542185

      2   L       4           219.8350255   -0.099967229187    0.155916274999
      2   L       5            51.0849322    0.399512826089    0.607683718598
      2   L       6            16.6144055    0.700115468880    0.391957393099

      3   L       7            20.6524416   -0.219620369005    0.010587604289
      3   L       8             5.7619788    0.225595433605    0.595167005266
      3   L       9             2.2551994    0.900398426019    0.462001011973

      4   D      10            22.3657496    0.168659606013
      4   D      11             7.0128139    0.584798481745
      4   D      12             2.7316638    0.405677952331

      5   L      13             1.3960375   -0.308844121382   -0.121546859998
      5   L      14             0.5152256    0.019606411652    0.571522760389
      5   L      15             0.2275291    1.131034441567    0.549894947089

 KR

      1   S       1          2782.1600549    0.154328967295
      1   S       2           506.7739270    0.535328142282
      1   S       3           137.1528019    0.444634542185

      2   L       4           233.9514118   -0.099967229187    0.155916274999
      2   L       5            54.3652768    0.399512826089    0.607683718598
      2   L       6            17.6812753    0.700115468880    0.391957393099

      3   L       7            22.7229199   -0.219620369005    0.010587604289
      3   L       8             6.3396370    0.225595433605    0.595167005266
      3   L       9             2.4812909    0.900398426019    0.462001011973

      4   D      10            24.6079930    0.168659606013
      4   D      11             7.7158726    0.584798481745
      4   D      12             3.0055225    0.405677952331

      5   L      13             1.5900493   -0.308844121382   -0.121546859998
      5   L      14             0.5868282    0.019606411652    0.571522760389
      5   L      15             0.2591495    1.131034441567    0.549894947089

 RB

      1   S       1          2938.6015292    0.154328967295
      1   S       2           535.2699368    0.535328142282
      1   S       3           144.8649342    0.444634542185

      2   L       4           248.5070369   -0.099967229187    0.155916274999
      2   L       5            57.7476910    0.399512826089    0.607683718598
      2   L       6            18.7813414    0.700115468880    0.391957393099

      3   L       7            24.8922867   -0.219620369005    0.010587604289
      3   L       8             6.9448848    0.225595433605    0.595167005266
      3   L       9             2.7181808    0.900398426019    0.462001011973

      4   D      10            26.9573285    0.168659606013
      4   D      11             8.4525102    0.584798481745
      4   D      12             3.2924611    0.405677952331

      5   L      13             2.2477968   -0.308844121382   -0.121546859998
      5   L      14             0.8295784    0.019606411652    0.571522760389
      5   L      15             0.3663506    1.131034441567    0.549894947089

      6   L      16             0.4869926   -0.384262501548   -0.348169412435
      6   L      17             0.2622163   -0.197256230789    0.629032745141
      6   L      18             0.1158254    1.375494636185    0.666283789268

 SR

      1   S       1          3100.9839515    0.154328967295
      1   S       2           564.8480978    0.535328142282
      1   S       3           152.8699389    0.444634542185

      2   L       4           263.5019007   -0.099967229187    0.155916274999
      2   L       5            61.2321749    0.399512826089    0.607683718598
      2   L       6            19.9146037    0.700115468880    0.391957393099

      3   L       7            27.0881622   -0.219620369005    0.010587604289
      3   L       8             7.5575285    0.225595433605    0.595167005266
      3   L       9             2.9579654    0.900398426019    0.462001011973

      4   D      10            29.3353719    0.168659606013
      4   D      11             9.1981493    0.584798481745
      4   D      12             3.5829058    0.405677952331

      5   L      13             2.4610324   -0.308844121382   -0.121546859998
      5   L      14             0.9082757    0.019606411652    0.571522760389
      5   L      15             0.4011041    1.131034441567    0.549894947089

      6   L      16             0.4370792   -0.384262501548   -0.348169412435
      6   L      17             0.2353410   -0.197256230789    0.629032745141
      6   L      18             0.1039541    1.375494636185    0.666283789268

 Y

      1   S       1          3266.0268688    0.154328967295
      1   S       2           594.9108712    0.535328142282
      1   S       3           161.0060986    0.444634542185

      2   L       4           277.9377244   -0.099967229187    0.155916274999
      2   L       5            64.5867499    0.399512826089    0.607683718598
      2   L       6            21.0056156    0.700115468880    0.391957393099

      3   L       7            30.6713258   -0.219620369005    0.010587604289
      3   L       8             8.5572220    0.225595433605    0.595167005266
      3   L       9             3.3492387    0.900398426019    0.462001011973

      4   D      10             5.6600434    0.168659606013
      4   D      11             1.7747150    0.584798481745
      4   D      12             0.6912952    0.405677952331

      5   L      13             2.6676876   -0.308844121382   -0.121546859998
      5   L      14             0.9845445    0.019606411652    0.571522760389
      5   L      15             0.4347852    1.131034441567    0.549894947089

      6   D      16             2.1282119    0.230855271810
      6   D      17             0.9625941    0.604240917727
      6   D      18             0.4728609    0.259576892612

      7   L      19             0.2074238   -0.384262501548   -0.348169412435
      7   L      20             0.1116853   -0.197256230789    0.629032745141
      7   L      21             0.0493333    1.375494636185    0.666283789268

 ZR

      1   S       1          3435.3486766    0.154328967295
      1   S       2           625.7530498    0.535328142282
      1   S       3           169.3531958    0.444634542185

      2   L       4           293.7830292   -0.099967229187    0.155916274999
      2   L       5            68.2688580    0.399512826089    0.607683718598
      2   L       6            22.2031514    0.700115468880    0.391957393099

      3   L       7            32.5463447   -0.219620369005    0.010587604289
      3   L       8             9.0803476    0.225595433605    0.595167005266
      3   L       9             3.5539865    0.900398426019    0.462001011973

      4   D      10             6.3326641    0.168659606013
      4   D      11             1.9856162    0.584798481745
      4   D      12             0.7734464    0.405677952331

      5   L      13             2.9847067   -0.308844121382   -0.121546859998
      5   L      14             1.1015445    0.019606411652    0.571522760389
      5   L      15             0.4864537    1.131034441567    0.549894947089

      6   D      16             1.5999455    0.230855271810
      6   D      17             0.7236583    0.604240917727
      6   D      18             0.3554870    0.259576892612

      7   L      19             0.2244888   -0.384262501548   -0.348169412435
      7   L      20             0.1208737   -0.197256230789    0.629032745141
      7   L      21             0.0533920    1.375494636185    0.666283789268

 NB

      1   S       1          3610.7428644    0.154328967295
      1   S       2           657.7013201    0.535328142282
      1   S       3           177.9996445    0.444634542185

      2   L       4           310.0675728   -0.099967229187    0.155916274999
      2   L       5            72.0530357    0.399512826089    0.607683718598
      2   L       6            23.4338835    0.700115468880    0.391957393099

      3   L       7            34.9683408   -0.219620369005    0.010587604289
      3   L       8             9.7560783    0.225595433605    0.595167005266
      3   L       9             3.8184629    0.900398426019    0.462001011973

      4   D      10             7.0430390    0.168659606013
      4   D      11             2.2083553    0.584798481745
      4   D      12             0.8602088    0.405677952331

      5   L      13             3.3195200   -0.308844121382   -0.121546859998
      5   L      14             1.2251117    0.019606411652    0.571522760389
      5   L      15             0.5410222    1.131034441567    0.549894947089

      6   D      16             1.5157528    0.230855271810
      6   D      17             0.6855778    0.604240917727
      6   D      18             0.3367805    0.259576892612

      7   L      19             0.2458571   -0.384262501548   -0.348169412435
      7   L      20             0.1323793   -0.197256230789    0.629032745141
      7   L      21             0.0584742    1.375494636185    0.666283789268

 MO

      1   S       1          3788.6661152    0.154328967295
      1   S       2           690.1102623    0.535328142282
      1   S       3           186.7707691    0.444634542185

      2   L       4           326.4309567   -0.099967229187    0.155916274999
      2   L       5            75.8555342    0.399512826089    0.607683718598
      2   L       6            24.6705740    0.700115468880    0.391957393099

      3   L       7            37.5623778   -0.219620369005    0.010587604289
      3   L       8            10.4798081    0.225595433605    0.595167005266
      3   L       9             4.1017258    0.900398426019    0.462001011973

      4   D      10             7.8315891    0.168659606013
      4   D      11             2.4556063    0.584798481745
      4   D      12             0.9565192    0.405677952331

      5   L      13             3.6911789   -0.308844121382   -0.121546859998
      5   L      14             1.3622772    0.019606411652    0.571522760389
      5   L      15             0.6015960    1.131034441567    0.549894947089

      6   D      16             1.5892970    0.230855271810
      6   D      17             0.7188419    0.604240917727
      6   D      18             0.3531210    0.259576892612

      7   L      19             0.2644060   -0.384262501548   -0.348169412435
      7   L      20             0.1423668   -0.197256230789    0.629032745141
      7   L      21             0.0628858    1.375494636185    0.666283789268

 TC

      1   S       1          3970.8682565    0.154328967295
      1   S       2           723.2986098    0.535328142282
      1   S       3           195.7528311    0.444634542185

      2   L       4           343.5846323   -0.099967229187    0.155916274999
      2   L       5            79.8416795    0.399512826089    0.607683718598
      2   L       6            25.9669922    0.700115468880    0.391957393099

      3   L       7            40.3374368   -0.219620369005    0.010587604289
      3   L       8            11.2540425    0.225595433605    0.595167005266
      3   L       9             4.4047559    0.900398426019    0.462001011973

      4   D      10             8.5770513    0.168659606013
      4   D      11             2.6893471    0.584798481745
      4   D      12             1.0475670    0.405677952331

      5   L      13             4.0425296   -0.308844121382   -0.121546859998
      5   L      14             1.4919477    0.019606411652    0.571522760389
      5   L      15             0.6588598    1.131034441567    0.549894947089

      6   D      16             1.7305010    0.230855271810
      6   D      17             0.7827088    0.604240917727
      6   D      18             0.3844947    0.259576892612

      7   L      19             0.2836294   -0.384262501548   -0.348169412435
      7   L      20             0.1527174   -0.197256230789    0.629032745141
      7   L      21             0.0674579    1.375494636185    0.666283789268

 RU

      1   S       1          4159.2742098    0.154328967295
      1   S       2           757.6169894    0.535328142282
      1   S       3           205.0407239    0.444634542185

      2   L       4           360.7986561   -0.099967229187    0.155916274999
      2   L       5            83.8418484    0.399512826089    0.607683718598
      2   L       6            27.2679713    0.700115468880    0.391957393099

      3   L       7            43.1200765   -0.219620369005    0.010587604289
      3   L       8            12.0303919    0.225595433605    0.595167005266
      3   L       9             4.7086139    0.900398426019    0.462001011973

      4   D      10             9.4006888    0.168659606013
      4   D      11             2.9475999    0.584798481745
      4   D      12             1.1481628    0.405677952331

      5   L      13             4.4307259   -0.308844121382   -0.121546859998
      5   L      14             1.6352165    0.019606411652    0.571522760389
      5   L      15             0.7221288    1.131034441567    0.549894947089

      6   D      16             1.8892868    0.230855271810
      6   D      17             0.8545278    0.604240917727
      6   D      18             0.4197748    0.259576892612

      7   L      19             0.2994937   -0.384262501548   -0.348169412435
      7   L      20             0.1612594   -0.197256230789    0.629032745141
      7   L      21             0.0712310    1.375494636185    0.666283789268

 RH

      1   S       1          4350.0777941    0.154328967295
      1   S       2           792.3721005    0.535328142282
      1   S       3           214.4468133    0.444634542185

      2   L       4           378.4334264   -0.099967229187    0.155916274999
      2   L       5            87.9397898    0.399512826089    0.607683718598
      2   L       6            28.6007490    0.700115468880    0.391957393099

      3   L       7            46.0898223   -0.219620369005    0.010587604289
      3   L       8            12.8589434    0.225595433605    0.595167005266
      3   L       9             5.0329033    0.900398426019    0.462001011973

      4   D      10            10.1696297    0.168659606013
      4   D      11             3.1887025    0.584798481745
      4   D      12             1.2420782    0.405677952331

      5   L      13             4.7931426   -0.308844121382   -0.121546859998
      5   L      14             1.7689710    0.019606411652    0.571522760389
      5   L      15             0.7811963    1.131034441567    0.549894947089

      6   D      16             2.0792892    0.230855271810
      6   D      17             0.9404663    0.604240917727
      6   D      18             0.4619909    0.259576892612

      7   L      19             0.3157898   -0.384262501548   -0.348169412435
      7   L      20             0.1700338   -0.197256230789    0.629032745141
      7   L      21             0.0751068    1.375494636185    0.666283789268

 PD

      1   S       1          4545.1602689    0.154328967295
      1   S       2           827.9066168    0.535328142282
      1   S       3           224.0638402    0.444634542185

      2   L       4           396.4889433   -0.099967229187    0.155916274999
      2   L       5            92.1355036    0.399512826089    0.607683718598
      2   L       6            29.9653254    0.700115468880    0.391957393099

      3   L       7            49.1584565   -0.219620369005    0.010587604289
      3   L       8            13.7150846    0.225595433605    0.595167005266
      3   L       9             5.3679912    0.900398426019    0.462001011973

      4   D      10            11.0167459    0.168659606013
      4   D      11             3.4543170    0.584798481745
      4   D      12             1.3455416    0.405677952331

      5   L      13             5.1924047   -0.308844121382   -0.121546859998
      5   L      14             1.9163239    0.019606411652    0.571522760389
      5   L      15             0.8462688    1.131034441567    0.549894947089

      6   D      16             2.2783935    0.230855271810
      6   D      17             1.0305215    0.604240917727
      6   D      18             0.5062293    0.259576892612

      7   L      19             0.3325175   -0.384262501548   -0.348169412435
      7   L      20             0.1790407   -0.197256230789    0.629032745141
      7   L      21             0.0790853    1.375494636185    0.666283789268

 AG

      1   S       1          4744.5216342    0.154328967295
      1   S       2           864.2205383    0.535328142282
      1   S       3           233.8918045    0.444634542185

      2   L       4           414.9652069   -0.099967229187    0.155916274999
      2   L       5            96.4289899    0.399512826089    0.607683718598
      2   L       6            31.3617004    0.700115468880    0.391957393099

      3   L       7            52.3259793   -0.219620369005    0.010587604289
      3   L       8            14.5988154    0.225595433605    0.595167005266
      3   L       9             5.7138774    0.900398426019    0.462001011973

      4   D      10            11.8479133    0.168659606013
      4   D      11             3.7149308    0.584798481745
      4   D      12             1.4470571    0.405677952331

      5   L      13             5.5841500   -0.308844121382   -0.121546859998
      5   L      14             2.0609025    0.019606411652    0.571522760389
      5   L      15             0.9101163    1.131034441567    0.549894947089

      6   D      16             2.4865997    0.230855271810
      6   D      17             1.1246936    0.604240917727
      6   D      18             0.5524900    0.259576892612

      7   L      19             0.3453466   -0.384262501548   -0.348169412435
      7   L      20             0.1859484   -0.197256230789    0.629032745141
      7   L      21             0.0821366    1.375494636185    0.666283789268

 CD

      1   S       1          4950.2619055    0.154328967295
      1   S       2           901.6963856    0.535328142282
      1   S       3           244.0342313    0.444634542185

      2   L       4           433.4469385   -0.099967229187    0.155916274999
      2   L       5           100.7237469    0.399512826089    0.607683718598
      2   L       6            32.7584886    0.700115468880    0.391957393099

      3   L       7            55.6960593   -0.219620369005    0.010587604289
      3   L       8            15.5390592    0.225595433605    0.595167005266
      3   L       9             6.0818824    0.900398426019    0.462001011973

      4   D      10            12.7093050    0.168659606013
      4   D      11             3.9850214    0.584798481745
      4   D      12             1.5522640    0.405677952331

      5   L      13             5.9901404   -0.308844121382   -0.121546859998
      5   L      14             2.2107386    0.019606411652    0.571522760389
      5   L      15             0.9762855    1.131034441567    0.549894947089

      6   D      16             2.7877450    0.230855271810
      6   D      17             1.2609022    0.604240917727
      6   D      18             0.6194005    0.259576892612

      7   L      19             0.3584185   -0.384262501548   -0.348169412435
      7   L      20             0.1929869   -0.197256230789    0.629032745141
      7   L      21             0.0852456    1.375494636185    0.666283789268

 IN

      1   S       1          5158.2247138    0.154328967295
      1   S       2           939.5770707    0.535328142282
      1   S       3           254.2862231    0.444634542185

      2   L       4           452.3313223   -0.099967229187    0.155916274999
      2   L       5           105.1120716    0.399512826089    0.607683718598
      2   L       6            34.1857080    0.700115468880    0.391957393099

      3   L       7            59.2782572   -0.219620369005    0.010587604289
      3   L       8            16.5384833    0.225595433605    0.595167005266
      3   L       9             6.4730503    0.900398426019    0.462001011973

      4   D      10            64.1959283    0.168659606013
      4   D      11            20.1287283    0.584798481745
      4   D      12             7.8406358    0.405677952331

      5   L      13             5.3290411   -0.308844121382   -0.121546859998
      5   L      14             1.9667513    0.019606411652    0.571522760389
      5   L      15             0.8685381    1.131034441567    0.549894947089

      6   D      16             3.8438691    0.230855271810
      6   D      17             1.7385890    0.604240917727
      6   D      18             0.8540575    0.259576892612

      7   L      19             0.5669215   -0.384262501548   -0.348169412435
      7   L      20             0.3052532   -0.197256230789    0.629032745141
      7   L      21             0.1348355    1.375494636185    0.666283789268

 SN

      1   S       1          5370.4664125    0.154328967295
      1   S       2           978.2371611    0.535328142282
      1   S       3           264.7491522    0.444634542185

      2   L       4           472.0515322   -0.099967229187    0.155916274999
      2   L       5           109.6946243    0.399512826089    0.607683718598
      2   L       6            35.6760964    0.700115468880    0.391957393099

      3   L       7            62.6416739   -0.219620369005    0.010587604289
      3   L       8            17.4768680    0.225595433605    0.595167005266
      3   L       9             6.8403277    0.900398426019    0.462001011973

      4   D      10            67.8383710    0.168659606013
      4   D      11            21.2708216    0.584798481745
      4   D      12             8.2855092    0.405677952331

      5   L      13             5.8933317   -0.308844121382   -0.121546859998
      5   L      14             2.1750100    0.019606411652    0.571522760389
      5   L      15             0.9605074    1.131034441567    0.549894947089

      6   D      16             4.2508952    0.230855271810
      6   D      17             1.9226876    0.604240917727
      6   D      18             0.9444934    0.259576892612

      7   L      19             0.6235799   -0.384262501548   -0.348169412435
      7   L      20             0.3357604   -0.197256230789    0.629032745141
      7   L      21             0.1483111    1.375494636185    0.666283789268

 SB

      1   S       1          5586.9870017    0.154328967295
      1   S       2          1017.6766567    0.535328142282
      1   S       3           275.4230189    0.444634542185

      2   L       4           492.1924888   -0.099967229187    0.155916274999
      2   L       5           114.3749494    0.399512826089    0.607683718598
      2   L       6            37.1982834    0.700115468880    0.391957393099

      3   L       7            66.2109312   -0.219620369005    0.010587604289
      3   L       8            18.4726818    0.225595433605    0.595167005266
      3   L       9             7.2300824    0.900398426019    0.462001011973

      4   D      10            71.7037308    0.168659606013
      4   D      11            22.4828109    0.584798481745
      4   D      12             8.7576089    0.405677952331

      5   L      13             6.4607523   -0.308844121382   -0.121546859998
      5   L      14             2.3844239    0.019606411652    0.571522760389
      5   L      15             1.0529867    1.131034441567    0.549894947089

      6   D      16             4.6601790    0.230855271810
      6   D      17             2.1078075    0.604240917727
      6   D      18             1.0354309    0.259576892612

      7   L      19             0.6529208   -0.384262501548   -0.348169412435
      7   L      20             0.3515587   -0.197256230789    0.629032745141
      7   L      21             0.1552895    1.375494636185    0.666283789268

 TE

      1   S       1          5810.0615911    0.154328967295
      1   S       2          1058.3099716    0.535328142282
      1   S       3           286.4199797    0.444634542185

      2   L       4           512.7541920   -0.099967229187    0.155916274999
      2   L       5           119.1530471    0.399512826089    0.607683718598
      2   L       6            38.7522690    0.700115468880    0.391957393099

      3   L       7            69.8790771   -0.219620369005    0.010587604289
      3   L       8            19.4960851    0.225595433605    0.595167005266
      3   L       9             7.6306356    0.900398426019    0.462001011973

      4   D      10            75.6761827    0.168659606013
      4   D      11            23.7283791    0.584798481745
      4   D      12             9.2427884    0.405677952331

      5   L      13             7.0806438   -0.308844121382   -0.121546859998
      5   L      14             2.6132029    0.019606411652    0.571522760389
      5   L      15             1.1540179    1.131034441567    0.549894947089

      6   D      16             5.1073105    0.230855271810
      6   D      17             2.3100458    0.604240917727
      6   D      18             1.1347777    0.259576892612

      7   L      19             0.7012694   -0.384262501548   -0.348169412435
      7   L      20             0.3775915   -0.197256230789    0.629032745141
      7   L      21             0.1667886    1.375494636185    0.666283789268

 I

      1   S       1          6035.1836233    0.154328967295
      1   S       2          1099.3162308    0.535328142282
      1   S       3           297.5178737    0.444634542185

      2   L       4           533.7366418   -0.099967229187    0.155916274999
      2   L       5           124.0289171    0.399512826089    0.607683718598
      2   L       6            40.3380533    0.700115468880    0.391957393099

      3   L       7            73.6461115   -0.219620369005    0.010587604289
      3   L       8            20.5470782    0.225595433605    0.595167005266
      3   L       9             8.0419871    0.900398426019    0.462001011973

      4   D      10            79.7557269    0.168659606013
      4   D      11            25.0075262    0.584798481745
      4   D      12             9.7410478    0.405677952331

      5   L      13             7.7013486   -0.308844121382   -0.121546859998
      5   L      14             2.8422820    0.019606411652    0.571522760389
      5   L      15             1.2551817    1.131034441567    0.549894947089

      6   D      16             5.5550285    0.230855271810
      6   D      17             2.5125495    0.604240917727
      6   D      18             1.2342548    0.259576892612

      7   L      19             0.7900342   -0.384262501548   -0.348169412435
      7   L      20             0.4253861   -0.197256230789    0.629032745141
      7   L      21             0.1879003    1.375494636185    0.666283789268

 XE

      1   S       1          6264.5845460    0.154328967295
      1   S       2          1141.1018952    0.535328142282
      1   S       3           308.8267052    0.444634542185

      2   L       4           555.1398381   -0.099967229187    0.155916274999
      2   L       5           129.0025597    0.399512826089    0.607683718598
      2   L       6            41.9556362    0.700115468880    0.391957393099

      3   L       7            77.3897275   -0.219620369005    0.010587604289
      3   L       8            21.5915375    0.225595433605    0.595167005266
      3   L       9             8.4507815    0.900398426019    0.462001011973

      4   D      10            83.8099099    0.168659606013
      4   D      11            26.2787213    0.584798481745
      4   D      12            10.2362096    0.405677952331

      5   L      13             8.3481287   -0.308844121382   -0.121546859998
      5   L      14             3.0809845    0.019606411652    0.571522760389
      5   L      15             1.3605952    1.131034441567    0.549894947089

      6   D      16             6.0215549    0.230855271810
      6   D      17             2.7235602    0.604240917727
      6   D      18             1.3379109    0.259576892612

      7   L      19             0.8910076   -0.384262501548   -0.348169412435
      7   L      20             0.4797542   -0.197256230789    0.629032745141
      7   L      21             0.2119156    1.375494636185    0.666283789268

