  SHELL TYPE  PRIMITIVE        EXPONENT          CONTRACTION COEFFICIENT(S)

 NA

      1   S       1          2600.7567712    0.009163596281
      1   S       2           476.8459071    0.049361492943
      1   S       3           133.4043010    0.168538304910
      1   S       4            45.8279779    0.370562799722
      1   S       5            17.7963449    0.416491529825
      1   S       6             7.3295176    0.130334084108

      2   L       7           124.8424044   -0.013252788090    0.003759696623
      2   L       8            24.7095699   -0.046991710139    0.037679369843
      2   L       9             7.6797159   -0.033785371509    0.173896743514
      2   L      10             2.9546635    0.250241786092    0.418036434734
      2   L      11             1.2832124    0.595117252581    0.425859547735
      2   L      12             0.5881901    0.240706176292    0.101708295508

      3   L      13             4.5096699   -0.007943126362   -0.007139358907
      3   L      14             1.2077301   -0.071002641720   -0.018292770701
      3   L      15             0.4529116   -0.178502692500    0.076216214285
      3   L      16             0.2027316    0.151063505800    0.414509859729
      3   L      17             0.1003215    0.735491476701    0.488962147134
      3   L      18             0.0517023    0.276059312300    0.105881652107

 MG

      1   S       1          3103.3863243    0.009163596281
      1   S       2           569.0024854    0.049361492943
      1   S       3           159.1863906    0.168538304910
      1   S       4            54.6848215    0.370562799722
      1   S       5            21.2357164    0.416491529825
      1   S       6             8.7460407    0.130334084108

      2   L       7           156.7952315   -0.013252788090    0.003759696623
      2   L       8            31.0338683   -0.046991710139    0.037679369843
      2   L       9             9.6453031   -0.033785371509    0.173896743514
      2   L      10             3.7108958    0.250241786092    0.418036434734
      2   L      11             1.6116446    0.595117252581    0.425859547735
      2   L      12             0.7387346    0.240706176292    0.101708295508

      3   L      13             5.0465427   -0.007943126362   -0.007139358907
      3   L      14             1.3515095   -0.071002641720   -0.018292770701
      3   L      15             0.5068304   -0.178502692500    0.076216214285
      3   L      16             0.2268666    0.151063505800    0.414509859729
      3   L      17             0.1122647    0.735491476701    0.488962147134
      3   L      18             0.0578574    0.276059312300    0.105881652107

 AL

      1   S       1          3644.5863885    0.009163596281
      1   S       2           668.2309248    0.049361492943
      1   S       3           186.9469321    0.168538304910
      1   S       4            64.2213167    0.370562799722
      1   S       5            24.9390166    0.416491529825
      1   S       6            10.2712643    0.130334084108

      2   L       7           195.9641441   -0.013252788090    0.003759696623
      2   L       8            38.7864183   -0.046991710139    0.037679369843
      2   L       9            12.0547899   -0.033785371509    0.173896743514
      2   L      10             4.6379122    0.250241786092    0.418036434734
      2   L      11             2.0142484    0.595117252581    0.425859547735
      2   L      12             0.9232774    0.240706176292    0.101708295508

      3   L      13             5.9511873   -0.007943126362   -0.007139358907
      3   L      14             1.5937814   -0.071002641720   -0.018292770701
      3   L      15             0.5976850   -0.178502692500    0.076216214285
      3   L      16             0.2675348    0.151063505800    0.414509859729
      3   L      17             0.1323893    0.735491476701    0.488962147134
      3   L      18             0.0682289    0.276059312300    0.105881652107

 SI

      1   S       1          4229.2617373    0.009163596281
      1   S       2           775.4305100    0.049361492943
      1   S       3           216.9375129    0.168538304910
      1   S       4            74.5238907    0.370562799722
      1   S       5            28.9398075    0.416491529825
      1   S       6            11.9190109    0.130334084108

      2   L       7           240.4904849   -0.013252788090    0.003759696623
      2   L       8            47.5993432   -0.046991710139    0.037679369843
      2   L       9            14.7938404   -0.033785371509    0.173896743514
      2   L      10             5.6917236    0.250241786092    0.418036434734
      2   L      11             2.4719195    0.595117252581    0.425859547735
      2   L      12             1.1330615    0.240706176292    0.101708295508

      3   L      13             7.4000970   -0.007943126362   -0.007139358907
      3   L      14             1.9818124   -0.071002641720   -0.018292770701
      3   L      15             0.7432007   -0.178502692500    0.076216214285
      3   L      16             0.3326703    0.151063505800    0.414509859729
      3   L      17             0.1646216    0.735491476701    0.488962147134
      3   L      18             0.0848403    0.276059312300    0.105881652107

 P

      1   S       1          4857.4123708    0.009163596281
      1   S       2           890.6012410    0.049361492943
      1   S       3           249.1581331    0.168538304910
      1   S       4            85.5925433    0.370562799722
      1   S       5            33.2380893    0.416491529825
      1   S       6            13.6892807    0.130334084108

      2   L       7           290.6649590   -0.013252788090    0.003759696623
      2   L       8            57.5301810   -0.046991710139    0.037679369843
      2   L       9            17.8803374   -0.033785371509    0.173896743514
      2   L      10             6.8792103    0.250241786092    0.418036434734
      2   L      11             2.9876457    0.595117252581    0.425859547735
      2   L      12             1.3694566    0.240706176292    0.101708295508

      3   L      13             9.3255083   -0.007943126362   -0.007139358907
      3   L      14             2.4974549   -0.071002641720   -0.018292770701
      3   L      15             0.9365721   -0.178502692500    0.076216214285
      3   L      16             0.4192269    0.151063505800    0.414509859729
      3   L      17             0.2074540    0.735491476701    0.488962147134
      3   L      18             0.1069147    0.276059312300    0.105881652107

 S

      1   S       1          5529.0382889    0.009163596281
      1   S       2          1013.7431179    0.049361492943
      1   S       3           283.6087927    0.168538304910
      1   S       4            97.4272747    0.370562799722
      1   S       5            37.8338618    0.416491529825
      1   S       6            15.5820736    0.130334084108

      2   L       7           345.5896791   -0.013252788090    0.003759696623
      2   L       8            68.4012166   -0.046991710139    0.037679369843
      2   L       9            21.2590471   -0.033785371509    0.173896743514
      2   L      10             8.1791217    0.250241786092    0.418036434734
      2   L      11             3.5521981    0.595117252581    0.425859547735
      2   L      12             1.6282323    0.240706176292    0.101708295508

      3   L      13            11.4733075   -0.007943126362   -0.007139358907
      3   L      14             3.0726548   -0.071002641720   -0.018292770701
      3   L      15             1.1522782   -0.178502692500    0.076216214285
      3   L      16             0.5157809    0.151063505800    0.414509859729
      3   L      17             0.2552337    0.735491476701    0.488962147134
      3   L      18             0.1315386    0.276059312300    0.105881652107

 CL

      1   S       1          6236.5455253    0.009163596281
      1   S       2          1143.4637952    0.049361492943
      1   S       3           319.8999635    0.168538304910
      1   S       4           109.8942714    0.370562799722
      1   S       5            42.6751614    0.416491529825
      1   S       6            17.5759881    0.130334084108

      2   L       7           403.9729660   -0.013252788090    0.003759696623
      2   L       8            79.9567927   -0.046991710139    0.037679369843
      2   L       9            24.8505116   -0.033785371509    0.173896743514
      2   L      10             9.5608875    0.250241786092    0.418036434734
      2   L      11             4.1523000    0.595117252581    0.425859547735
      2   L      12             1.9033029    0.240706176292    0.101708295508

      3   L      13            14.1059247   -0.007943126362   -0.007139358907
      3   L      14             3.7776934   -0.071002641720   -0.018292770701
      3   L      15             1.4166751   -0.178502692500    0.076216214285
      3   L      16             0.6341298    0.151063505800    0.414509859729
      3   L      17             0.3137985    0.735491476701    0.488962147134
      3   L      18             0.1617210    0.276059312300    0.105881652107

