  SHELL TYPE  PRIMITIVE        EXPONENT          CONTRACTION COEFFICIENT(S)

 NA

      1   S       1            95.8910158    0.430128498301
      1   S       2            17.0685525    0.678913530502

      2   L       3             4.6533516    0.049471769201    0.511540707616
      2   L       4             1.1802128    0.963782408119    0.612819896119

      3   L       5             0.2840047   -0.298398604487    0.348047191182
      3   L       6             0.0974392    1.227982887359    0.722252322062

 MG

      1   S       1           114.4231826    0.430128498301
      1   S       2            20.3672688    0.678913530502

      2   L       3             5.8443551    0.049471769201    0.511540707616
      2   L       4             1.4822828    0.963782408119    0.612819896119

      3   L       5             0.3178153   -0.298398604487    0.348047191182
      3   L       6             0.1090392    1.227982887359    0.722252322062

 AL

      1   S       1           134.3774607    0.430128498301
      1   S       2            23.9191203    0.678913530502

      2   L       3             7.3043296    0.049471769201    0.511540707616
      2   L       4             1.8525709    0.963782408119    0.612819896119

      3   L       5             0.3747869   -0.298398604487    0.348047191182
      3   L       6             0.1285856    1.227982887359    0.722252322062

 SI

      1   S       1           155.9346912    0.430128498301
      1   S       2            27.7562964    0.678913530502

      2   L       3             8.9639958    0.049471769201    0.511540707616
      2   L       4             2.2735060    0.963782408119    0.612819896119

      3   L       5             0.4660346   -0.298398604487    0.348047191182
      3   L       6             0.1598918    1.227982887359    0.722252322062

 P

      1   S       1           179.0948740    0.430128498301
      1   S       2            31.8787973    0.678913530502

      2   L       3            10.8341894    0.049471769201    0.511540707616
      2   L       4             2.7478365    0.963782408119    0.612819896119

      3   L       5             0.5872909   -0.298398604487    0.348047191182
      3   L       6             0.2014937    1.227982887359    0.722252322062

 S

      1   S       1           203.8580092    0.430128498301
      1   S       2            36.2866229    0.678913530502

      2   L       3            12.8814428    0.049471769201    0.511540707616
      2   L       4             3.2670740    0.963782408119    0.612819896119

      3   L       5             0.7225525   -0.298398604487    0.348047191182
      3   L       6             0.2479006    1.227982887359    0.722252322062

 CL

      1   S       1           229.9441039    0.430128498301
      1   S       2            40.9299346    0.678913530502

      2   L       3            15.0576101    0.049471769201    0.511540707616
      2   L       4             3.8190075    0.963782408119    0.612819896119

      3   L       5             0.8883464   -0.298398604487    0.348047191182
      3   L       6             0.3047828    1.227982887359    0.722252322062


