  SHELL TYPE  PRIMITIVE        EXPONENT          CONTRACTION COEFFICIENT(S)

 NA

      1   S       1           587.2711446    0.056752420805
      1   S       2           107.4633840    0.260141355021
      1   S       3            29.8545048    0.532846114343
      1   S       4             9.9084418    0.291625440523

      2   L       5            28.1385589   -0.062207145653    0.043684348837
      2   L       6             6.0913942    0.000029768046    0.286379398379
      2   L       7             1.9805430    0.558854922128    0.583575314058
      2   L       8             0.7606596    0.497767321825    0.246313437782

      3   L       9             1.3494716   -0.085290196437   -0.025049451809
      3   L      10             0.3711098   -0.213207403392    0.168660446094
      3   L      11             0.1460656    0.592084392778    0.640955315075
      3   L      12             0.0650059    0.611558474577    0.277950895689

 MG

      1   S       1           700.7688142    0.056752420805
      1   S       2           128.2320592    0.260141355021
      1   S       3            35.6242702    0.532846114343
      1   S       4            11.8233750    0.291625440523

      2   L       5            35.3404909   -0.062207145653    0.043684348837
      2   L       6             7.6504580    0.000029768046    0.286379398379
      2   L       7             2.4874536    0.558854922128    0.583575314058
      2   L       8             0.9553468    0.497767321825    0.246313437782

      3   L       9             1.5101251   -0.085290196437   -0.025049451809
      3   L      10             0.4152902   -0.213207403392    0.168660446094
      3   L      11             0.1634546    0.592084392778    0.640955315075
      3   L      12             0.0727448    0.611558474577    0.277950895689

 AL

      1   S       1           822.9760059    0.056752420805
      1   S       2           150.5944697    0.260141355021
      1   S       3            41.8367927    0.532846114343
      1   S       4            13.8852554    0.291625440523

      2   L       5            44.1688755   -0.062207145653    0.043684348837
      2   L       6             9.5616138    0.000029768046    0.286379398379
      2   L       7             3.1088428    0.558854922128    0.583575314058
      2   L       8             1.1940014    0.497767321825    0.246313437782

      3   L       9             1.7808306   -0.085290196437   -0.025049451809
      3   L      10             0.4897352   -0.213207403392    0.168660446094
      3   L      11             0.1927555    0.592084392778    0.640955315075
      3   L      12             0.0857851    0.611558474577    0.277950895689

 SI

      1   S       1           955.0002556    0.056752420805
      1   S       2           174.7532808    0.260141355021
      1   S       3            48.5483750    0.532846114343
      1   S       4            16.1127692    0.291625440523

      2   L       5            54.2047849   -0.062207145653    0.043684348837
      2   L       6            11.7341729    0.000029768046    0.286379398379
      2   L       7             3.8152240    0.558854922128    0.583575314058
      2   L       8             1.4652985    0.497767321825    0.246313437782

      3   L       9             2.2144017   -0.085290196437   -0.025049451809
      3   L      10             0.6089689   -0.213207403392    0.168660446094
      3   L      11             0.2396848    0.592084392778    0.640955315075
      3   L      12             0.1066708    0.611558474577    0.277950895689

 P

      1   S       1          1096.8415633    0.056752420805
      1   S       2           200.7084925    0.260141355021
      1   S       3            55.7590170    0.532846114343
      1   S       4            18.5059165    0.291625440523

      2   L       5            65.5137420   -0.062207145653    0.043684348837
      2   L       6            14.1823194    0.000029768046    0.286379398379
      2   L       7             4.6112091    0.558854922128    0.583575314058
      2   L       8             1.7710095    0.497767321825    0.246313437782

      3   L       9             2.7905609   -0.085290196437   -0.025049451809
      3   L      10             0.7674149   -0.213207403392    0.168660446094
      3   L      11             0.3020478    0.592084392778    0.640955315075
      3   L      12             0.1344252    0.611558474577    0.277950895689

 S

      1   S       1          1248.4999290    0.056752420805
      1   S       2           228.4601050    0.260141355021
      1   S       3            63.4687188    0.532846114343
      1   S       4            21.0646972    0.291625440523

      2   L       5            77.8933696   -0.062207145653    0.043684348837
      2   L       6            16.8622432    0.000029768046    0.286379398379
      2   L       7             5.4825538    0.558854922128    0.583575314058
      2   L       8             2.1056635    0.497767321825    0.246313437782

      3   L       9             3.4332673   -0.085290196437   -0.025049451809
      3   L      10             0.9441616   -0.213207403392    0.168660446094
      3   L      11             0.3716138    0.592084392778    0.640955315075
      3   L      12             0.1653852    0.611558474577    0.277950895689

 CL

      1   S       1          1408.2605760    0.056752420805
      1   S       2           257.6943351    0.260141355021
      1   S       3            71.5903080    0.532846114343
      1   S       4            23.7601797    0.291625440523

      2   L       5            91.0525326   -0.062207145653    0.043684348837
      2   L       6            19.7109196    0.000029768046    0.286379398379
      2   L       7             6.4087664    0.558854922128    0.583575314058
      2   L       8             2.4613905    0.497767321825    0.246313437782

      3   L       9             4.2210505   -0.085290196437   -0.025049451809
      3   L      10             1.1608050   -0.213207403392    0.168660446094
      3   L      11             0.4568827    0.592084392778    0.640955315075
      3   L      12             0.2033338    0.611558474577    0.277950895689
