  SHELL TYPE  PRIMITIVE        EXPONENT          CONTRACTION COEFFICIENT(S)

 NA

      1   S       1           250.7724300    0.154328967295
      1   S       2            45.6785112    0.535328142282
      1   S       3            12.3623878    0.444634542185

      2   L       4            12.0401927   -0.099967229187    0.155916274999
      2   L       5             2.7978819    0.399512826089    0.607683718598
      2   L       6             0.9099580    0.700115468880    0.391957393099

      3   L       7             0.7069467   -0.219620369005    0.010587604289
      3   L       8             0.1972363    0.225595433605    0.595167005266
      3   L       9             0.0771970    0.900398426019    0.462001011973

 MG

      1   S       1           299.2374137    0.154328967295
      1   S       2            54.5064684    0.535328142282
      1   S       3            14.7515775    0.444634542185

      2   L       4            15.1218235   -0.099967229187    0.155916274999
      2   L       5             3.5139866    0.399512826089    0.607683718598
      2   L       6             1.1428575    0.700115468880    0.391957393099

      3   L       7             0.7911081   -0.219620369005    0.010587604289
      3   L       8             0.2207172    0.225595433605    0.595167005266
      3   L       9             0.0863872    0.900398426019    0.462001011973

 AL

      1   S       1           351.4214767    0.154328967295
      1   S       2            64.0118607    0.535328142282
      1   S       3            17.3241076    0.444634542185

      2   L       4            18.8993962   -0.099967229187    0.155916274999
      2   L       5             4.3918132    0.399512826089    0.607683718598
      2   L       6             1.4283540    0.700115468880    0.391957393099

      3   L       7             0.9329224   -0.219620369005    0.010587604289
      3   L       8             0.2602830    0.225595433605    0.595167005266
      3   L       9             0.1018730    0.900398426019    0.462001011973

 SI

      1   S       1           407.7975514    0.154328967295
      1   S       2            74.2808330    0.535328142282
      1   S       3            20.1032923    0.444634542185

      2   L       4            23.1936561   -0.099967229187    0.155916274999
      2   L       5             5.3897069    0.399512826089    0.607683718598
      2   L       6             1.7529000    0.700115468880    0.391957393099

      3   L       7             1.1600569   -0.219620369005    0.010587604289
      3   L       8             0.3236529    0.225595433605    0.595167005266
      3   L       9             0.1266756    0.900398426019    0.462001011973

 P

      1   S       1           468.3656378    0.154328967295
      1   S       2            85.3133856    0.535328142282
      1   S       3            23.0891316    0.444634542185

      2   L       4            28.0326396   -0.099967229187    0.155916274999
      2   L       5             6.5141826    0.399512826089    0.607683718598
      2   L       6             2.1186144    0.700115468880    0.391957393099

      3   L       7             1.4618890   -0.219620369005    0.010587604289
      3   L       8             0.4078633    0.225595433605    0.595167005266
      3   L       9             0.1596349    0.900398426019    0.462001011973

 S

      1   S       1           533.1257359    0.154328967295
      1   S       2            97.1095183    0.535328142282
      1   S       3            26.2816254    0.444634542185

      2   L       4            33.3297517   -0.099967229187    0.155916274999
      2   L       5             7.7451175    0.399512826089    0.607683718598
      2   L       6             2.5189526    0.700115468880    0.391957393099

      3   L       7             1.7985832   -0.219620369005    0.010587604289
      3   L       8             0.5018001    0.225595433605    0.595167005266
      3   L       9             0.1964012    0.900398426019    0.462001011973

 CL

      1   S       1           601.3456136    0.154328967295
      1   S       2           109.5358542    0.535328142282
      1   S       3            29.6446769    0.444634542185

      2   L       4            38.9604189   -0.099967229187    0.155916274999
      2   L       5             9.0535635    0.399512826089    0.607683718598
      2   L       6             2.9444998    0.700115468880    0.391957393099

      3   L       7             2.2112785   -0.219620369005    0.010587604289
      3   L       8             0.6169411    0.225595433605    0.595167005266
      3   L       9             0.2414666    0.900398426019    0.462001011973

