  SHELL TYPE  PRIMITIVE        EXPONENT          CONTRACTION COEFFICIENT(S)

 NA

      1   S       1          1272.6992944    0.022140553120
      1   S       2           233.2187916    0.113541152000
      1   S       3            65.1396749    0.331816148399
      1   S       4            22.2411464    0.482570071298
      1   S       5             8.3812988    0.193572196599

      2   L       6            60.9915379   -0.029408550881    0.012556091280
      2   L       7            12.5040301   -0.065327468832    0.107557696203
      2   L       8             3.9850462    0.128997318104    0.373597536712
      2   L       9             1.5491625    0.612289993817    0.510239563716
      2   L      10             0.6599546    0.346120565510    0.156828180105

      3   L      11             2.5023131   -0.026622033911   -0.015668834480
      3   L      12             0.6814281   -0.160348407203    0.007214920506
      3   L      13             0.2613608   -0.047794733071    0.317085476208
      3   L      14             0.1181151    0.727515844115    0.581882138214
      3   L      15             0.0573147    0.412384640808    0.170179982404

 MG

      1   S       1          1518.6647321    0.022140553120
      1   S       2           278.2913099    0.113541152000
      1   S       3            77.7287513    0.331816148399
      1   S       4            26.5395328    0.482570071298
      1   S       5            10.0010921    0.193572196599

      2   L       6            76.6020355   -0.029408550881    0.012556091280
      2   L       7            15.7043779   -0.065327468832    0.107557696203
      2   L       8             5.0050000    0.128997318104    0.373597536712
      2   L       9             1.9456634    0.612289993817    0.510239563716
      2   L      10             0.8288669    0.346120565510    0.156828180105

      3   L      11             2.8002116   -0.026622033911   -0.015668834480
      3   L      12             0.7625516   -0.160348407203    0.007214920506
      3   L      13             0.2924756   -0.047794733071    0.317085476208
      3   L      14             0.1321766    0.727515844115    0.581882138214
      3   L      15             0.0641379    0.412384640808    0.170179982404

 AL

      1   S       1          1783.5049307    0.022140553120
      1   S       2           326.8225783    0.113541152000
      1   S       3            91.2838814    0.331816148399
      1   S       4            31.1677664    0.482570071298
      1   S       5            11.7451842    0.193572196599

      2   L       6            95.7379391   -0.029408550881    0.012556091280
      2   L       7            19.6274781   -0.065327468832    0.107557696203
      2   L       8             6.2552958    0.128997318104    0.373597536712
      2   L       9             2.4317083    0.612289993817    0.510239563716
      2   L      10             1.0359256    0.346120565510    0.156828180105

      3   L      11             3.3021782   -0.026622033911   -0.015668834480
      3   L      12             0.8992468   -0.160348407203    0.007214920506
      3   L      13             0.3449048   -0.047794733071    0.317085476208
      3   L      14             0.1558706    0.727515844115    0.581882138214
      3   L      15             0.0756353    0.412384640808    0.170179982404

 SI

      1   S       1          2069.6200770    0.022140553120
      1   S       2           379.2524248    0.113541152000
      1   S       3           105.9279121    0.331816148399
      1   S       4            36.1677918    0.482570071298
      1   S       5            13.6293815    0.193572196599

      2   L       6           117.4912049   -0.029408550881    0.012556091280
      2   L       7            24.0871704   -0.065327468832    0.107557696203
      2   L       8             7.6766039    0.128997318104    0.373597536712
      2   L       9             2.9842332    0.612289993817    0.510239563716
      2   L      10             1.2713052    0.346120565510    0.156828180105

      3   L      11             4.1061452   -0.026622033911   -0.015668834480
      3   L      12             1.1181825   -0.160348407203    0.007214920506
      3   L      13             0.4288773   -0.047794733071    0.317085476208
      3   L      14             0.1938198    0.727515844115    0.581882138214
      3   L      15             0.0940499    0.412384640808    0.170179982404

 P
 
      1   S       1          2377.0101708    0.022140553120
      1   S       2           435.5808494    0.113541152000
      1   S       3           121.6608436    0.331816148399
      1   S       4            41.5396091    0.482570071298
      1   S       5            15.6536838    0.193572196599

      2   L       6           142.0038562   -0.029408550881    0.012556091280
      2   L       7            29.1125713   -0.065327468832    0.107557696203
      2   L       8             9.2782039    0.128997318104    0.373597536712
      2   L       9             3.6068455    0.612289993817    0.510239563716
      2   L      10             1.5365426    0.346120565510    0.156828180105

      3   L      11             5.1745120   -0.026622033911   -0.015668834480
      3   L      12             1.4091194   -0.160348407203    0.007214920506
      3   L      13             0.5404657   -0.047794733071    0.317085476208
      3   L      14             0.2442492    0.727515844115    0.581882138214
      3   L      15             0.1185205    0.412384640808    0.170179982404

 S

      1   S       1          2705.6752123    0.022140553120
      1   S       2           495.8078521    0.113541152000
      1   S       3           138.4826758    0.331816148399
      1   S       4            47.2832183    0.482570071298
      1   S       5            17.8180913    0.193572196599

      2   L       6           168.8372320   -0.029408550881    0.012556091280
      2   L       7            34.6137498   -0.065327468832    0.107557696203
      2   L       8            11.0314347    0.128997318104    0.373597536712
      2   L       9             4.2884033    0.612289993817    0.510239563716
      2   L      10             1.8268913    0.346120565510    0.156828180105

      3   L      11             6.3662769   -0.026622033911   -0.015668834480
      3   L      12             1.7336599   -0.160348407203    0.007214920506
      3   L      13             0.6649428   -0.047794733071    0.317085476208
      3   L      14             0.3005033    0.727515844115    0.581882138214
      3   L      15             0.1458175    0.412384640808    0.170179982404

 CL

      1   S       1          3051.8990386    0.022140553120
      1   S       2           559.2524558    0.113541152000
      1   S       3           156.2032070    0.331816148399
      1   S       4            53.3336772    0.482570071298
      1   S       5            20.0981314    0.193572196599

      2   L       6           197.3602845   -0.029408550881    0.012556091280
      2   L       7            40.4613333   -0.065327468832    0.107557696203
      2   L       8            12.8950651    0.128997318104    0.373597536712
      2   L       9             5.0128783    0.612289993817    0.510239563716
      2   L      10             2.1355230    0.346120565510    0.156828180105

      3   L      11             7.8270562   -0.026622033911   -0.015668834480
      3   L      12             2.1314583   -0.160348407203    0.007214920506
      3   L      13             0.8175177   -0.047794733071    0.317085476208
      3   L      14             0.3694556    0.727515844115    0.581882138214
      3   L      15             0.1792762    0.412384640808    0.170179982404
