  SHELL TYPE  PRIMITIVE        EXPONENT          CONTRACTION COEFFICIENT(S)

 H   

      1   S       1             1.3097564    0.430128498301
      1   S       2             0.2331360    0.678913530502

 HE

      1   S       1             2.4328793    0.430128498301
      1   S       2             0.4330513    0.678913530502

 LI

      1   S       1             6.1638450    0.430128498301
      1   S       2             1.0971613    0.678913530502

      2   L       3             0.2459163    0.049471769201    0.511540707616
      2   L       4             0.0623709    0.963782408119    0.612819896119

 BE

      1   S       1            11.5356691    0.430128498301
      1   S       2             2.0533433    0.678913530502

      2   L       3             0.5081630    0.049471769201    0.511540707616
      2   L       4             0.1288836    0.963782408119    0.612819896119

 B

      1   S       1            18.6568731    0.430128498301
      1   S       2             3.3209140    0.678913530502

      2   L       3             0.8645496    0.049471769201    0.511540707616
      2   L       4             0.2192726    0.963782408119    0.612819896119

 C

      1   S       1            27.3850330    0.430128498301
      1   S       2             4.8745221    0.678913530502

      2   L       3             1.1367482    0.049471769201    0.511540707616
      2   L       4             0.2883094    0.963782408119    0.612819896119

 N

      1   S       1            37.8964753    0.430128498301
      1   S       2             6.7455535    0.678913530502

      2   L       3             1.4610888    0.049471769201    0.511540707616
      2   L       4             0.3705707    0.963782408119    0.612819896119

 O

      1   S       1            49.9809712    0.430128498301
      1   S       2             8.8965877    0.678913530502

      2   L       3             1.9452365    0.049471769201    0.511540707616
      2   L       4             0.4933634    0.963782408119    0.612819896119

 F

      1   S       1            63.7352019    0.430128498301
      1   S       2            11.3448338    0.678913530502

      2   L       3             2.4985483    0.049471769201    0.511540707616
      2   L       4             0.6336978    0.963782408119    0.612819896119

 NE

      1   S       1            79.1591677    0.430128498301
      1   S       2            14.0902919    0.678913530502

      2   L       3             3.1870755    0.049471769201    0.511540707616
      2   L       4             0.8083265    0.963782408119    0.612819896119

 NA

      1   S       1            95.8910158    0.430128498301
      1   S       2            17.0685525    0.678913530502

      2   L       3             4.6533516    0.049471769201    0.511540707616
      2   L       4             1.1802128    0.963782408119    0.612819896119

      3   L       5             0.3128688   -0.298398604487    0.348047191182
      3   L       6             0.1073422    1.227982887359    0.722252322062

 MG

      1   S       1           114.4231826    0.430128498301
      1   S       2            20.3672688    0.678913530502

      2   L       3             5.8443551    0.049471769201    0.511540707616
      2   L       4             1.4822828    0.963782408119    0.612819896119

      3   L       5             0.2982622   -0.298398604487    0.348047191182
      3   L       6             0.1023308    1.227982887359    0.722252322062

 AL

      1   S       1           134.3774607    0.430128498301
      1   S       2            23.9191203    0.678913530502

      2   L       3             7.3043296    0.049471769201    0.511540707616
      2   L       4             1.8525709    0.963782408119    0.612819896119

      3   L       5             0.3483088   -0.298398604487    0.348047191182
      3   L       6             0.1195013    1.227982887359    0.722252322062

 SI

      1   S       1           155.9346912    0.430128498301
      1   S       2            27.7562964    0.678913530502

      2   L       3             8.9639958    0.049471769201    0.511540707616
      2   L       4             2.2735060    0.963782408119    0.612819896119

      3   L       5             0.4481692   -0.298398604487    0.348047191182
      3   L       6             0.1537624    1.227982887359    0.722252322062

 P

      1   S       1           179.0948740    0.430128498301
      1   S       2            31.8787973    0.678913530502

      2   L       3            10.8341894    0.049471769201    0.511540707616
      2   L       4             2.7478365    0.963782408119    0.612819896119

      3   L       5             0.5738676   -0.298398604487    0.348047191182
      3   L       6             0.1968882    1.227982887359    0.722252322062

 S

      1   S       1           203.8580092    0.430128498301
      1   S       2            36.2866229    0.678913530502

      2   L       3            12.8814428    0.049471769201    0.511540707616
      2   L       4             3.2670740    0.963782408119    0.612819896119

      3   L       5             0.7076549   -0.298398604487    0.348047191182
      3   L       6             0.2427893    1.227982887359    0.722252322062

 CL

      1   S       1           229.9441039    0.430128498301
      1   S       2            40.9299346    0.678913530502

      2   L       3            15.0576101    0.049471769201    0.511540707616
      2   L       4             3.8190075    0.963782408119    0.612819896119

      3   L       5             0.8718194   -0.298398604487    0.348047191182
      3   L       6             0.2991125    1.227982887359    0.722252322062

 AR

      1   S       1           257.8966186    0.430128498301
      1   S       2            45.9054681    0.678913530502

      2   L       3            17.4552942    0.049471769201    0.511540707616
      2   L       4             4.4271235    0.963782408119    0.612819896119

      3   L       5             1.0530928   -0.298398604487    0.348047191182
      3   L       6             0.3613056    1.227982887359    0.722252322062

 K

      1   S       1           295.0121465    0.430128498301
      1   S       2            52.5120134    0.678913530502

      2   L       3            20.2525924    0.049471769201    0.511540707616
      2   L       4             5.1365922    0.963782408119    0.612819896119

      3   L       5             1.4669665   -0.298398604487    0.348047191182
      3   L       6             0.5033016    1.227982887359    0.722252322062

      4   L       7             0.2540481   -0.661560301841    0.130989051501
      4   L       8             0.1022398    1.510754134093    0.894643126806

 CA

      1   S       1           326.5671727    0.430128498301
      1   S       2            58.1287921    0.678913530502

      2   L       3            23.0191510    0.049471769201    0.511540707616
      2   L       4             5.8382645    0.963782408119    0.612819896119

      3   L       5             1.7574695   -0.298398604487    0.348047191182
      3   L       6             0.6029702    1.227982887359    0.722252322062

      4   L       7             0.2297850   -0.661560301841    0.130989051501
      4   L       8             0.0924753    1.510754134093    0.894643126806

 SC

      1   S       1           360.0753338    0.430128498301
      1   S       2            64.0932279    0.678913530502

      2   L       3            25.9627694    0.049471769201    0.511540707616
      2   L       4             6.5848439    0.963782408119    0.612819896119

      3   L       5             1.9987794   -0.298398604487    0.348047191182
      3   L       6             0.6857613    1.227982887359    0.722252322062

      4   D       7             1.5078375    0.466613792285
      4   D       8             0.4525807    0.664470651578

      5   L       9             0.1671706   -0.661560301841    0.130989051501
      5   L      10             0.0672766    1.510754134093    0.894643126806

 TI

      1   S       1           395.2196682    0.430128498301
      1   S       2            70.3489017    0.678913530502

      2   L       3            29.0834475    0.049471769201    0.511540707616
      2   L       4             7.3763303    0.963782408119    0.612819896119

      3   L       5             2.2954703   -0.298398604487    0.348047191182
      3   L       6             0.7875530    1.227982887359    0.722252322062

      4   D       7             1.9948594    0.466613792285
      4   D       8             0.5987613    0.664470651578

      5   L       9             0.1818925   -0.661560301841    0.130989051501
      5   L      10             0.0732013    1.510754134093    0.894643126806

 V

      1   S       1           432.3839202    0.430128498301
      1   S       2            76.9641198    0.678913530502

      2   L       3            32.3811854    0.049471769201    0.511540707616
      2   L       4             8.2127237    0.963782408119    0.612819896119

      3   L       5             2.6126842   -0.298398604487    0.348047191182
      3   L       6             0.8963859    1.227982887359    0.722252322062

      4   D       7             2.0247445    0.466613792285
      4   D       8             0.6077314    0.664470651578

      5   L       9             0.1941172   -0.661560301841    0.130989051501
      5   L      10             0.0781210    1.510754134093    0.894643126806

 CR

      1   S       1           471.2179072    0.430128498301
      1   S       2            83.8765499    0.678913530502

      2   L       3            35.8559830    0.049471769201    0.511540707616
      2   L       4             9.0940241    0.963782408119    0.612819896119

      3   L       5             2.9353102   -0.298398604487    0.348047191182
      3   L       6             1.0070756    1.227982887359    0.722252322062

      4   D       7             2.8976622    0.466613792285
      4   D       8             0.8697395    0.664470651578

      5   L       9             0.2067395   -0.661560301841    0.130989051501
      5   L      10             0.0832008    1.510754134093    0.894643126806

 MN

      1   S       1           511.3041528    0.430128498301
      1   S       2            91.0118814    0.678913530502

      2   L       3            39.4299541    0.049471769201    0.511540707616
      2   L       4            10.0004776    0.963782408119    0.612819896119

      3   L       5             3.2767133   -0.298398604487    0.348047191182
      3   L       6             1.1242076    1.227982887359    0.722252322062

      4   D       7             3.3829343    0.466613792285
      4   D       8             1.0153950    0.664470651578

      5   L       9             0.2164671   -0.661560301841    0.130989051501
      5   L      10             0.0871156    1.510754134093    0.894643126806

 FE

      1   S       1           553.4607436    0.430128498301
      1   S       2            98.5157334    0.678913530502

      2   L       3            43.2551825    0.049471769201    0.511540707616
      2   L       4            10.9706565    0.963782408119    0.612819896119

      3   L       5             3.6368935   -0.298398604487    0.348047191182
      3   L       6             1.2477819    1.227982887359    0.722252322062

      4   D       7             3.8228788    0.466613792285
      4   D       8             1.1474453    0.664470651578

      5   L       9             0.2297850   -0.661560301841    0.130989051501
      5   L      10             0.0924753    1.510754134093    0.894643126806

 CO

      1   S       1           596.8360314    0.430128498301
      1   S       2           106.2365127    0.678913530502

      2   L       3            47.2574706    0.049471769201    0.511540707616
      2   L       4            11.9857424    0.963782408119    0.612819896119

      3   L       5             4.0158510   -0.298398604487    0.348047191182
      3   L       6             1.3777984    1.227982887359    0.722252322062

      4   D       7             4.3115671    0.466613792285
      4   D       8             1.2941261    0.664470651578

      5   L       9             0.2435006   -0.661560301841    0.130989051501
      5   L      10             0.0979950    1.510754134093    0.894643126806

 NI

      1   S       1           642.3152261    0.430128498301
      1   S       2           114.3317865    0.678913530502

      2   L       3            51.3479428    0.049471769201    0.511540707616
      2   L       4            13.0231942    0.963782408119    0.612819896119

      3   L       5             4.3950994   -0.298398604487    0.348047191182
      3   L       6             1.5079147    1.227982887359    0.722252322062

      4   D       7             4.8065047    0.466613792285
      4   D       8             1.4426827    0.664470651578

      5   L       9             0.2540481   -0.661560301841    0.130989051501
      5   L      10             0.1022398    1.510754134093    0.894643126806

 CU

      1   S       1           688.9795561    0.430128498301
      1   S       2           122.6380137    0.678913530502

      2   L       3            55.7006617    0.049471769201    0.511540707616
      2   L       4            14.1271587    0.963782408119    0.612819896119

      3   L       5             4.8107577   -0.298398604487    0.348047191182
      3   L       6             1.6505229    1.227982887359    0.722252322062

      4   D       7             5.3283277    0.466613792285
      4   D       8             1.5993090    0.664470651578

      5   L       9             0.2648193   -0.661560301841    0.130989051501
      5   L      10             0.1065746    1.510754134093    0.894643126806

 ZN

      1   S       1           737.7813547    0.430128498301
      1   S       2           131.3247092    0.678913530502

      2   L       3            60.2304404    0.049471769201    0.511540707616
      2   L       4            15.2760301    0.963782408119    0.612819896119

      3   L       5             5.2250387   -0.298398604487    0.348047191182
      3   L       6             1.7926586    1.227982887359    0.722252322062

      4   D       7             5.9026164    0.466613792285
      4   D       8             1.7716830    0.664470651578

      5   L       9             0.2795287   -0.661560301841    0.130989051501
      5   L      10             0.1124943    1.510754134093    0.894643126806

 GA

      1   S       1           788.2528883    0.430128498301
      1   S       2           140.3086168    0.678913530502

      2   L       3            64.8374137    0.049471769201    0.511540707616
      2   L       4            16.4444802    0.963782408119    0.612819896119

      3   L       5             5.3669344   -0.298398604487    0.348047191182
      3   L       6             1.8413416    1.227982887359    0.722252322062

      4   D       7             7.6844749    0.466613792285
      4   D       8             2.3065116    0.664470651578

      5   L       9             0.4025214   -0.661560301841    0.130989051501
      5   L      10             0.1619918    1.510754134093    0.894643126806

 GE

      1   S       1           839.8591295    0.430128498301
      1   S       2           149.4945017    0.678913530502

      2   L       3            69.7176231    0.049471769201    0.511540707616
      2   L       4            17.6822302    0.963782408119    0.612819896119

      3   L       5             6.0398088   -0.298398604487    0.348047191182
      3   L       6             2.0721981    1.227982887359    0.722252322062

      4   D       7             8.6479089    0.466613792285
      4   D       8             2.5956884    0.664470651578

      5   L       9             0.4969400   -0.661560301841    0.130989051501
      5   L      10             0.1999899    1.510754134093    0.894643126806

 AS

      1   S       1           893.6532669    0.430128498301
      1   S       2           159.0698310    0.678913530502

      2   L       3            74.6677265    0.049471769201    0.511540707616
      2   L       4            18.9377071    0.963782408119    0.612819896119

      3   L       5             6.7524102   -0.298398604487    0.348047191182
      3   L       6             2.3166846    1.227982887359    0.722252322062

      4   D       7             9.6682246    0.466613792285
      4   D       8             2.9019383    0.664470651578

      5   L       9             0.5583618   -0.661560301841    0.130989051501
      5   L      10             0.2247086    1.510754134093    0.894643126806

 SE

      1   S       1           948.5485503    0.430128498301
      1   S       2           168.8411638    0.678913530502

      2   L       3            79.6768883    0.049471769201    0.511540707616
      2   L       4            20.2081628    0.963782408119    0.612819896119

      3   L       5             7.5047385   -0.298398604487    0.348047191182
      3   L       6             2.5748009    1.227982887359    0.722252322062

      4   D       7            10.7454220    0.466613792285
      4   D       8             3.2252615    0.664470651578

      5   L       9             0.6122797   -0.661560301841    0.130989051501
      5   L      10             0.2464075    1.510754134093    0.894643126806


 BR

      1   S       1          1005.6652916    0.430128498301
      1   S       2           179.0079149    0.678913530502

      2   L       3            84.9628981    0.049471769201    0.511540707616
      2   L       4            21.5488345    0.963782408119    0.612819896119

      3   L       5             8.2967937   -0.298398604487    0.348047191182
      3   L       6             2.8465471    1.227982887359    0.722252322062

      4   D       7            11.8795011    0.466613792285
      4   D       8             3.5656577    0.664470651578

      5   L       9             0.7037167   -0.661560301841    0.130989051501
      5   L      10             0.2832057    1.510754134093    0.894643126806

 KR

      1   S       1          1063.8496172    0.430128498301
      1   S       2           189.3646956    0.678913530502

      2   L       3            90.4186670    0.049471769201    0.511540707616
      2   L       4            22.9325616    0.963782408119    0.612819896119

      3   L       5             9.1285758   -0.298398604487    0.348047191182
      3   L       6             3.1319233    1.227982887359    0.722252322062

      4   D       7            13.0704620    0.466613792285
      4   D       8             3.9231272    0.664470651578

      5   L       9             0.8015145   -0.661560301841    0.130989051501
      5   L      10             0.3225637    1.510754134093    0.894643126806

 RB

      1   S       1          1123.6701161    0.430128498301
      1   S       2           200.0127142    0.678913530502

      2   L       3            96.0441950    0.049471769201    0.511540707616
      2   L       4            24.3593440    0.963782408119    0.612819896119

      3   L       5            10.0000848   -0.298398604487    0.348047191182
      3   L       6             3.4309293    1.227982887359    0.722252322062

      4   D       7            14.3183045    0.466613792285
      4   D       8             4.2976698    0.664470651578

      5   L       9             1.1330728   -0.661560301841    0.130989051501
      5   L      10             0.4559969    1.510754134093    0.894643126806

      6   L      11             0.2932880   -1.093695508540   -0.104739641212
      6   L      12             0.1418860    1.881379475813    1.087626274312

 SR

      1   S       1          1185.7623302    0.430128498301
      1   S       2           211.0650970    0.678913530502

      2   L       3           101.8394821    0.049471769201    0.511540707616
      2   L       4            25.8291818    0.963782408119    0.612819896119

      3   L       5            10.8822433   -0.298398604487    0.348047191182
      3   L       6             3.7335891    1.227982887359    0.722252322062

      4   D       7            15.5813952    0.466613792285
      4   D       8             4.6767892    0.664470651578

      5   L       9             1.2405610   -0.661560301841    0.130989051501
      5   L      10             0.4992547    1.510754134093    0.894643126806

      6   L      11             0.2632280   -1.093695508540   -0.104739641212
      6   L      12             0.1273437    1.881379475813    1.087626274312

 Y

      1   S       1          1248.8718714    0.430128498301
      1   S       2           222.2985635    0.678913530502

      2   L       3           107.4187086    0.049471769201    0.511540707616
      2   L       4            27.2442210    0.963782408119    0.612819896119

      3   L       5            12.3217229   -0.298398604487    0.348047191182
      3   L       6             4.2274602    1.227982887359    0.722252322062

      4   D       7             3.0063151    0.466613792285
      4   D       8             0.9023519    0.664470651578

      5   L       9             1.3447320   -0.661560301841    0.130989051501
      5   L      10             0.5411776    1.510754134093    0.894643126806

      6   D      11             1.5933707    0.493276416691
      6   D      12             0.6311571    0.591872786589

      7   L      13             0.1249195   -1.093695508540   -0.104739641212
      7   L      14             0.0604332    1.881379475813    1.087626274312

 ZR

      1   S       1          1313.6175858    0.430128498301
      1   S       2           233.8232681    0.678913530502

      2   L       3           113.5426782    0.049471769201    0.511540707616
      2   L       4            28.7974214    0.963782408119    0.612819896119

      3   L       5            13.0749823   -0.298398604487    0.348047191182
      3   L       6             4.4858959    1.227982887359    0.722252322062

      4   D       7             3.3635756    0.466613792285
      4   D       8             1.0095844    0.664470651578

      5   L       9             1.5045355   -0.661560301841    0.130989051501
      5   L      10             0.6054893    1.510754134093    0.894643126806

      6   D      11             1.1978630    0.493276416691
      6   D      12             0.4744908    0.591872786589

      7   L      13             0.1351968   -1.093695508540   -0.104739641212
      7   L      14             0.0654051    1.881379475813    1.087626274312

 NB

      1   S       1          1380.6852727    0.430128498301
      1   S       2           245.7612825    0.678913530502

      2   L       3           119.8364070    0.049471769201    0.511540707616
      2   L       4            30.3936772    0.963782408119    0.612819896119

      3   L       5            14.0479811   -0.298398604487    0.348047191182
      3   L       6             4.8197221    1.227982887359    0.722252322062

      4   D       7             3.7408891    0.466613792285
      4   D       8             1.1228359    0.664470651578

      5   L       9             1.6733087   -0.661560301841    0.130989051501
      5   L      10             0.6734109    1.510754134093    0.894643126806

      6   D      11             1.1348288    0.493276416691
      6   D      12             0.4495220    0.591872786589

      7   L      13             0.1480657   -1.093695508540   -0.104739641212
      7   L      14             0.0716308    1.881379475813    1.087626274312

 MO

      1   S       1          1448.7200294    0.430128498301
      1   S       2           257.8714349    0.678913530502

      2   L       3           126.1606063    0.049471769201    0.511540707616
      2   L       4            31.9976612    0.963782408119    0.612819896119

      3   L       5            15.0900947   -0.298398604487    0.348047191182
      3   L       6             5.1772609    1.227982887359    0.722252322062

      4   D       7             4.1597252    0.466613792285
      4   D       8             1.2485504    0.664470651578

      5   L       9             1.8606551   -0.661560301841    0.130989051501
      5   L      10             0.7488071    1.510754134093    0.894643126806

      6   D      11             1.1898906    0.493276416691
      6   D      12             0.4713328    0.591872786589

      7   L      13             0.1592367   -1.093695508540   -0.104739641212
      7   L      14             0.0770351    1.881379475813    1.087626274312

 TC

      1   S       1          1518.3909593    0.430128498301
      1   S       2           270.2728253    0.678913530502

      2   L       3           132.7902414    0.049471769201    0.511540707616
      2   L       4            33.6791117    0.963782408119    0.612819896119

      3   L       5            16.2049310   -0.298398604487    0.348047191182
      3   L       6             5.5597501    1.227982887359    0.722252322062

      4   D       7             4.5556752    0.466613792285
      4   D       8             1.3673957    0.664470651578

      5   L       9             2.0377645   -0.661560301841    0.130989051501
      5   L      10             0.8200835    1.510754134093    0.894643126806

      6   D      11             1.2956086    0.493276416691
      6   D      12             0.5132092    0.591872786589

      7   L      13             0.1708138   -1.093695508540   -0.104739641212
      7   L      14             0.0826358    1.881379475813    1.087626274312

 RU

      1   S       1          1590.4341191    0.430128498301
      1   S       2           283.0964715    0.678913530502

      2   L       3           139.4432001    0.049471769201    0.511540707616
      2   L       4            35.3664777    0.963782408119    0.612819896119

      3   L       5            17.3228128   -0.298398604487    0.348047191182
      3   L       6             5.9432842    1.227982887359    0.722252322062

      4   D       7             4.9931478    0.466613792285
      4   D       8             1.4987040    0.664470651578

      5   L       9             2.2334470   -0.661560301841    0.130989051501
      5   L      10             0.8988345    1.510754134093    0.894643126806

      6   D      11             1.4144899    0.493276416691
      6   D      12             0.5602998    0.591872786589

      7   L      13             0.1803680   -1.093695508540   -0.104739641212
      7   L      14             0.0872579    1.881379475813    1.087626274312

 RH

      1   S       1          1663.3940912    0.430128498301
      1   S       2           296.0833097    0.678913530502

      2   L       3           146.2587709    0.049471769201    0.511540707616
      2   L       4            37.0950864    0.963782408119    0.612819896119

      3   L       5            18.5158615   -0.298398604487    0.348047191182
      3   L       6             6.3526073    1.227982887359    0.722252322062

      4   D       7             5.4015685    0.466613792285
      4   D       8             1.6212924    0.664470651578

      5   L       9             2.4161346   -0.661560301841    0.130989051501
      5   L      10             0.9723557    1.510754134093    0.894643126806

      6   D      11             1.5567428    0.493276416691
      6   D      12             0.6166482    0.591872786589

      7   L      13             0.1901822   -1.093695508540   -0.104739641212
      7   L      14             0.0920058    1.881379475813    1.087626274312

 PD

      1   S       1          1737.9902367    0.430128498301
      1   S       2           309.3613860    0.678913530502

      2   L       3           153.2369540    0.049471769201    0.511540707616
      2   L       4            38.8649379    0.963782408119    0.612819896119

      3   L       5            19.7486370   -0.298398604487    0.348047191182
      3   L       6             6.7755603    1.227982887359    0.722252322062

      4   D       7             5.8515117    0.466613792285
      4   D       8             1.7563438    0.664470651578

      5   L       9             2.6173953   -0.661560301841    0.130989051501
      5   L      10             1.0533516    1.510754134093    0.894643126806

      6   D      11             1.7058102    0.493276416691
      6   D      12             0.6756959    0.591872786589

      7   L      13             0.2002564   -1.093695508540   -0.104739641212
      7   L      14             0.0968794    1.881379475813    1.087626274312

 AG

      1   S       1          1814.2225554    0.430128498301
      1   S       2           322.9307003    0.678913530502

      2   L       3           160.3777492    0.049471769201    0.511540707616
      2   L       4            40.6760321    0.963782408119    0.612819896119

      3   L       5            21.0211395   -0.298398604487    0.348047191182
      3   L       6             7.2121432    1.227982887359    0.722252322062

      4   D       7             6.2929838    0.466613792285
      4   D       8             1.8888526    0.664470651578

      5   L       9             2.8148668   -0.661560301841    0.130989051501
      5   L      10             1.1328226    1.510754134093    0.894643126806

      6   D      11             1.8616921    0.493276416691
      6   D      12             0.7374430    0.591872786589

      7   L      13             0.2079826   -1.093695508540   -0.104739641212
      7   L      14             0.1006172    1.881379475813    1.087626274312

 CD

      1   S       1          1892.8940569    0.430128498301
      1   S       2           336.9341879    0.678913530502

      2   L       3           167.5206577    0.049471769201    0.511540707616
      2   L       4            42.4876624    0.963782408119    0.612819896119

      3   L       5            22.3750162   -0.298398604487    0.348047191182
      3   L       6             7.6766447    1.227982887359    0.722252322062

      4   D       7             6.7505094    0.466613792285
      4   D       8             2.0261799    0.664470651578

      5   L       9             3.0195191   -0.661560301841    0.130989051501
      5   L      10             1.2151834    1.510754134093    0.894643126806

      6   D      11             2.0871565    0.493276416691
      6   D      12             0.8267527    0.591872786589

      7   L      13             0.2158551   -1.093695508540   -0.104739641212
      7   L      14             0.1044257    1.881379475813    1.087626274312

 IN

      1   S       1          1972.4154179    0.430128498301
      1   S       2           351.0889501    0.678913530502

      2   L       3           174.8191852    0.049471769201    0.511540707616
      2   L       4            44.3387617    0.963782408119    0.612819896119

      3   L       5            23.8141079   -0.298398604487    0.348047191182
      3   L       6             8.1703827    1.227982887359    0.722252322062

      4   D       7            34.0974756    0.466613792285
      4   D       8            10.2344304    0.664470651578

      5   L       9             2.6862712   -0.661560301841    0.130989051501
      5   L      10             1.0810702    1.510754134093    0.894643126806

      6   D      11             2.8778659    0.493276416691
      6   D      12             1.1399641    0.591872786589

      7   L      13             0.3414245   -1.093695508540   -0.104739641212
      7   L      14             0.1651734    1.881379475813    1.087626274312

 SN

      1   S       1          2053.5729522    0.430128498301
      1   S       2           365.5349503    0.678913530502

      2   L       3           182.4407468    0.049471769201    0.511540707616
      2   L       4            46.2717909    0.963782408119    0.612819896119

      3   L       5            25.1653076   -0.298398604487    0.348047191182
      3   L       6             8.6339659    1.227982887359    0.722252322062

      4   D       7            36.0321482    0.466613792285
      4   D       8            10.8151265    0.664470651578

      5   L       9             2.9707196   -0.661560301841    0.130989051501
      5   L      10             1.1955444    1.510754134093    0.894643126806

      6   D      11             3.1826022    0.493276416691
      6   D      12             1.2606745    0.591872786589

      7   L      13             0.3755467   -1.093695508540   -0.104739641212
      7   L      14             0.1816809    1.881379475813    1.087626274312

 SB

      1   S       1          2136.3666597    0.430128498301
      1   S       2           380.2721885    0.678913530502

      2   L       3           190.2249206    0.049471769201    0.511540707616
      2   L       4            48.2460630    0.963782408119    0.612819896119

      3   L       5            26.5992006   -0.298398604487    0.348047191182
      3   L       6             9.1259203    1.227982887359    0.722252322062

      4   D       7            38.0852225    0.466613792285
      4   D       8            11.4313612    0.664470651578

      5   L       9             3.2567459   -0.661560301841    0.130989051501
      5   L      10             1.3106536    1.510754134093    0.894643126806

      6   D      11             3.4890289    0.493276416691
      6   D      12             1.3820545    0.591872786589

      7   L      13             0.3932171   -1.093695508540   -0.104739641212
      7   L      14             0.1902294    1.881379475813    1.087626274312

 TE

      1   S       1          2221.6665029    0.430128498301
      1   S       2           395.4555176    0.678913530502

      2   L       3           198.1717065    0.049471769201    0.511540707616
      2   L       4            50.2615777    0.963782408119    0.612819896119

      3   L       5            28.0728206   -0.298398604487    0.348047191182
      3   L       6             9.6315046    1.227982887359    0.722252322062

      4   D       7            40.1951785    0.466613792285
      4   D       8            12.0646690    0.664470651578

      5   L       9             3.5692217   -0.661560301841    0.130989051501
      5   L      10             1.4364072    1.510754134093    0.894643126806

      6   D      11             3.8237917    0.493276416691
      6   D      12             1.5146589    0.591872786589

      7   L      13             0.4223347   -1.093695508540   -0.104739641212
      7   L      14             0.2043158    1.881379475813    1.087626274312

 I

      1   S       1          2307.7492527    0.430128498301
      1   S       2           410.7782036    0.678913530502

      2   L       3           206.2811046    0.049471769201    0.511540707616
      2   L       4            52.3183352    0.963782408119    0.612819896119

      3   L       5            29.5861674   -0.298398604487    0.348047191182
      3   L       6            10.1507188    1.227982887359    0.722252322062

      4   D       7            42.3620162    0.466613792285
      4   D       8            12.7150500    0.664470651578

      5   L       9             3.8821076   -0.661560301841    0.130989051501
      5   L      10             1.5623258    1.510754134093    0.894643126806

      6   D      11             4.1589937    0.493276416691
      6   D      12             1.6474372    0.591872786589

      7   L      13             0.4757927   -1.093695508540   -0.104739641212
      7   L      14             0.2301776    1.881379475813    1.087626274312

 XE

      1   S       1          2395.4681758    0.430128498301
      1   S       2           426.3921277    0.678913530502

      2   L       3           214.5531149    0.049471769201    0.511540707616
      2   L       4            54.4163355    0.963782408119    0.612819896119

      3   L       5            31.0901063   -0.298398604487    0.348047191182
      3   L       6            10.6667052    1.227982887359    0.722252322062

      4   D       7            44.5153834    0.466613792285
      4   D       8            13.3613878    0.664470651578

      5   L       9             4.2081374   -0.661560301841    0.130989051501
      5   L      10             1.6935342    1.510754134093    0.894643126806

      6   D      11             4.5082772    0.493276416691
      6   D      12             1.7857935    0.591872786589

      7   L      13             0.5366032   -1.093695508540   -0.104739641212
      7   L      14             0.2595963    1.881379475813    1.087626274312

