  SHELL TYPE  PRIMITIVE        EXPONENT          CONTRACTION COEFFICIENT(S)

 H

      1   S       1             8.0214202    0.056752420805
      1   S       2             1.4678211    0.260141355021
      1   S       3             0.4077768    0.532846114343
      1   S       4             0.1353374    0.291625440523

 HE

      1   S       1            14.8998297    0.056752420805
      1   S       2             2.7264853    0.260141355021
      1   S       3             0.7574475    0.532846114343
      1   S       4             0.2513900    0.291625440523

 LI

      1   S       1            37.7496087    0.056752420805
      1   S       2             6.9077133    0.260141355021
      1   S       3             1.9190384    0.532846114343
      1   S       4             0.6369116    0.291625440523

      2   L       5             1.4870424   -0.062207145653    0.043684348837
      2   L       6             0.3219128    0.000029768046    0.286379398379
      2   L       7             0.1046660    0.558854922128    0.583575314058
      2   L       8             0.0401987    0.497767321825    0.246313437782

 BE

      1   S       1            70.6485954    0.056752420805
      1   S       2            12.9278225    0.260141355021
      1   S       3             3.5914907    0.532846114343
      1   S       4             1.1919835    0.291625440523

      2   L       5             3.0728336   -0.062207145653    0.043684348837
      2   L       6             0.6652025    0.000029768046    0.286379398379
      2   L       7             0.2162825    0.558854922128    0.583575314058
      2   L       8             0.0830668    0.497767321825    0.246313437782

 B

      1   S       1           114.2614157    0.056752420805
      1   S       2            20.9084313    0.260141355021
      1   S       3             5.8085912    0.532846114343
      1   S       4             1.9278192    0.291625440523

      2   L       5             5.2278833   -0.062207145653    0.043684348837
      2   L       6             1.1317246    0.000029768046    0.286379398379
      2   L       7             0.3679665    0.558854922128    0.583575314058
      2   L       8             0.1413235    0.497767321825    0.246313437782

 C

      1   S       1           167.7158132    0.056752420805
      1   S       2            30.6899275    0.260141355021
      1   S       3             8.5259979    0.532846114343
      1   S       4             2.8297021    0.291625440523

      2   L       5             6.8738533   -0.062207145653    0.043684348837
      2   L       6             1.4880417    0.000029768046    0.286379398379
      2   L       7             0.4838187    0.558854922128    0.583575314058
      2   L       8             0.1858184    0.497767321825    0.246313437782

 N

      1   S       1           232.0916748    0.056752420805
      1   S       2            42.4699170    0.260141355021
      1   S       3            11.7986080    0.532846114343
      1   S       4             3.9158519    0.291625440523

      2   L       5             8.8351227   -0.062207145653    0.043684348837
      2   L       6             1.9126145    0.000029768046    0.286379398379
      2   L       7             0.6218634    0.558854922128    0.583575314058
      2   L       8             0.2388367    0.497767321825    0.246313437782

 O

      1   S       1           306.1014831    0.056752420805
      1   S       2            56.0128001    0.260141355021
      1   S       3            15.5609692    0.532846114343
      1   S       4             5.1645458    0.291625440523

      2   L       5            11.7627374   -0.062207145653    0.043684348837
      2   L       6             2.5463802    0.000029768046    0.286379398379
      2   L       7             0.8279247    0.558854922128    0.583575314058
      2   L       8             0.3179779    0.497767321825    0.246313437782

 F

      1   S       1           390.3373501    0.056752420805
      1   S       2            71.4269260    0.260141355021
      1   S       3            19.8431822    0.532846114343
      1   S       4             6.5857738    0.291625440523

      2   L       5            15.1085826   -0.062207145653    0.043684348837
      2   L       6             3.2706840    0.000029768046    0.286379398379
      2   L       7             1.0634232    0.558854922128    0.583575314058
      2   L       8             0.4084249    0.497767321825    0.246313437782

 NE

      1   S       1           484.7992758    0.056752420805
      1   S       2            88.7122945    0.260141355021
      1   S       3            24.6452468    0.532846114343
      1   S       4             8.1795359    0.291625440523

      2   L       5            19.2720689   -0.062207145653    0.043684348837
      2   L       6             4.1719894    0.000029768046    0.286379398379
      2   L       7             1.3564717    0.558854922128    0.583575314058
      2   L       8             0.5209749    0.497767321825    0.246313437782

 NA        

      1   S       1           587.2711446    0.056752420805
      1   S       2           107.4633840    0.260141355021
      1   S       3            29.8545048    0.532846114343
      1   S       4             9.9084418    0.291625440523

      2   L       5            28.1385589   -0.062207145653    0.043684348837
      2   L       6             6.0913942    0.000029768046    0.286379398379
      2   L       7             1.9805430    0.558854922128    0.583575314058
      2   L       8             0.7606596    0.497767321825    0.246313437782

      3   L       9             1.4866216   -0.085290196437   -0.025049451809
      3   L      10             0.4088266   -0.213207403392    0.168660446094
      3   L      11             0.1609106    0.592084392778    0.640955315075
      3   L      12             0.0716126    0.611558474577    0.277950895689

 MG        

      1   S       1           700.7688142    0.056752420805
      1   S       2           128.2320592    0.260141355021
      1   S       3            35.6242702    0.532846114343
      1   S       4            11.8233750    0.291625440523

      2   L       5            35.3404909   -0.062207145653    0.043684348837
      2   L       6             7.6504580    0.000029768046    0.286379398379
      2   L       7             2.4874536    0.558854922128    0.583575314058
      2   L       8             0.9553468    0.497767321825    0.246313437782

      3   L       9             1.4172171   -0.085290196437   -0.025049451809
      3   L      10             0.3897401   -0.213207403392    0.168660446094
      3   L      11             0.1533983    0.592084392778    0.640955315075
      3   L      12             0.0682693    0.611558474577    0.277950895689

 AL        

      1   S       1           822.9760059    0.056752420805
      1   S       2           150.5944697    0.260141355021
      1   S       3            41.8367927    0.532846114343
      1   S       4            13.8852554    0.291625440523

      2   L       5            44.1688755   -0.062207145653    0.043684348837
      2   L       6             9.5616138    0.000029768046    0.286379398379
      2   L       7             3.1088428    0.558854922128    0.583575314058
      2   L       8             1.1940014    0.497767321825    0.246313437782

      3   L       9             1.6550175   -0.085290196437   -0.025049451809
      3   L      10             0.4551361   -0.213207403392    0.168660446094
      3   L      11             0.1791376    0.592084392778    0.640955315075
      3   L      12             0.0797245    0.611558474577    0.277950895689

 SI        

      1   S       1           955.0002556    0.056752420805
      1   S       2           174.7532808    0.260141355021
      1   S       3            48.5483750    0.532846114343
      1   S       4            16.1127692    0.291625440523

      2   L       5            54.2047849   -0.062207145653    0.043684348837
      2   L       6            11.7341729    0.000029768046    0.286379398379
      2   L       7             3.8152240    0.558854922128    0.583575314058
      2   L       8             1.4652985    0.497767321825    0.246313437782

      3   L       9             2.1295124   -0.085290196437   -0.025049451809
      3   L      10             0.5856240   -0.213207403392    0.168660446094
      3   L      11             0.2304965    0.592084392778    0.640955315075
      3   L      12             0.1025815    0.611558474577    0.277950895689

 P         

      1   S       1          1096.8415633    0.056752420805
      1   S       2           200.7084925    0.260141355021
      1   S       3            55.7590170    0.532846114343
      1   S       4            18.5059165    0.291625440523

      2   L       5            65.5137420   -0.062207145653    0.043684348837
      2   L       6            14.1823194    0.000029768046    0.286379398379
      2   L       7             4.6112091    0.558854922128    0.583575314058
      2   L       8             1.7710095    0.497767321825    0.246313437782

      3   L       9             2.7267787   -0.085290196437   -0.025049451809
      3   L      10             0.7498746   -0.213207403392    0.168660446094
      3   L      11             0.2951441    0.592084392778    0.640955315075
      3   L      12             0.1313527    0.611558474577    0.277950895689

 S         

      1   S       1          1248.4999290    0.056752420805
      1   S       2           228.4601050    0.260141355021
      1   S       3            63.4687188    0.532846114343
      1   S       4            21.0646972    0.291625440523

      2   L       5            77.8933696   -0.062207145653    0.043684348837
      2   L       6            16.8622432    0.000029768046    0.286379398379
      2   L       7             5.4825538    0.558854922128    0.583575314058
      2   L       8             2.1056635    0.497767321825    0.246313437782

      3   L       9             3.3624802   -0.085290196437   -0.025049451809
      3   L      10             0.9246949   -0.213207403392    0.168660446094
      3   L      11             0.3639518    0.592084392778    0.640955315075
      3   L      12             0.1619753    0.611558474577    0.277950895689

 CL        

      1   S       1          1408.2605760    0.056752420805
      1   S       2           257.6943351    0.260141355021
      1   S       3            71.5903080    0.532846114343
      1   S       4            23.7601797    0.291625440523

      2   L       5            91.0525326   -0.062207145653    0.043684348837
      2   L       6            19.7109196    0.000029768046    0.286379398379
      2   L       7             6.4087664    0.558854922128    0.583575314058
      2   L       8             2.4613905    0.497767321825    0.246313437782

      3   L       9             4.1425210   -0.085290196437   -0.025049451809
      3   L      10             1.1392091   -0.213207403392    0.168660446094
      3   L      11             0.4483828    0.592084392778    0.640955315075
      3   L      12             0.1995509    0.611558474577    0.277950895689

 AR

      1   S       1          1579.4518511    0.056752420805
      1   S       2           289.0202292    0.260141355021
      1   S       3            80.2929845    0.532846114343
      1   S       4            26.6485197    0.291625440523

      2   L       5           105.5511955   -0.062207145653    0.043684348837
      2   L       6            22.8495690    0.000029768046    0.286379398379
      2   L       7             7.4292602    0.558854922128    0.583575314058
      2   L       8             2.8533276    0.497767321825    0.246313437782

      3   L       9             5.0038565   -0.085290196437   -0.025049451809
      3   L      10             1.3760796   -0.213207403392    0.168660446094
      3   L      11             0.5416129    0.592084392778    0.640955315075
      3   L      12             0.2410427    0.611558474577    0.277950895689

 K

      1   S       1          1806.7607228    0.056752420805
      1   S       2           330.6149522    0.260141355021
      1   S       3            91.8484540    0.532846114343
      1   S       4            30.4836762    0.291625440523

      2   L       5           122.4663023   -0.062207145653    0.043684348837
      2   L       6            26.5113267    0.000029768046    0.286379398379
      2   L       7             8.6198363    0.558854922128    0.583575314058
      2   L       8             3.3105877    0.497767321825    0.246313437782

      3   L       9             6.9704110   -0.085290196437   -0.025049451809
      3   L      10             1.9168897   -0.213207403392    0.168660446094
      3   L      11             0.7544710    0.592084392778    0.640955315075
      3   L      12             0.3357743    0.611558474577    0.277950895689

      4   L      13             0.8976145   -0.058935598127   -0.071805226569
      4   L      14             0.3321838   -0.428923026076    0.037268634249
      4   L      15             0.1428153    0.547299846770    0.696584224889
      4   L      16             0.0709418    0.785369202957    0.331023684995

 CA

      1   S       1          2000.0150768    0.056752420805
      1   S       2           365.9781180    0.260141355021
      1   S       3           101.6727287    0.532846114343
      1   S       4            33.7442646    0.291625440523

      2   L       5           139.1955288   -0.062207145653    0.043684348837
      2   L       6            30.1328453    0.000029768046    0.286379398379
      2   L       7             9.7973292    0.558854922128    0.583575314058
      2   L       8             3.7628228    0.497767321825    0.246313437782

      3   L       9             8.3507598   -0.085290196437   -0.025049451809
      3   L      10             2.2964908   -0.213207403392    0.168660446094
      3   L      11             0.9038787    0.592084392778    0.640955315075
      3   L      12             0.4022676    0.611558474577    0.277950895689

      4   L      13             0.8118871   -0.058935598127   -0.071805226569
      4   L      14             0.3004583   -0.428923026076    0.037268634249
      4   L      15             0.1291756    0.547299846770    0.696584224889
      4   L      16             0.0641664    0.785369202957    0.331023684995


 SC

      1   S       1          2205.2311336    0.056752420805
      1   S       2           403.5301281    0.260141355021
      1   S       3           112.1050883    0.532846114343
      1   S       4            37.2066710    0.291625440523

      2   L       5           156.9954257   -0.062207145653    0.043684348837
      2   L       6            33.9861410    0.000029768046    0.286379398379
      2   L       7            11.0501815    0.558854922128    0.583575314058
      2   L       8             4.2440011    0.497767321825    0.246313437782

      3   L       9             9.4973636   -0.085290196437   -0.025049451809
      3   L      10             2.6118113   -0.213207403392    0.168660446094
      3   L      11             1.0279861    0.592084392778    0.640955315075
      3   L      12             0.4575011    0.611558474577    0.277950895689

      4   D      13             4.9869043    0.057990577053
      4   D      14             1.5854891    0.304558134916
      4   D      15             0.6447193    0.560135803829
      4   D      16             0.2870127    0.243242331313

      5   L      17             0.5906549   -0.058935598127   -0.071805226569
      5   L      18             0.2185860   -0.428923026076    0.037268634249
      5   L      19             0.0939764    0.547299846770    0.696584224889
      5   L      20             0.0466816    0.785369202957    0.331023684995

 TI

      1   S       1          2420.4677054    0.056752420805
      1   S       2           442.9157689    0.260141355021
      1   S       3           123.0468506    0.532846114343
      1   S       4            40.8381435    0.291625440523

      2   L       5           175.8659932   -0.062207145653    0.043684348837
      2   L       6            38.0712140    0.000029768046    0.286379398379
      2   L       7            12.3783935    0.558854922128    0.583575314058
      2   L       8             4.7541224    0.497767321825    0.246313437782

      3   L       9            10.9071148   -0.085290196437   -0.025049451809
      3   L      10             2.9994982   -0.213207403392    0.168660446094
      3   L      11             1.1805763    0.592084392778    0.640955315075
      3   L      12             0.5254108    0.611558474577    0.277950895689

      4   D      13             6.5976425    0.057990577053
      4   D      14             2.0975920    0.304558134916
      4   D      15             0.8529595    0.560135803829
      4   D      16             0.3797160    0.243242331313

      5   L      17             0.6426708   -0.058935598127   -0.071805226569
      5   L      18             0.2378357   -0.428923026076    0.037268634249
      5   L      19             0.1022524    0.547299846770    0.696584224889
      5   L      20             0.0507926    0.785369202957    0.331023684995

 V

      1   S       1          2648.0749806    0.056752420805
      1   S       2           484.5650961    0.260141355021
      1   S       3           134.6174897    0.532846114343
      1   S       4            44.6783347    0.291625440523

      2   L       5           195.8072311   -0.062207145653    0.043684348837
      2   L       6            42.3880641    0.000029768046    0.286379398379
      2   L       7            13.7819649    0.558854922128    0.583575314058
      2   L       8             5.2931867    0.497767321825    0.246313437782

      3   L       9            12.4143827   -0.085290196437   -0.025049451809
      3   L      10             3.4140027   -0.213207403392    0.168660446094
      3   L      11             1.3437216    0.592084392778    0.640955315075
      3   L      12             0.5980179    0.611558474577    0.277950895689

      4   D      13             6.6964823    0.057990577053
      4   D      14             2.1290161    0.304558134916
      4   D      15             0.8657377    0.560135803829
      4   D      16             0.3854045    0.243242331313

      5   L      17             0.6858637   -0.058935598127   -0.071805226569
      5   L      18             0.2538203   -0.428923026076    0.037268634249
      5   L      19             0.1091246    0.547299846770    0.696584224889
      5   L      20             0.0542063    0.785369202957    0.331023684995

 CR

      1   S       1          2885.9083145    0.056752420805
      1   S       2           528.0856659    0.260141355021
      1   S       3           146.7079806    0.532846114343
      1   S       4            48.6910599    0.291625440523

      2   L       5           216.8191395   -0.062207145653    0.043684348837
      2   L       6            46.9366915    0.000029768046    0.286379398379
      2   L       7            15.2608959    0.558854922128    0.583575314058
      2   L       8             5.8611941    0.497767321825    0.246313437782

      3   L       9            13.9473662   -0.085290196437   -0.025049451809
      3   L      10             3.8355790   -0.213207403392    0.168660446094
      3   L      11             1.5096504    0.592084392778    0.640955315075
      3   L      12             0.6718639    0.611558474577    0.277950895689

      4   D      13             9.5835020    0.057990577053
      4   D      14             3.0468879    0.304558134916
      4   D      15             1.2389787    0.560135803829
      4   D      16             0.5515620    0.243242331313

      5   L      17             0.7304613   -0.058935598127   -0.071805226569
      5   L      18             0.2703247   -0.428923026076    0.037268634249
      5   L      19             0.1162204    0.547299846770    0.696584224889
      5   L      20             0.0577310    0.785369202957    0.331023684995

 MN

      1   S       1          3131.4109315    0.056752420805
      1   S       2           573.0096202    0.260141355021
      1   S       3           159.1883470    0.532846114343
      1   S       4            52.8331813    0.291625440523

      2   L       5           238.4307443   -0.062207145653    0.043684348837
      2   L       6            51.6151402    0.000029768046    0.286379398379
      2   L       7            16.7820368    0.558854922128    0.583575314058
      2   L       8             6.4454129    0.497767321825    0.246313437782

      3   L       9            15.5695709   -0.085290196437   -0.025049451809
      3   L      10             4.2816915   -0.213207403392    0.168660446094
      3   L      11             1.6852364    0.592084392778    0.640955315075
      3   L      12             0.7500077    0.611558474577    0.277950895689

      4   D      13            11.1884532    0.057990577053
      4   D      14             3.5571508    0.304558134916
      4   D      15             1.4464708    0.560135803829
      4   D      16             0.6439322    0.243242331313

      5   L      17             0.7648313   -0.058935598127   -0.071805226569
      5   L      18             0.2830442   -0.428923026076    0.037268634249
      5   L      19             0.1216888    0.547299846770    0.696584224889
      5   L      20             0.0604474    0.785369202957    0.331023684995

 FE

      1   S       1          3389.5930892    0.056752420805
      1   S       2           620.2537741    0.260141355021
      1   S       3           172.3132903    0.532846114343
      1   S       4            57.1892320    0.291625440523

      2   L       5           261.5616881   -0.062207145653    0.043684348837
      2   L       6            56.6224932    0.000029768046    0.286379398379
      2   L       7            18.4101169    0.558854922128    0.583575314058
      2   L       8             7.0707034    0.497767321825    0.246313437782

      3   L       9            17.2809969   -0.085290196437   -0.025049451809
      3   L      10             4.7523402   -0.213207403392    0.168660446094
      3   L      11             1.8704796    0.592084392778    0.640955315075
      3   L      12             0.8324494    0.611558474577    0.277950895689

      4   D      13            12.6434913    0.057990577053
      4   D      14             4.0197519    0.304558134916
      4   D      15             1.6345817    0.560135803829
      4   D      16             0.7276744    0.243242331313

      5   L      17             0.8118871   -0.058935598127   -0.071805226569
      5   L      18             0.3004583   -0.428923026076    0.037268634249
      5   L      19             0.1291756    0.547299846770    0.696584224889
      5   L      20             0.0641664    0.785369202957    0.331023684995

 CO

      1   S       1          3655.2389864    0.056752420805
      1   S       2           668.8637004    0.260141355021
      1   S       3           185.8176601    0.532846114343
      1   S       4            61.6712109    0.291625440523

      2   L       5           285.7633023   -0.062207145653    0.043684348837
      2   L       6            61.8616234    0.000029768046    0.286379398379
      2   L       7            20.1135565    0.558854922128    0.583575314058
      2   L       8             7.7249369    0.497767321825    0.246313437782

      3   L       9            19.0816442   -0.085290196437   -0.025049451809
      3   L      10             5.2475250   -0.213207403392    0.168660446094
      3   L      11             2.0653800    0.592084392778    0.640955315075
      3   L      12             0.9191891    0.611558474577    0.277950895689

      4   D      13            14.2597410    0.057990577053
      4   D      14             4.5336070    0.304558134916
      4   D      15             1.8435344    0.560135803829
      4   D      16             0.8206948    0.243242331313

      5   L      17             0.8603474   -0.058935598127   -0.071805226569
      5   L      18             0.3183922   -0.428923026076    0.037268634249
      5   L      19             0.1368859    0.547299846770    0.696584224889
      5   L      20             0.0679964    0.785369202957    0.331023684995

 NI  

      1   S       1          3933.7699678    0.056752420805
      1   S       2           719.8314384    0.260141355021
      1   S       3           199.9770558    0.532846114343
      1   S       4            66.3705871    0.291625440523

      2   L       5           310.4981607   -0.062207145653    0.043684348837
      2   L       6            67.2161895    0.000029768046    0.286379398379
      2   L       7            21.8545287    0.558854922128    0.583575314058
      2   L       8             8.3935855    0.497767321825    0.246313437782

      3   L       9            20.8836740   -0.085290196437   -0.025049451809
      3   L      10             5.7430901   -0.213207403392    0.168660446094
      3   L      11             2.2604301    0.592084392778    0.640955315075
      3   L      12             1.0059954    0.611558474577    0.277950895689

      4   D      13            15.8966589    0.057990577053
      4   D      14             5.0540332    0.304558134916
      4   D      15             2.0551592    0.560135803829
      4   D      16             0.9149048    0.243242331313

      5   L      17             0.8976145   -0.058935598127   -0.071805226569
      5   L      18             0.3321838   -0.428923026076    0.037268634249
      5   L      19             0.1428153    0.547299846770    0.696584224889
      5   L      20             0.0709418    0.785369202957    0.331023684995

 CU

      1   S       1          4219.5591451    0.056752420805
      1   S       2           772.1273368    0.260141355021
      1   S       3           214.5054290    0.532846114343
      1   S       4            71.1924235    0.291625440523

      2   L       5           336.8188103   -0.062207145653    0.043684348837
      2   L       6            72.9140454    0.000029768046    0.286379398379
      2   L       7            23.7071175    0.558854922128    0.583575314058
      2   L       8             9.1051022    0.497767321825    0.246313437782

      3   L       9            22.8587083   -0.085290196437   -0.025049451809
      3   L      10             6.2862321   -0.213207403392    0.168660446094
      3   L      11             2.4742061    0.592084392778    0.640955315075
      3   L      12             1.1011355    0.611558474577    0.277950895689

      4   D      13            17.6224958    0.057990577053
      4   D      14             5.6027294    0.304558134916
      4   D      15             2.2782797    0.560135803829
      4   D      16             1.0142324    0.243242331313

      5   L      17             0.9356717   -0.058935598127   -0.071805226569
      5   L      18             0.3462678   -0.428923026076    0.037268634249
      5   L      19             0.1488704    0.547299846770    0.696584224889
      5   L      20             0.0739496    0.785369202957    0.331023684995

 ZN

      1   S       1          4518.4389503    0.056752420805
      1   S       2           826.8186588    0.260141355021
      1   S       3           229.6992771    0.532846114343
      1   S       4            76.2351251    0.291625440523

      2   L       5           364.2101305   -0.062207145653    0.043684348837
      2   L       6            78.8436784    0.000029768046    0.286379398379
      2   L       7            25.6350657    0.558854922128    0.583575314058
      2   L       8             9.8455619    0.497767321825    0.246313437782

      3   L       9            24.8271985   -0.085290196437   -0.025049451809
      3   L      10             6.8275744   -0.213207403392    0.168660446094
      3   L      11             2.6872737    0.592084392778    0.640955315075
      3   L      12             1.1959604    0.611558474577    0.277950895689

      4   D      13            19.5218533    0.057990577053
      4   D      14             6.2065932    0.304558134916
      4   D      15             2.5238333    0.560135803829
      4   D      16             1.1235466    0.243242331313

      5   L      17             0.9876438   -0.058935598127   -0.071805226569
      5   L      18             0.3655012   -0.428923026076    0.037268634249
      5   L      19             0.1571395    0.547299846770    0.696584224889
      5   L      20             0.0780571    0.785369202957    0.331023684995

 GA  

      1   S       1          4827.5448142    0.056752420805
      1   S       2           883.3812236    0.260141355021
      1   S       3           245.4129770    0.532846114343
      1   S       4            81.4503609    0.291625440523

      2   L       5           392.0682425   -0.062207145653    0.043684348837
      2   L       6            84.8743620    0.000029768046    0.286379398379
      2   L       7            27.5958693    0.558854922128    0.583575314058
      2   L       8            10.5986403    0.497767321825    0.246313437782

      3   L       9            25.5014273   -0.085290196437   -0.025049451809
      3   L      10             7.0129899   -0.213207403392    0.168660446094
      3   L      11             2.7602516    0.592084392778    0.640955315075
      3   L      12             1.2284389    0.611558474577    0.277950895689

      4   D      13            25.4150333    0.057990577053
      4   D      14             8.0802150    0.304558134916
      4   D      15             3.2857181    0.560135803829
      4   D      16             1.4627185    0.243242331313

      5   L      17             1.4222070   -0.058935598127   -0.071805226569
      5   L      18             0.5263218   -0.428923026076    0.037268634249
      5   L      19             0.2262808    0.547299846770    0.696584224889
      5   L      20             0.1124022    0.785369202957    0.331023684995

 GE

      1   S       1          5143.6000367    0.056752420805
      1   S       2           941.2154354    0.260141355021
      1   S       3           261.4799543    0.532846114343
      1   S       4            86.7828462    0.291625440523

      2   L       5           421.5785979   -0.062207145653    0.043684348837
      2   L       6            91.2627207    0.000029768046    0.286379398379
      2   L       7            29.6729667    0.558854922128    0.583575314058
      2   L       8            11.3963831    0.497767321825    0.246313437782

      3   L       9            28.6986454   -0.085290196437   -0.025049451809
      3   L      10             7.8922371   -0.213207403392    0.168660446094
      3   L      11             3.1063156    0.592084392778    0.640955315075
      3   L      12             1.3824533    0.611558474577    0.277950895689

      4   D      13            28.6014198    0.057990577053
      4   D      14             9.0932645    0.304558134916
      4   D      15             3.6976620    0.560135803829
      4   D      16             1.6461055    0.243242331313

      5   L      17             1.7558111   -0.058935598127   -0.071805226569
      5   L      18             0.6497800   -0.428923026076    0.037268634249
      5   L      19             0.2793591    0.547299846770    0.696584224889
      5   L      20             0.1387682    0.785369202957    0.331023684995

 AS

      1   S       1          5473.0547244    0.056752420805
      1   S       2          1001.5015842    0.260141355021
      1   S       3           278.2281066    0.532846114343
      1   S       4            92.3414074    0.291625440523

      2   L       5           451.5115987   -0.062207145653    0.043684348837
      2   L       6            97.7425731    0.000029768046    0.286379398379
      2   L       7            31.7798121    0.558854922128    0.583575314058
      2   L       8            12.2055512    0.497767321825    0.246313437782

      3   L       9            32.0846292   -0.085290196437   -0.025049451809
      3   L      10             8.8233956   -0.213207403392    0.168660446094
      3   L      11             3.4728115    0.592084392778    0.640955315075
      3   L      12             1.5455608    0.611558474577    0.277950895689

      4   D      13            31.9759324    0.057990577053
      4   D      14            10.1661251    0.304558134916
      4   D      15             4.1339273    0.560135803829
      4   D      16             1.8403197    0.243242331313

      5   L      17             1.9728294   -0.058935598127   -0.071805226569
      5   L      18             0.7300928   -0.428923026076    0.037268634249
      5   L      19             0.3138878    0.547299846770    0.696584224889
      5   L      20             0.1559199    0.785369202957    0.331023684995

 SE  

      1   S       1          5809.2532271    0.056752420805
      1   S       2          1063.0217681    0.260141355021
      1   S       3           295.3190873    0.532846114343
      1   S       4            98.0137502    0.291625440523

      2   L       5           481.8017220   -0.062207145653    0.043684348837
      2   L       6           104.2997349    0.000029768046    0.286379398379
      2   L       7            33.9117937    0.558854922128    0.583575314058
      2   L       8            13.0243733    0.497767321825    0.246313437782

      3   L       9            35.6593785   -0.085290196437   -0.025049451809
      3   L      10             9.8064653   -0.213207403392    0.168660446094
      3   L      11             3.8597391    0.592084392778    0.640955315075
      3   L      12             1.7177614    0.611558474577    0.277950895689

      4   D      13            35.5385712    0.057990577053
      4   D      14            11.2987968    0.304558134916
      4   D      15             4.5945140    0.560135803829
      4   D      16             2.0453613    0.243242331313

      5   L      17             2.1633349   -0.058935598127   -0.071805226569
      5   L      18             0.8005939   -0.428923026076    0.037268634249
      5   L      19             0.3441983    0.547299846770    0.696584224889
      5   L      20             0.1709763    0.785369202957    0.331023684995

 BR

      1   S       1          6159.0567385    0.056752420805
      1   S       2          1127.0315010    0.260141355021
      1   S       3           313.1016920    0.532846114343
      1   S       4           103.9156369    0.291625440523

      2   L       5           513.7659298   -0.062207145653    0.043684348837
      2   L       6           111.2193000    0.000029768046    0.286379398379
      2   L       7            36.1616064    0.558854922128    0.583575314058
      2   L       8            13.8884503    0.497767321825    0.246313437782

      3   L       9            39.4228936   -0.085290196437   -0.025049451809
      3   L      10            10.8414463   -0.213207403392    0.168660446094
      3   L      11             4.2670986    0.592084392778    0.640955315075
      3   L      12             1.8990551    0.611558474577    0.277950895689

      4   D      13            39.2893361    0.057990577053
      4   D      14            12.4912794    0.304558134916
      4   D      15             5.0794222    0.560135803829
      4   D      16             2.2612301    0.243242331313

      5   L      17             2.4864041   -0.058935598127   -0.071805226569
      5   L      18             0.9201534   -0.428923026076    0.037268634249
      5   L      19             0.3956004    0.547299846770    0.696584224889
      5   L      20             0.1965096    0.785369202957    0.331023684995

 KR

      1   S       1          6515.3985213    0.056752420805
      1   S       2          1192.2376569    0.260141355021
      1   S       3           331.2166762    0.532846114343
      1   S       4           109.9278373    0.291625440523

      2   L       5           546.7566614   -0.062207145653    0.043684348837
      2   L       6           118.3610855    0.000029768046    0.286379398379
      2   L       7            38.4836713    0.558854922128    0.583575314058
      2   L       8            14.7802769    0.497767321825    0.246313437782

      3   L       9            43.3751742   -0.085290196437   -0.025049451809
      3   L      10            11.9283386   -0.213207403392    0.168660446094
      3   L      11             4.6948899    0.592084392778    0.640955315075
      3   L      12             2.0894419    0.611558474577    0.277950895689

      4   D      13            43.2282272    0.057990577053
      4   D      14            13.7435732    0.304558134916
      4   D      15             5.5886517    0.560135803829
      4   D      16             2.4879262    0.243242331313

      5   L      17             2.8319477   -0.058935598127   -0.071805226569
      5   L      18             1.0480301   -0.428923026076    0.037268634249
      5   L      19             0.4505782    0.547299846770    0.696584224889
      5   L      20             0.2238192    0.785369202957    0.331023684995

 RB

      1   S       1          6881.7608190    0.056752420805
      1   S       2          1259.2774437    0.260141355021
      1   S       3           349.8410630    0.532846114343
      1   S       4           116.1091038    0.291625440523

      2   L       5           580.7739169   -0.062207145653    0.043684348837
      2   L       6           125.7250914    0.000029768046    0.286379398379
      2   L       7            40.8779885    0.558854922128    0.583575314058
      2   L       8            15.6998532    0.497767321825    0.246313437782

      3   L       9            47.5162205   -0.085290196437   -0.025049451809
      3   L      10            13.0671421   -0.213207403392    0.168660446094
      3   L      11             5.1431131    0.592084392778    0.640955315075
      3   L      12             2.2889218    0.611558474577    0.277950895689

      4   D      13            47.3552444    0.057990577053
      4   D      14            15.0556779    0.304558134916
      4   D      15             6.1222026    0.560135803829
      4   D      16             2.7254495    0.243242331313

      5   L      17             4.0034249   -0.058935598127   -0.071805226569
      5   L      18             1.4815633   -0.428923026076    0.037268634249
      5   L      19             0.6369666    0.547299846770    0.696584224889
      5   L      20             0.3164053    0.785369202957    0.331023684995

      6   L      21             0.9305533    0.040451108325   -0.085861481431
      6   L      22             0.4294600   -0.657669135349   -0.109014976423
      6   L      23             0.1902752    0.379252078050    0.723403843547
      6   L      24             0.1036200    1.038590213743    0.411742910951

 SR

      1   S       1          7262.0359194    0.056752420805
      1   S       2          1328.8631019    0.260141355021
      1   S       3           369.1727208    0.532846114343
      1   S       4           122.5251073    0.291625440523

      2   L       5           615.8176964   -0.062207145653    0.043684348837
      2   L       6           133.3113178    0.000029768046    0.286379398379
      2   L       7            43.3445580    0.558854922128    0.583575314058
      2   L       8            16.6471791    0.497767321825    0.246313437782

      3   L       9            51.7078686   -0.085290196437   -0.025049451809
      3   L      10            14.2198613   -0.213207403392    0.168660446094
      3   L      11             5.5968133    0.592084392778    0.640955315075
      3   L      12             2.4908393    0.611558474577    0.277950895689

      4   D      13            51.5326919    0.057990577053
      4   D      14            16.3838160    0.304558134916
      4   D      15             6.6622733    0.560135803829
      4   D      16             2.9658753    0.243242331313

      5   L      17             4.3832069   -0.058935598127   -0.071805226569
      5   L      18             1.6221107   -0.428923026076    0.037268634249
      5   L      19             0.6973919    0.547299846770    0.696584224889
      5   L      20             0.3464209    0.785369202957    0.331023684995

      6   L      21             0.8351780    0.040451108325   -0.085861481431
      6   L      22             0.3854434   -0.657669135349   -0.109014976423
      6   L      23             0.1707733    0.379252078050    0.723403843547
      6   L      24             0.0929997    1.038590213743    0.411742910951

 Y

      1   S       1          7648.5414973    0.056752420805
      1   S       2          1399.5888607    0.260141355021
      1   S       3           388.8211111    0.532846114343
      1   S       4           129.0462314    0.291625440523

      2   L       5           649.5549698   -0.062207145653    0.043684348837
      2   L       6           140.6147136    0.000029768046    0.286379398379
      2   L       7            45.7191686    0.558854922128    0.583575314058
      2   L       8            17.5591867    0.497767321825    0.246313437782

      3   L       9            58.5476737   -0.085290196437   -0.025049451809
      3   L      10            16.1008339   -0.213207403392    0.168660446094
      3   L      11             6.3371476    0.592084392778    0.640955315075
      3   L      12             2.8203221    0.611558474577    0.277950895689

      4   D      13             9.9428523    0.057990577053
      4   D      14             3.1611363    0.304558134916
      4   D      15             1.2854364    0.560135803829
      4   D      16             0.5722437    0.243242331313

      5   L      17             4.7512688   -0.058935598127   -0.071805226569
      5   L      18             1.7583209   -0.428923026076    0.037268634249
      5   L      19             0.7559526    0.547299846770    0.696584224889
      5   L      20             0.3755102    0.785369202957    0.331023684995

      6   D      21            23.8932236   -0.002816702620
      6   D      22             2.1829749    0.217709587087
      6   D      23             0.9813409    0.605804734764
      6   D      24             0.4789400    0.271781125684

      7   L      25             0.3963487    0.040451108325   -0.085861481431
      7   L      26             0.1829190   -0.657669135349   -0.109014976423
      7   L      27             0.0810435    0.379252078050    0.723403843547
      7   L      28             0.0441347    1.038590213743    0.411742910951

 ZR

      1   S       1          8045.0675901    0.056752420805
      1   S       2          1472.1482504    0.260141355021
      1   S       3           408.9789041    0.532846114343
      1   S       4           135.7364217    0.291625440523

      2   L       5           686.5862743   -0.062207145653    0.043684348837
      2   L       6           148.6311964    0.000029768046    0.286379398379
      2   L       7            48.3256307    0.558854922128    0.583575314058
      2   L       8            18.5602407    0.497767321825    0.246313437782

      3   L       9            62.1268472   -0.085290196437   -0.025049451809
      3   L      10            17.0851203   -0.213207403392    0.168660446094
      3   L      11             6.7245542    0.592084392778    0.640955315075
      3   L      12             2.9927359    0.611558474577    0.277950895689

      4   D      13            11.1244278    0.057990577053
      4   D      14             3.5367952    0.304558134916
      4   D      15             1.4381934    0.560135803829
      4   D      16             0.6402473    0.243242331313

      5   L      17             5.3158937   -0.058935598127   -0.071805226569
      5   L      18             1.9672739   -0.428923026076    0.037268634249
      5   L      19             0.8457875    0.547299846770    0.696584224889
      5   L      20             0.4201346    0.785369202957    0.331023684995

      6   D      21            17.9624288   -0.002816702620
      6   D      22             1.6411152    0.217709587087
      6   D      23             0.7377517    0.605804734764
      6   D      24             0.3600571    0.271781125684

      7   L      25             0.4289567    0.040451108325   -0.085861481431
      7   L      26             0.1979680   -0.657669135349   -0.109014976423
      7   L      27             0.0877110    0.379252078050    0.723403843547
      7   L      28             0.0477657    1.038590213743    0.411742910951

 NB

      1   S       1          8455.8142794    0.056752420805
      1   S       2          1547.3098339    0.260141355021
      1   S       3           429.8596150    0.532846114343
      1   S       4           142.6665419    0.291625440523

      2   L       5           724.6441027   -0.062207145653    0.043684348837
      2   L       6           156.8698997    0.000029768046    0.286379398379
      2   L       7            51.0043452    0.558854922128    0.583575314058
      2   L       8            19.5890443    0.497767321825    0.246313437782

      3   L       9            66.7501308   -0.085290196437   -0.025049451809
      3   L      10            18.3565409   -0.213207403392    0.168660446094
      3   L      11             7.2249742    0.592084392778    0.640955315075
      3   L      12             3.2154458    0.611558474577    0.277950895689

      4   D      13            12.3723251    0.057990577053
      4   D      14             3.9335399    0.304558134916
      4   D      15             1.5995247    0.560135803829
      4   D      16             0.7120679    0.243242331313

      5   L      17             5.9122111   -0.058935598127   -0.071805226569
      5   L      18             2.1879554   -0.428923026076    0.037268634249
      5   L      19             0.9406648    0.547299846770    0.696584224889
      5   L      20             0.4672637    0.785369202957    0.331023684995

      6   D      21            17.0172059   -0.002816702620
      6   D      22             1.5547560    0.217709587087
      6   D      23             0.6989295    0.605804734764
      6   D      24             0.3411101    0.271781125684

      7   L      25             0.4697876    0.040451108325   -0.085861481431
      7   L      26             0.2168119   -0.657669135349   -0.109014976423
      7   L      27             0.0960600    0.379252078050    0.723403843547
      7   L      28             0.0523123    1.038590213743    0.411742910951

 MO  

      1   S       1          8872.4836523    0.056752420805
      1   S       2          1623.5551956    0.260141355021
      1   S       3           451.0414114    0.532846114343
      1   S       4           149.6965897    0.291625440523

      2   L       5           762.8861850   -0.062207145653    0.043684348837
      2   L       6           165.1484899    0.000029768046    0.286379398379
      2   L       7            53.6960284    0.558854922128    0.583575314058
      2   L       8            20.6228288    0.497767321825    0.246313437782

      3   L       9            71.7018186   -0.085290196437   -0.025049451809
      3   L      10            19.7182740   -0.213207403392    0.168660446094
      3   L      11             7.7609405    0.592084392778    0.640955315075
      3   L      12             3.4539754    0.611558474577    0.277950895689

      4   D      13            13.7575508    0.057990577053
      4   D      14             4.3739454    0.304558134916
      4   D      15             1.7786101    0.560135803829
      4   D      16             0.7917921    0.243242331313

      5   L      17             6.5741519   -0.058935598127   -0.071805226569
      5   L      18             2.4329224   -0.428923026076    0.037268634249
      5   L      19             1.0459832    0.547299846770    0.696584224889
      5   L      20             0.5195793    0.785369202957    0.331023684995

      6   D      21            17.8428789   -0.002816702620
      6   D      22             1.6301926    0.217709587087
      6   D      23             0.7328415    0.605804734764
      6   D      24             0.3576608    0.271781125684

      7   L      25             0.5052312    0.040451108325   -0.085861481431
      7   L      26             0.2331694   -0.657669135349   -0.109014976423
      7   L      27             0.1033073    0.379252078050    0.723403843547
      7   L      28             0.0562591    1.038590213743    0.411742910951

 TC  

      1   S       1          9299.1735402    0.056752420805
      1   S       2          1701.6341881    0.260141355021
      1   S       3           472.7326105    0.532846114343
      1   S       4           156.8957037    0.291625440523

      2   L       5           802.9752204   -0.062207145653    0.043684348837
      2   L       6           173.8269059    0.000029768046    0.286379398379
      2   L       7            56.5177101    0.558854922128    0.583575314058
      2   L       8            21.7065414    0.497767321825    0.246313437782

      3   L       9            76.9990545   -0.085290196437   -0.025049451809
      3   L      10            21.1750341   -0.213207403392    0.168660446094
      3   L      11             8.3343085    0.592084392778    0.640955315075
      3   L      12             3.7091506    0.611558474577    0.277950895689

      4   D      13            15.0670851    0.057990577053
      4   D      14             4.7902863    0.304558134916
      4   D      15             1.9479099    0.560135803829
      4   D      16             0.8671601    0.243242331313

      5   L      17             7.1999230   -0.058935598127   -0.071805226569
      5   L      18             2.6645040   -0.428923026076    0.037268634249
      5   L      19             1.1455467    0.547299846770    0.696584224889
      5   L      20             0.5690363    0.785369202957    0.331023684995

      6   D      21            19.4281630   -0.002816702620
      6   D      22             1.7750301    0.217709587087
      6   D      23             0.7979522    0.605804734764
      6   D      24             0.3894378    0.271781125684

      7   L      25             0.5419635    0.040451108325   -0.085861481431
      7   L      26             0.2501218   -0.657669135349   -0.109014976423
      7   L      27             0.1108181    0.379252078050    0.723403843547
      7   L      28             0.0603493    1.038590213743    0.411742910951

 RU

      1   S       1          9740.3918185    0.056752420805
      1   S       2          1782.3716971    0.260141355021
      1   S       3           495.1623745    0.532846114343
      1   S       4           164.3399407    0.291625440523

      2   L       5           843.2052924   -0.062207145653    0.043684348837
      2   L       6           182.5358533    0.000029768046    0.286379398379
      2   L       7            59.3493187    0.558854922128    0.583575314058
      2   L       8            22.7940665    0.497767321825    0.246313437782

      3   L       9            82.3107611   -0.085290196437   -0.025049451809
      3   L      10            22.6357737   -0.213207403392    0.168660446094
      3   L      11             8.9092429    0.592084392778    0.640955315075
      3   L      12             3.9650228    0.611558474577    0.277950895689

      4   D      13            16.5139478    0.057990577053
      4   D      14             5.2502882    0.304558134916
      4   D      15             2.1349638    0.560135803829
      4   D      16             0.9504318    0.243242331313

      5   L      17             7.8913175   -0.058935598127   -0.071805226569
      5   L      18             2.9203711   -0.428923026076    0.037268634249
      5   L      19             1.2555513    0.547299846770    0.696584224889
      5   L      20             0.6236797    0.785369202957    0.331023684995

      6   D      21            21.2108343   -0.002816702620
      6   D      22             1.9379017    0.217709587087
      6   D      23             0.8711700    0.605804734764
      6   D      24             0.4251715    0.271781125684

      7   L      25             0.5722774    0.040451108325   -0.085861481431
      7   L      26             0.2641120   -0.657669135349   -0.109014976423
      7   L      27             0.1170166    0.379252078050    0.723403843547
      7   L      28             0.0637249    1.038590213743    0.411742910951

 RH

      1   S       1         10187.2249865    0.056752420805
      1   S       2          1864.1366616    0.260141355021
      1   S       3           517.8775770    0.532846114343
      1   S       4           171.8789122    0.291625440523

      2   L       5           884.4186712   -0.062207145653    0.043684348837
      2   L       6           191.4576655    0.000029768046    0.286379398379
      2   L       7            62.2501377    0.558854922128    0.583575314058
      2   L       8            23.9081730    0.497767321825    0.246313437782

      3   L       9            87.9796294   -0.085290196437   -0.025049451809
      3   L      10            24.1947341   -0.213207403392    0.168660446094
      3   L      11             9.5228361    0.592084392778    0.640955315075
      3   L      12             4.2381000    0.611558474577    0.277950895689

      4   D      13            17.8647265    0.057990577053
      4   D      14             5.6797420    0.304558134916
      4   D      15             2.3095959    0.560135803829
      4   D      16             1.0281736    0.243242331313

      5   L      17             8.5367975   -0.058935598127   -0.071805226569
      5   L      18             3.1592465   -0.428923026076    0.037268634249
      5   L      19             1.3582507    0.547299846770    0.696584224889
      5   L      20             0.6746944    0.785369202957    0.331023684995

      6   D      21            23.3439725   -0.002816702620
      6   D      22             2.1327933    0.217709587087
      6   D      23             0.9587821    0.605804734764
      6   D      24             0.4679303    0.271781125684

      7   L      25             0.6034161    0.040451108325   -0.085861481431
      7   L      26             0.2784828   -0.657669135349   -0.109014976423
      7   L      27             0.1233837    0.379252078050    0.723403843547
      7   L      28             0.0671923    1.038590213743    0.411742910951

 PD

      1   S       1         10644.0786695    0.056752420805
      1   S       2          1947.7352570    0.260141355021
      1   S       3           541.1021822    0.532846114343
      1   S       4           179.5869499    0.291625440523

      2   L       5           926.6153567   -0.062207145653    0.043684348837
      2   L       6           200.5923425    0.000029768046    0.286379398379
      2   L       7            65.2201671    0.558854922128    0.583575314058
      2   L       8            25.0488609    0.497767321825    0.246313437782

      3   L       9            93.8372633   -0.085290196437   -0.025049451809
      3   L      10            25.8056058   -0.213207403392    0.168660446094
      3   L      11            10.1568611    0.592084392778    0.640955315075
      3   L      12             4.5202703    0.611558474577    0.277950895689

      4   D      13            19.3528337    0.057990577053
      4   D      14             6.1528567    0.304558134916
      4   D      15             2.5019820    0.560135803829
      4   D      16             1.1138190    0.243242331313

      5   L      17             9.2479010   -0.058935598127   -0.071805226569
      5   L      18             3.4224074   -0.428923026076    0.037268634249
      5   L      19             1.4713911    0.547299846770    0.696584224889
      5   L      20             0.7308955    0.785369202957    0.331023684995

      6   D      21            25.5792969   -0.002816702620
      6   D      22             2.3370209    0.217709587087
      6   D      23             1.0505912    0.605804734764
      6   D      24             0.5127374    0.271781125684

      7   L      25             0.6353797    0.040451108325   -0.085861481431
      7   L      26             0.2932344   -0.657669135349   -0.109014976423
      7   L      27             0.1299195    0.379252078050    0.723403843547
      7   L      28             0.0707515    1.038590213743    0.411742910951

 AG

      1   S       1         11110.9528675    0.056752420805
      1   S       2          2033.1674831    0.260141355021
      1   S       3           564.8361901    0.532846114343
      1   S       4           187.4640538    0.291625440523

      2   L       5           969.7953490   -0.062207145653    0.043684348837
      2   L       6           209.9398843    0.000029768046    0.286379398379
      2   L       7            68.2594070    0.558854922128    0.583575314058
      2   L       8            26.2161301    0.497767321825    0.246313437782

      3   L       9            99.8836628   -0.085290196437   -0.025049451809
      3   L      10            27.4683887   -0.213207403392    0.168660446094
      3   L      11            10.8113180    0.592084392778    0.640955315075
      3   L      12             4.8115337    0.611558474577    0.277950895689

      4   D      13            20.8129241    0.057990577053
      4   D      14             6.6170640    0.304558134916
      4   D      15             2.6907461    0.560135803829
      4   D      16             1.1978520    0.243242331313

      5   L      17             9.9456165   -0.058935598127   -0.071805226569
      5   L      18             3.6806137   -0.428923026076    0.037268634249
      5   L      19             1.5824014    0.547299846770    0.696584224889
      5   L      20             0.7860385    0.785369202957    0.331023684995

      6   D      21            27.9168077   -0.002816702620
      6   D      22             2.5505847    0.217709587087
      6   D      23             1.1465973    0.605804734764
      6   D      24             0.5595928    0.271781125684

      7   L      25             0.6598938    0.040451108325   -0.085861481431
      7   L      26             0.3045478   -0.657669135349   -0.109014976423
      7   L      27             0.1349320    0.379252078050    0.723403843547
      7   L      28             0.0734812    1.038590213743    0.411742910951

 CD

      1   S       1         11592.7654998    0.056752420805
      1   S       2          2121.3332587    0.260141355021
      1   S       3           589.3296080    0.532846114343
      1   S       4           195.5931990    0.291625440523

      2   L       5          1012.9881206   -0.062207145653    0.043684348837
      2   L       6           219.2901926    0.000029768046    0.286379398379
      2   L       7            71.2995463    0.558854922128    0.583575314058
      2   L       8            27.3837448    0.497767321825    0.246313437782

      3   L       9           106.3167185   -0.085290196437   -0.025049451809
      3   L      10            29.2375036   -0.213207403392    0.168660446094
      3   L      11            11.5076262    0.592084392778    0.640955315075
      3   L      12             5.1214229    0.611558474577    0.277950895689

      4   D      13            22.3261086    0.057990577053
      4   D      14             7.0981515    0.304558134916
      4   D      15             2.8863743    0.560135803829
      4   D      16             1.2849407    0.243242331313

      5   L      17            10.6687034   -0.058935598127   -0.071805226569
      5   L      18             3.9482094   -0.428923026076    0.037268634249
      5   L      19             1.6974485    0.547299846770    0.696584224889
      5   L      20             0.8431867    0.785369202957    0.331023684995

      6   D      21            31.2977359   -0.002816702620
      6   D      22             2.8594790    0.217709587087
      6   D      23             1.2854585    0.605804734764
      6   D      24             0.6273636    0.271781125684

      7   L      25             0.6848718    0.040451108325   -0.085861481431
      7   L      26             0.3160755   -0.657669135349   -0.109014976423
      7   L      27             0.1400394    0.379252078050    0.723403843547
      7   L      28             0.0762626    1.038590213743    0.411742910951

 IN

      1   S       1         12079.7829779    0.056752420805
      1   S       2          2210.4514569    0.260141355021
      1   S       3           614.0876193    0.532846114343
      1   S       4           203.8101604    0.291625440523

      2   L       5          1057.1219112   -0.062207145653    0.043684348837
      2   L       6           228.8442113    0.000029768046    0.286379398379
      2   L       7            74.4059196    0.558854922128    0.583575314058
      2   L       8            28.5767978    0.497767321825    0.246313437782

      3   L       9           113.1546802   -0.085290196437   -0.025049451809
      3   L      10            31.1179692   -0.213207403392    0.168660446094
      3   L      11            12.2477610    0.592084392778    0.640955315075
      3   L      12             5.4508169    0.611558474577    0.277950895689

      4   D      13           112.7713332    0.057990577053
      4   D      14            35.8534497    0.304558134916
      4   D      15            14.5793557    0.560135803829
      4   D      16             6.4903599    0.243242331313

      5   L      17             9.4912565   -0.058935598127   -0.071805226569
      5   L      18             3.5124669   -0.428923026076    0.037268634249
      5   L      19             1.5101103    0.547299846770    0.696584224889
      5   L      20             0.7501288    0.785369202957    0.331023684995

      6   D      21            43.1547352   -0.002816702620
      6   D      22             3.9427792    0.217709587087
      6   D      23             1.7724484    0.605804734764
      6   D      24             0.8650373    0.271781125684

      7   L      25             1.0832826    0.040451108325   -0.085861481431
      7   L      26             0.4999462   -0.657669135349   -0.109014976423
      7   L      27             0.2215045    0.379252078050    0.723403843547
      7   L      28             0.1206269    1.038590213743    0.411742910951

 SN

      1   S       1         12576.8209710    0.056752420805
      1   S       2          2301.4032860    0.260141355021
      1   S       3           639.3550333    0.532846114343
      1   S       4           212.1961879    0.291625440523

      2   L       5          1103.2090713   -0.062207145653    0.043684348837
      2   L       6           238.8210926    0.000029768046    0.286379398379
      2   L       7            77.6497815    0.558854922128    0.583575314058
      2   L       8            29.8226554    0.497767321825    0.246313437782

      3   L       9           119.5750163   -0.085290196437   -0.025049451809
      3   L      10            32.8835862   -0.213207403392    0.168660446094
      3   L      11            12.9426924    0.592084392778    0.640955315075
      3   L      12             5.7600933    0.611558474577    0.277950895689

      4   D      13           119.1699185    0.057990577053
      4   D      14            37.8877553    0.304558134916
      4   D      15            15.4065806    0.560135803829
      4   D      16             6.8586194    0.243242331313

      5   L      17            10.4962827   -0.058935598127   -0.071805226569
      5   L      18             3.8844010   -0.428923026076    0.037268634249
      5   L      19             1.6700154    0.547299846770    0.696584224889
      5   L      20             0.8295597    0.785369202957    0.331023684995

      6   D      21            47.7243771   -0.002816702620
      6   D      22             4.3602788    0.217709587087
      6   D      23             1.9601324    0.605804734764
      6   D      24             0.9566358    0.271781125684

      7   L      25             1.1915464    0.040451108325   -0.085861481431
      7   L      26             0.5499111   -0.657669135349   -0.109014976423
      7   L      27             0.2436418    0.379252078050    0.723403843547
      7   L      28             0.1326824    1.038590213743    0.411742910951

 SB

      1   S       1         13083.8794791    0.056752420805
      1   S       2          2394.1887458    0.260141355021
      1   S       3           665.1318501    0.532846114343
      1   S       4           220.7512817    0.291625440523

      2   L       5          1150.2795381   -0.062207145653    0.043684348837
      2   L       6           249.0108386    0.000029768046    0.286379398379
      2   L       7            80.9628539    0.558854922128    0.583575314058
      2   L       8            31.0950945    0.497767321825    0.246313437782

      3   L       9           126.3882763   -0.085290196437   -0.025049451809
      3   L      10            34.7572587   -0.213207403392    0.168660446094
      3   L      11            13.6801536    0.592084392778    0.640955315075
      3   L      12             6.0882975    0.611558474577    0.277950895689

      4   D      13           125.9600964    0.057990577053
      4   D      14            40.0465601    0.304558134916
      4   D      15            16.2844315    0.560135803829
      4   D      16             7.2494164    0.243242331313

      5   L      17            11.5068837   -0.058935598127   -0.071805226569
      5   L      18             4.2583981   -0.428923026076    0.037268634249
      5   L      19             1.8308075    0.547299846770    0.696584224889
      5   L      20             0.9094312    0.785369202957    0.331023684995

      6   D      21            52.3193659   -0.002816702620
      6   D      22             4.7800943    0.217709587087
      6   D      23             2.1488575    0.605804734764
      6   D      24             1.0487424    0.271781125684

      7   L      25             1.2476116    0.040451108325   -0.085861481431
      7   L      26             0.5757858   -0.657669135349   -0.109014976423
      7   L      27             0.2551058    0.379252078050    0.723403843547
      7   L      28             0.1389254    1.038590213743    0.411742910951

 TE

      1   S       1         13606.2864654    0.056752420805
      1   S       2          2489.7827880    0.260141355021
      1   S       3           691.6889218    0.532846114343
      1   S       4           229.5653350    0.291625440523

      2   L       5          1198.3333117   -0.062207145653    0.043684348837
      2   L       6           259.4134495    0.000029768046    0.286379398379
      2   L       7            84.3451366    0.558854922128    0.583575314058
      2   L       8            32.3941149    0.497767321825    0.246313437782

      3   L       9           133.3903019   -0.085290196437   -0.025049451809
      3   L      10            36.6828425   -0.213207403392    0.168660446094
      3   L      11            14.4380465    0.592084392778    0.640955315075
      3   L      12             6.4255947    0.611558474577    0.277950895689

      4   D      13           132.9384004    0.057990577053
      4   D      14            42.2651760    0.304558134916
      4   D      15            17.1866039    0.560135803829
      4   D      16             7.6510407    0.243242331313

      5   L      17            12.6109378   -0.058935598127   -0.071805226569
      5   L      18             4.6669797   -0.428923026076    0.037268634249
      5   L      19             2.0064685    0.547299846770    0.696584224889
      5   L      20             0.9966886    0.785369202957    0.331023684995

      6   D      21            57.3392660   -0.002816702620
      6   D      22             5.2387313    0.217709587087
      6   D      23             2.3550345    0.605804734764
      6   D      24             1.1493664    0.271781125684

      7   L      25             1.3399968    0.040451108325   -0.085861481431
      7   L      26             0.6184225   -0.657669135349   -0.109014976423
      7   L      27             0.2739962    0.379252078050    0.723403843547
      7   L      28             0.1492128    1.038590213743    0.411742910951

 I

      1   S       1         14133.4882536    0.056752420805
      1   S       2          2586.2542199    0.260141355021
      1   S       3           718.4897419    0.532846114343
      1   S       4           238.4602863    0.291625440523

      2   L       5          1247.3703921   -0.062207145653    0.043684348837
      2   L       6           270.0289253    0.000029768046    0.286379398379
      2   L       7            87.7966298    0.558854922128    0.583575314058
      2   L       8            33.7197168    0.497767321825    0.246313437782

      3   L       9           140.5810931   -0.085290196437   -0.025049451809
      3   L      10            38.6603375   -0.213207403392    0.168660446094
      3   L      11            15.2163713    0.592084392778    0.640955315075
      3   L      12             6.7719850    0.611558474577    0.277950895689

      4   D      13           140.1048306    0.057990577053
      4   D      14            44.5436029    0.304558134916
      4   D      15            18.1130976    0.560135803829
      4   D      16             8.0634923    0.243242331313

      5   L      17            13.7164403   -0.058935598127   -0.071805226569
      5   L      18             5.0760975   -0.428923026076    0.037268634249
      5   L      19             2.1823599    0.547299846770    0.696584224889
      5   L      20             1.0840605    0.785369202957    0.331023684995

      6   D      21            62.3657524   -0.002816702620
      6   D      22             5.6979700    0.217709587087
      6   D      23             2.5614820    0.605804734764
      6   D      24             1.2501224    0.271781125684

      7   L      25             1.5096101    0.040451108325   -0.085861481431
      7   L      26             0.6967008   -0.657669135349   -0.109014976423
      7   L      27             0.3086780    0.379252078050    0.723403843547
      7   L      28             0.1680998    1.038590213743    0.411742910951
 
 XE

      1   S       1         14670.7105568    0.056752420805
      1   S       2          2684.5592826    0.260141355021
      1   S       3           745.7999648    0.532846114343
      1   S       4           247.5243038    0.291625440523

      2   L       5          1297.3907792   -0.062207145653    0.043684348837
      2   L       6           280.8572658    0.000029768046    0.286379398379
      2   L       7            91.3173334    0.558854922128    0.583575314058
      2   L       8            35.0719000    0.497767321825    0.246313437782

      3   L       9           147.7271815   -0.085290196437   -0.025049451809
      3   L      10            40.6255391   -0.213207403392    0.168660446094
      3   L      11            15.9898575    0.592084392778    0.640955315075
      3   L      12             7.1162219    0.611558474577    0.277950895689

      4   D      13           147.2267094    0.057990577053
      4   D      14            46.8078657    0.304558134916
      4   D      15            19.0338316    0.560135803829
      4   D      16             8.4733797    0.243242331313

      5   L      17            14.8683841   -0.058935598127   -0.071805226569
      5   L      18             5.5024019   -0.428923026076    0.037268634249
      5   L      19             2.3656404    0.547299846770    0.696584224889
      5   L      20             1.1751029    0.785369202957    0.331023684995

      6   D      21            67.6033970   -0.002816702620
      6   D      22             6.1765010    0.217709587087
      6   D      23             2.7766022    0.605804734764
      6   D      24             1.3551111    0.271781125684

      7   L      25             1.7025517    0.040451108325   -0.085861481431
      7   L      26             0.7857453   -0.657669135349   -0.109014976423
      7   L      27             0.3481297    0.379252078050    0.723403843547
      7   L      28             0.1895844    1.038590213743    0.411742910951