  SHELL TYPE  PRIMITIVE        EXPONENT          CONTRACTION COEFFICIENT(S)

 H

      1   S       1            17.3835474    0.022140553120
      1   S       2             3.1854892    0.113541152000
      1   S       3             0.8897299    0.331816148399
      1   S       4             0.3037874    0.482570071298
      1   S       5             0.1144785    0.193572196599

 HE

      1   S       1            32.2900297    0.022140553120
      1   S       2             5.9170628    0.113541152000
      1   S       3             1.6526779    0.331816148399
      1   S       4             0.5642867    0.482570071298
      1   S       5             0.2126444    0.193572196599

 LI

      1   S       1            81.8087196    0.022140553120
      1   S       2            14.9912323    0.113541152000
      1   S       3             4.1871583    0.331816148399
      1   S       4             1.4296541    0.482570071298
      1   S       5             0.5387473    0.193572196599

      2   L       6             3.2232283   -0.029408550881    0.012556091280
      2   L       7             0.6608022   -0.065327468832    0.107557696203
      2   L       8             0.2105983    0.128997318104    0.373597536712
      2   L       9             0.0818688    0.612289993817    0.510239563716
      2   L      10             0.0348767    0.346120565510    0.156828180105

 BE
 
      1   S       1           153.1054580    0.022140553120
      1   S       2            28.0561717    0.113541152000
      1   S       3             7.8362892    0.331816148399
      1   S       4             2.6756052    0.482570071298
      1   S       5             1.0082685    0.193572196599

      2   L       6             6.6604991   -0.029408550881    0.012556091280
      2   L       7             1.3654858   -0.065327468832    0.107557696203
      2   L       8             0.4351816    0.128997318104    0.373597536712
      2   L       9             0.1691742    0.612289993817    0.510239563716
      2   L      10             0.0720695    0.346120565510    0.156828180105

 B

      1   S       1           247.6205830    0.022140553120
      1   S       2            45.3758192    0.113541152000
      1   S       3            12.6737905    0.331816148399
      1   S       4             4.3273110    0.482570071298
      1   S       5             1.6306932    0.193572196599

      2   L       6            11.3316621   -0.029408550881    0.012556091280
      2   L       7             2.3231328   -0.065327468832    0.107557696203
      2   L       8             0.7403846    0.128997318104    0.373597536712
      2   L       9             0.2878200    0.612289993817    0.510239563716
      2   L      10             0.1226134    0.346120565510    0.156828180105

 C

      1   S       1           363.4637921    0.022140553120
      1   S       2            66.6037820    0.113541152000
      1   S       3            18.6029122    0.331816148399
      1   S       4             6.3517372    0.482570071298
      1   S       5             2.3935730    0.193572196599

      2   L       6            14.8993729   -0.029408550881    0.012556091280
      2   L       7             3.0545583   -0.065327468832    0.107557696203
      2   L       8             0.9734906    0.128997318104    0.373597536712
      2   L       9             0.3784386    0.612289993817    0.510239563716
      2   L      10             0.1612176    0.346120565510    0.156828180105

 N

      1   S       1           502.9753521    0.022140553120
      1   S       2            92.1689077    0.113541152000
      1   S       3            25.7434345    0.331816148399
      1   S       4             8.7897813    0.482570071298
      1   S       5             3.3123195    0.193572196599

      2   L       6            19.1505089   -0.029408550881    0.012556091280
      2   L       7             3.9260945   -0.065327468832    0.107557696203
      2   L       8             1.2512500    0.128997318104    0.373597536712
      2   L       9             0.4864158    0.612289993817    0.510239563716
      2   L      10             0.2072167    0.346120565510    0.156828180105

 O

      1   S       1           663.3650320    0.022140553120
      1   S       2           121.5598939    0.113541152000
      1   S       3            33.9525469    0.331816148399
      1   S       4            11.5926825    0.482570071298
      1   S       5             4.3685579    0.193572196599

      2   L       6            25.4962396   -0.029408550881    0.012556091280
      2   L       7             5.2270489   -0.065327468832    0.107557696203
      2   L       8             1.6658654    0.128997318104    0.373597536712
      2   L       9             0.6475951    0.612289993817    0.510239563716
      2   L      10             0.2758803    0.346120565510    0.156828180105

 F

      1   S       1           845.9160214    0.022140553120
      1   S       2           155.0118816    0.113541152000
      1   S       3            43.2959261    0.331816148399
      1   S       4            14.7828652    0.482570071298
      1   S       5             5.5707385    0.193572196599

      2   L       6            32.7485033   -0.029408550881    0.012556091280
      2   L       7             6.7138539   -0.065327468832    0.107557696203
      2   L       8             2.1397116    0.128997318104    0.373597536712
      2   L       9             0.8317999    0.612289993817    0.510239563716
      2   L      10             0.3543529    0.346120565510    0.156828180105

 NE

      1   S       1          1050.6283204    0.022140553120
      1   S       2           192.5248709    0.113541152000
      1   S       3            53.7735721    0.331816148399
      1   S       4            18.3603294    0.482570071298
      1   S       5             6.9188613    0.193572196599

      2   L       6            41.7730390   -0.029408550881    0.012556091280
      2   L       7             8.5639968   -0.065327468832    0.107557696203
      2   L       8             2.7293539    0.128997318104    0.373597536712
      2   L       9             1.0610198    0.612289993817    0.510239563716
      2   L      10             0.4520022    0.346120565510    0.156828180105

 NA        

      1   S       1          1272.6992944    0.022140553120
      1   S       2           233.2187916    0.113541152000
      1   S       3            65.1396749    0.331816148399
      1   S       4            22.2411464    0.482570071298
      1   S       5             8.3812988    0.193572196599

      2   L       6            60.9915379   -0.029408550881    0.012556091280
      2   L       7            12.5040301   -0.065327468832    0.107557696203
      2   L       8             3.9850462    0.128997318104    0.373597536712
      2   L       9             1.5491625    0.612289993817    0.510239563716
      2   L      10             0.6599546    0.346120565510    0.156828180105

      3   L      11             2.7566292   -0.026622033911   -0.015668834480
      3   L      12             0.7506833   -0.160348407203    0.007214920506
      3   L      13             0.2879235   -0.047794733071    0.317085476208
      3   L      14             0.1301194    0.727515844115    0.581882138214
      3   L      15             0.0631397    0.412384640808    0.170179982404

 MG        

      1   S       1          1518.6647321    0.022140553120
      1   S       2           278.2913099    0.113541152000
      1   S       3            77.7287513    0.331816148399
      1   S       4            26.5395328    0.482570071298
      1   S       5            10.0010921    0.193572196599

      2   L       6            76.6020355   -0.029408550881    0.012556091280
      2   L       7            15.7043779   -0.065327468832    0.107557696203
      2   L       8             5.0050000    0.128997318104    0.373597536712
      2   L       9             1.9456634    0.612289993817    0.510239563716
      2   L      10             0.8288669    0.346120565510    0.156828180105

      3   L      11             2.6279329   -0.026622033911   -0.015668834480
      3   L      12             0.7156368   -0.160348407203    0.007214920506
      3   L      13             0.2744815   -0.047794733071    0.317085476208
      3   L      14             0.1240447    0.727515844115    0.581882138214
      3   L      15             0.0601920    0.412384640808    0.170179982404

 AL        

      1   S       1          1783.5049307    0.022140553120
      1   S       2           326.8225783    0.113541152000
      1   S       3            91.2838814    0.331816148399
      1   S       4            31.1677664    0.482570071298
      1   S       5            11.7451842    0.193572196599

      2   L       6            95.7379391   -0.029408550881    0.012556091280
      2   L       7            19.6274781   -0.065327468832    0.107557696203
      2   L       8             6.2552958    0.128997318104    0.373597536712
      2   L       9             2.4317083    0.612289993817    0.510239563716
      2   L      10             1.0359256    0.346120565510    0.156828180105

      3   L      11             3.0688842   -0.026622033911   -0.015668834480
      3   L      12             0.8357163   -0.160348407203    0.007214920506
      3   L      13             0.3205378   -0.047794733071    0.317085476208
      3   L      14             0.1448586    0.727515844115    0.581882138214
      3   L      15             0.0702918    0.412384640808    0.170179982404

 SI        

      1   S       1          2069.6200770    0.022140553120
      1   S       2           379.2524248    0.113541152000
      1   S       3           105.9279121    0.331816148399
      1   S       4            36.1677918    0.482570071298
      1   S       5            13.6293815    0.193572196599

      2   L       6           117.4912049   -0.029408550881    0.012556091280
      2   L       7            24.0871704   -0.065327468832    0.107557696203
      2   L       8             7.6766039    0.128997318104    0.373597536712
      2   L       9             2.9842332    0.612289993817    0.510239563716
      2   L      10             1.2713052    0.346120565510    0.156828180105

      3   L      11             3.9487358   -0.026622033911   -0.015668834480
      3   L      12             1.0753169   -0.160348407203    0.007214920506
      3   L      13             0.4124362   -0.047794733071    0.317085476208
      3   L      14             0.1863897    0.727515844115    0.581882138214
      3   L      15             0.0904445    0.412384640808    0.170179982404

 P         

      1   S       1          2377.0101708    0.022140553120
      1   S       2           435.5808494    0.113541152000
      1   S       3           121.6608436    0.331816148399
      1   S       4            41.5396091    0.482570071298
      1   S       5            15.6536838    0.193572196599

      2   L       6           142.0038562   -0.029408550881    0.012556091280
      2   L       7            29.1125713   -0.065327468832    0.107557696203
      2   L       8             9.2782039    0.128997318104    0.373597536712
      2   L       9             3.6068455    0.612289993817    0.510239563716
      2   L      10             1.5365426    0.346120565510    0.156828180105

      3   L      11             5.0562414   -0.026622033911   -0.015668834480
      3   L      12             1.3769120   -0.160348407203    0.007214920506
      3   L      13             0.5281126   -0.047794733071    0.317085476208
      3   L      14             0.2386666    0.727515844115    0.581882138214
      3   L      15             0.1158116    0.412384640808    0.170179982404

 S         

      1   S       1          2705.6752123    0.022140553120
      1   S       2           495.8078521    0.113541152000
      1   S       3           138.4826758    0.331816148399
      1   S       4            47.2832183    0.482570071298
      1   S       5            17.8180913    0.193572196599

      2   L       6           168.8372320   -0.029408550881    0.012556091280
      2   L       7            34.6137498   -0.065327468832    0.107557696203
      2   L       8            11.0314347    0.128997318104    0.373597536712
      2   L       9             4.2884033    0.612289993817    0.510239563716
      2   L      10             1.8268913    0.346120565510    0.156828180105

      3   L      11             6.2350169   -0.026622033911   -0.015668834480
      3   L      12             1.6979153   -0.160348407203    0.007214920506
      3   L      13             0.6512330   -0.047794733071    0.317085476208
      3   L      14             0.2943076    0.727515844115    0.581882138214
      3   L      15             0.1428110    0.412384640808    0.170179982404

 CL        

      1   S       1          3051.8990386    0.022140553120
      1   S       2           559.2524558    0.113541152000
      1   S       3           156.2032070    0.331816148399
      1   S       4            53.3336772    0.482570071298
      1   S       5            20.0981314    0.193572196599

      2   L       6           197.3602845   -0.029408550881    0.012556091280
      2   L       7            40.4613333   -0.065327468832    0.107557696203
      2   L       8            12.8950651    0.128997318104    0.373597536712
      2   L       9             5.0128783    0.612289993817    0.510239563716
      2   L      10             2.1355230    0.346120565510    0.156828180105

      3   L      11             7.6814397   -0.026622033911   -0.015668834480
      3   L      12             2.0918041   -0.160348407203    0.007214920506
      3   L      13             0.8023084   -0.047794733071    0.317085476208
      3   L      14             0.3625821    0.727515844115    0.581882138214
      3   L      15             0.1759409    0.412384640808    0.170179982404

 AR

      1   S       1          3422.8946460    0.022140553120
      1   S       2           627.2364232    0.113541152000
      1   S       3           175.1916148    0.331816148399
      1   S       4            59.8170372    0.482570071298
      1   S       5            22.5413047    0.193572196599

      2   L       6           228.7867606   -0.029408550881    0.012556091280
      2   L       7            46.9041550   -0.065327468832    0.107557696203
      2   L       8            14.9483984    0.128997318104    0.373597536712
      2   L       9             5.8110992    0.612289993817    0.510239563716
      2   L      10             2.4755709    0.346120565510    0.156828180105

      3   L      11             9.2786063   -0.026622033911   -0.015668834480
      3   L      12             2.5267434   -0.160348407203    0.007214920506
      3   L      13             0.9691288   -0.047794733071    0.317085476208
      3   L      14             0.4379722    0.727515844115    0.581882138214
      3   L      15             0.2125235    0.412384640808    0.170179982404

 K

      1   S       1          3915.5049902    0.022140553120
      1   S       2           717.5059705    0.113541152000
      1   S       3           200.4045444    0.331816148399
      1   S       4            68.4256840    0.482570071298
      1   S       5            25.7853660    0.193572196599

      2   L       6           265.4509827   -0.029408550881    0.012556091280
      2   L       7            54.4207803   -0.065327468832    0.107557696203
      2   L       8            17.3439540    0.128997318104    0.373597536712
      2   L       9             6.7423569    0.612289993817    0.510239563716
      2   L      10             2.8722935    0.346120565510    0.156828180105

      3   L      11            12.9251708   -0.026622033911   -0.015668834480
      3   L      12             3.5197732   -0.160348407203    0.007214920506
      3   L      13             1.3500039   -0.047794733071    0.317085476208
      3   L      14             0.6100987    0.727515844115    0.581882138214
      3   L      15             0.2960468    0.412384640808    0.170179982404

      4   L      16             1.6068342   -0.001628249797   -0.023995195950
      4   L      17             0.5492495   -0.213893133607   -0.081183215511
      4   L      18             0.2363252   -0.303958345611    0.223862894401
      4   L      19             0.1194195    0.849117545030    0.672690040804
      4   L      20             0.0630371    0.516414726018    0.200380274601

 CA

      1   S       1          4334.3143974    0.022140553120
      1   S       2           794.2516907    0.113541152000
      1   S       3           221.8401724    0.331816148399
      1   S       4            75.7446174    0.482570071298
      1   S       5            28.5434148    0.193572196599

      2   L       6           301.7123013   -0.029408550881    0.012556091280
      2   L       7            61.8548053   -0.065327468832    0.107557696203
      2   L       8            19.7131848    0.128997318104    0.373597536712
      2   L       9             7.6633809    0.612289993817    0.510239563716
      2   L      10             3.2646565    0.346120565510    0.156828180105

      3   L      11            15.4847392   -0.026622033911   -0.015668834480
      3   L      12             4.2167930   -0.160348407203    0.007214920506
      3   L      13             1.6173449   -0.047794733071    0.317085476208
      3   L      14             0.7309163    0.727515844115    0.581882138214
      3   L      15             0.3546729    0.412384640808    0.170179982404

      4   L      16             1.4533721   -0.001628249797   -0.023995195950
      4   L      17             0.4967929   -0.213893133607   -0.081183215511
      4   L      18             0.2137548   -0.303958345611    0.223862894401
      4   L      19             0.1080142    0.849117545030    0.672690040804
      4   L      20             0.0570167    0.516414726018    0.200380274601

 SC

      1   S       1          4779.0464997    0.022140553120
      1   S       2           875.7476763    0.113541152000
      1   S       3           244.6025835    0.331816148399
      1   S       4            83.5165647    0.482570071298
      1   S       5            31.4721762    0.193572196599

      2   L       6           340.2943443   -0.029408550881    0.012556091280
      2   L       7            69.7646079   -0.065327468832    0.107557696203
      2   L       8            22.2340464    0.128997318104    0.373597536712
      2   L       9             8.6433506    0.612289993817    0.510239563716
      2   L      10             3.6821308    0.346120565510    0.156828180105

      3   L      11            17.6108764   -0.026622033911   -0.015668834480
      3   L      12             4.7957812   -0.160348407203    0.007214920506
      3   L      13             1.8394149   -0.047794733071    0.317085476208
      3   L      14             0.8312750    0.727515844115    0.581882138214
      3   L      15             0.4033714    0.412384640808    0.170179982404

      4   D      16             8.3552615    0.020208691280
      4   D      17             2.6721536    0.132115792297
      4   D      18             1.1019347    0.391124034591
      4   D      19             0.5116257    0.477960970088
      4   D      20             0.2480496    0.146366229396

      5   L      21             1.0573408   -0.001628249797   -0.023995195950
      5   L      22             0.3614212   -0.213893133607   -0.081183215511
      5   L      23             0.1555084   -0.303958345611    0.223862894401
      5   L      24             0.0785813    0.849117545030    0.672690040804
      5   L      25             0.0414802    0.516414726018    0.200380274601

 TI

      1   S       1          5245.4944694    0.022140553120
      1   S       2           961.2230375    0.113541152000
      1   S       3           268.4764626    0.331816148399
      1   S       4            91.6680091    0.482570071298
      1   S       5            34.5439464    0.193572196599

      2   L       6           381.1971116   -0.029408550881    0.012556091280
      2   L       7            78.1501882   -0.065327468832    0.107557696203
      2   L       8            24.9065387    0.128997318104    0.373597536712
      2   L       9             9.6822657    0.612289993817    0.510239563716
      2   L      10             4.1247163    0.346120565510    0.156828180105

      3   L      11            20.2249655   -0.026622033911   -0.015668834480
      3   L      12             5.5076481   -0.160348407203    0.007214920506
      3   L      13             2.1124504   -0.047794733071    0.317085476208
      3   L      14             0.9546662    0.727515844115    0.581882138214
      3   L      15             0.4632463    0.412384640808    0.170179982404

      4   D      16            11.0539575    0.020208691280
      4   D      17             3.5352421    0.132115792297
      4   D      18             1.4578526    0.391124034591
      4   D      19             0.6768775    0.477960970088
      4   D      20             0.3281680    0.146366229396

      5   L      21             1.1504553   -0.001628249797   -0.023995195950
      5   L      22             0.3932496   -0.213893133607   -0.081183215511
      5   L      23             0.1692033   -0.303958345611    0.223862894401
      5   L      24             0.0855015    0.849117545030    0.672690040804
      5   L      25             0.0451331    0.516414726018    0.200380274601

 V

      1   S       1          5738.7514960    0.022140553120
      1   S       2          1051.6110877    0.113541152000
      1   S       3           293.7224909    0.331816148399
      1   S       4           100.2879571    0.482570071298
      1   S       5            37.7922664    0.193572196599

      2   L       6           424.4206034   -0.029408550881    0.012556091280
      2   L       7            87.0115460   -0.065327468832    0.107557696203
      2   L       8            27.7306618    0.128997318104    0.373597536712
      2   L       9            10.7801265    0.612289993817    0.510239563716
      2   L      10             4.5924130    0.346120565510    0.156828180105

      3   L      11            23.0198788   -0.026622033911   -0.015668834480
      3   L      12             6.2687568   -0.160348407203    0.007214920506
      3   L      13             2.4043726   -0.047794733071    0.317085476208
      3   L      14             1.0865928    0.727515844115    0.581882138214
      3   L      15             0.5272629    0.412384640808    0.170179982404

      4   D      16            11.2195576    0.020208691280
      4   D      17             3.5882038    0.132115792297
      4   D      18             1.4796928    0.391124034591
      4   D      19             0.6870178    0.477960970088
      4   D      20             0.3330843    0.146366229396

      5   L      21             1.2277757   -0.001628249797   -0.023995195950
      5   L      22             0.4196794   -0.213893133607   -0.081183215511
      5   L      23             0.1805752   -0.303958345611    0.223862894401
      5   L      24             0.0912480    0.849117545030    0.672690040804
      5   L      25             0.0481664    0.516414726018    0.200380274601

 CR

      1   S       1          6254.1698322    0.022140553120
      1   S       2          1146.0601395    0.113541152000
      1   S       3           320.1027859    0.331816148399
      1   S       4           109.2951867    0.482570071298
      1   S       5            41.1865286    0.193572196599

      2   L       6           469.9648195   -0.029408550881    0.012556091280
      2   L       7            96.3486815   -0.065327468832    0.107557696203
      2   L       8            30.7064157    0.128997318104    0.373597536712
      2   L       9            11.9369327    0.612289993817    0.510239563716
      2   L      10             5.0852210    0.346120565510    0.156828180105

      3   L      11            25.8624763   -0.026622033911   -0.015668834480
      3   L      12             7.0428510   -0.160348407203    0.007214920506
      3   L      13             2.7012753   -0.047794733071    0.317085476208
      3   L      14             1.2207701    0.727515844115    0.581882138214
      3   L      15             0.5923716    0.412384640808    0.170179982404

      4   D      16            16.0565874    0.020208691280
      4   D      17             5.1351676    0.132115792297
      4   D      18             2.1176251    0.391124034591
      4   D      19             0.9832083    0.477960970088
      4   D      20             0.4766853    0.146366229396

      5   L      21             1.3076105   -0.001628249797   -0.023995195950
      5   L      22             0.4469686   -0.213893133607   -0.081183215511
      5   L      23             0.1923169   -0.303958345611    0.223862894401
      5   L      24             0.0971813    0.849117545030    0.672690040804
      5   L      25             0.0512984    0.516414726018    0.200380274601

 MN

      1   S       1          6786.2085852    0.022140553120
      1   S       2          1243.5548388    0.113541152000
      1   S       3           347.3337521    0.331816148399
      1   S       4           118.5928675    0.482570071298
      1   S       5            44.6902437    0.193572196599

      2   L       6           516.8089032   -0.029408550881    0.012556091280
      2   L       7           105.9523060   -0.065327468832    0.107557696203
      2   L       8            33.7670999    0.128997318104    0.373597536712
      2   L       9            13.1267551    0.612289993817    0.510239563716
      2   L      10             5.5920941    0.346120565510    0.156828180105

      3   L      11            28.8705161   -0.026622033911   -0.015668834480
      3   L      12             7.8619982   -0.160348407203    0.007214920506
      3   L      13             3.0154580   -0.047794733071    0.317085476208
      3   L      14             1.3627567    0.727515844115    0.581882138214
      3   L      15             0.6612698    0.412384640808    0.170179982404

      4   D      16            18.7455875    0.020208691280
      4   D      17             5.9951552    0.132115792297
      4   D      18             2.4722642    0.391124034591
      4   D      19             1.1478664    0.477960970088
      4   D      20             0.5565159    0.146366229396

      5   L      21             1.3691368   -0.001628249797   -0.023995195950
      5   L      22             0.4679996   -0.213893133607   -0.081183215511
      5   L      23             0.2013659   -0.303958345611    0.223862894401
      5   L      24             0.1017539    0.849117545030    0.672690040804
      5   L      25             0.0537121    0.516414726018    0.200380274601

 FE

      1   S       1          7345.7256890    0.022140553120
      1   S       2          1346.0848735    0.113541152000
      1   S       3           375.9711234    0.331816148399
      1   S       4           128.3707482    0.482570071298
      1   S       5            48.3749161    0.193572196599

      2   L       6           566.9462197   -0.029408550881    0.012556091280
      2   L       7           116.2310847   -0.065327468832    0.107557696203
      2   L       8            37.0429563    0.128997318104    0.373597536712
      2   L       9            14.4002244    0.612289993817    0.510239563716
      2   L      10             6.1346013    0.346120565510    0.156828180105

      3   L      11            32.0439980   -0.026622033911   -0.015668834480
      3   L      12             8.7261985   -0.160348407203    0.007214920506
      3   L      13             3.3469208   -0.047794733071    0.317085476208
      3   L      14             1.5125525    0.727515844115    0.581882138214
      3   L      15             0.7339574    0.412384640808    0.170179982404

      4   D      16            21.1834173    0.020208691280
      4   D      17             6.7748143    0.132115792297
      4   D      18             2.7937777    0.391124034591
      4   D      19             1.2971443    0.477960970088
      4   D      20             0.6288897    0.146366229396

      5   L      21             1.4533721   -0.001628249797   -0.023995195950
      5   L      22             0.4967929   -0.213893133607   -0.081183215511
      5   L      23             0.2137548   -0.303958345611    0.223862894401
      5   L      24             0.1080142    0.849117545030    0.672690040804
      5   L      25             0.0570167    0.516414726018    0.200380274601

 CO

      1   S       1          7921.4177675    0.022140553120
      1   S       2          1451.5789298    0.113541152000
      1   S       3           405.4363671    0.331816148399
      1   S       4           138.4312957    0.482570071298
      1   S       5            52.1661080    0.193572196599

      2   L       6           619.4042606   -0.029408550881    0.012556091280
      2   L       7           126.9856409   -0.065327468832    0.107557696203
      2   L       8            40.4704435    0.128997318104    0.373597536712
      2   L       9            15.7326393    0.612289993817    0.510239563716
      2   L      10             6.7022198    0.346120565510    0.156828180105

      3   L      11            35.3829222   -0.026622033911   -0.015668834480
      3   L      12             9.6354519   -0.160348407203    0.007214920506
      3   L      13             3.6956636   -0.047794733071    0.317085476208
      3   L      14             1.6701577    0.727515844115    0.581882138214
      3   L      15             0.8104344    0.412384640808    0.170179982404

      4   D      16            23.8913476    0.020208691280
      4   D      17             7.6408561    0.132115792297
      4   D      18             3.1509135    0.391124034591
      4   D      19             1.4629616    0.477960970088
      4   D      20             0.7092823    0.146366229396

      5   L      21             1.5401218   -0.001628249797   -0.023995195950
      5   L      22             0.5264458   -0.213893133607   -0.081183215511
      5   L      23             0.2265135   -0.303958345611    0.223862894401
      5   L      24             0.1144615    0.849117545030    0.672690040804
      5   L      25             0.0604200    0.516414726018    0.200380274601

 NI

      1   S       1          8525.0336387    0.022140553120
      1   S       2          1562.1899474    0.113541152000
      1   S       3           436.3308147    0.331816148399
      1   S       4           148.9798275    0.482570071298
      1   S       5            56.1411907    0.193572196599

      2   L       6           673.0181310   -0.029408550881    0.012556091280
      2   L       7           137.9771566   -0.065327468832    0.107557696203
      2   L       8            43.9734500    0.128997318104    0.373597536712
      2   L       9            17.0944118    0.612289993817    0.510239563716
      2   L      10             7.2823449    0.346120565510    0.156828180105

      3   L      11            38.7244099   -0.026622033911   -0.015668834480
      3   L      12            10.5454035   -0.160348407203    0.007214920506
      3   L      13             4.0446742   -0.047794733071    0.317085476208
      3   L      14             1.8278838    0.727515844115    0.581882138214
      3   L      15             0.8869700    0.412384640808    0.170179982404

      4   D      16            26.6339061    0.020208691280
      4   D      17             8.5179726    0.132115792297
      4   D      18             3.5126161    0.391124034591
      4   D      19             1.6308993    0.477960970088
      4   D      20             0.7907029    0.146366229396

      5   L      21             1.6068342   -0.001628249797   -0.023995195950
      5   L      22             0.5492495   -0.213893133607   -0.081183215511
      5   L      23             0.2363252   -0.303958345611    0.223862894401
      5   L      24             0.1194195    0.849117545030    0.672690040804
      5   L      25             0.0630371    0.516414726018    0.200380274601

 CU

      1   S       1          9144.3790426    0.022140553120
      1   S       2          1675.6833604    0.113541152000
      1   S       3           468.0303359    0.331816148399
      1   S       4           159.8032419    0.482570071298
      1   S       5            60.2198595    0.193572196599

      2   L       6           730.0692723   -0.029408550881    0.012556091280
      2   L       7           149.6733560   -0.065327468832    0.107557696203
      2   L       8            47.7010398    0.128997318104    0.373597536712
      2   L       9            18.5434897    0.612289993817    0.510239563716
      2   L      10             7.8996627    0.346120565510    0.156828180105

      3   L      11            42.3866983   -0.026622033911   -0.015668834480
      3   L      12            11.5427152   -0.160348407203    0.007214920506
      3   L      13             4.4271917   -0.047794733071    0.317085476208
      3   L      14             2.0007525    0.727515844115    0.581882138214
      3   L      15             0.9708536    0.412384640808    0.170179982404

      4   D      16            29.5254431    0.020208691280
      4   D      17             9.4427349    0.132115792297
      4   D      18             3.8939669    0.391124034591
      4   D      19             1.8079595    0.477960970088
      4   D      20             0.8765464    0.146366229396

      5   L      21             1.6749610   -0.001628249797   -0.023995195950
      5   L      22             0.5725367   -0.213893133607   -0.081183215511
      5   L      23             0.2463450   -0.303958345611    0.223862894401
      5   L      24             0.1244827    0.849117545030    0.672690040804
      5   L      25             0.0657098    0.516414726018    0.200380274601

 ZN

      1   S       1          9792.0936814    0.022140553120
      1   S       2          1794.3753610    0.113541152000
      1   S       3           501.1818597    0.331816148399
      1   S       4           171.1224248    0.482570071298
      1   S       5            64.4853525    0.193572196599

      2   L       6           789.4411379   -0.029408550881    0.012556091280
      2   L       7           161.8453330   -0.065327468832    0.107557696203
      2   L       8            51.5802603    0.128997318104    0.373597536712
      2   L       9            20.0515131    0.612289993817    0.510239563716
      2   L      10             8.5420918    0.346120565510    0.156828180105

      3   L      11            46.0368520   -0.026622033911   -0.015668834480
      3   L      12            12.5367225   -0.160348407203    0.007214920506
      3   L      13             4.8084417   -0.047794733071    0.317085476208
      3   L      14             2.1730484    0.727515844115    0.581882138214
      3   L      15             1.0544592    0.412384640808    0.170179982404

      4   D      16            32.7077036    0.020208691280
      4   D      17            10.4604755    0.132115792297
      4   D      18             4.3136597    0.391124034591
      4   D      19             2.0028219    0.477960970088
      4   D      20             0.9710208    0.146366229396

      5   L      21             1.7679970   -0.001628249797   -0.023995195950
      5   L      22             0.6043383   -0.213893133607   -0.081183215511
      5   L      23             0.2600282   -0.303958345611    0.223862894401
      5   L      24             0.1313971    0.849117545030    0.672690040804
      5   L      25             0.0693597    0.516414726018    0.200380274601

 GA

      1   S       1         10461.9696298    0.022140553120
      1   S       2          1917.1283631    0.113541152000
      1   S       3           535.4676503    0.331816148399
      1   S       4           182.8288893    0.482570071298
      1   S       5            68.8967877    0.193572196599

      2   L       6           849.8247950   -0.029408550881    0.012556091280
      2   L       7           174.2247400   -0.065327468832    0.107557696203
      2   L       8            55.5255890    0.128997318104    0.373597536712
      2   L       9            21.5852357    0.612289993817    0.510239563716
      2   L      10             9.1954689    0.346120565510    0.156828180105

      3   L      11            47.2870686   -0.026622033911   -0.015668834480
      3   L      12            12.8771805   -0.160348407203    0.007214920506
      3   L      13             4.9390239   -0.047794733071    0.317085476208
      3   L      14             2.2320615    0.727515844115    0.581882138214
      3   L      15             1.0830950    0.412384640808    0.170179982404

      4   D      16            42.5813759    0.020208691280
      4   D      17            13.6182426    0.132115792297
      4   D      18             5.6158503    0.391124034591
      4   D      19             2.6074259    0.477960970088
      4   D      20             1.2641488    0.146366229396

      5   L      21             2.5459156   -0.001628249797   -0.023995195950
      5   L      22             0.8702471   -0.213893133607   -0.081183215511
      5   L      23             0.3744406   -0.303958345611    0.223862894401
      5   L      24             0.1892118    0.849117545030    0.672690040804
      5   L      25             0.0998779    0.516414726018    0.200380274601

 GE

      1   S       1         11146.9058171    0.022140553120
      1   S       2          2042.6411144    0.113541152000
      1   S       3           570.5242586    0.331816148399
      1   S       4           194.7985400    0.482570071298
      1   S       5            73.4074013    0.193572196599

      2   L       6           913.7897610   -0.029408550881    0.012556091280
      2   L       7           187.3383601   -0.065327468832    0.107557696203
      2   L       8            59.7049121    0.128997318104    0.373597536712
      2   L       9            23.2099222    0.612289993817    0.510239563716
      2   L      10             9.8875973    0.346120565510    0.156828180105

      3   L      11            53.2156415   -0.026622033911   -0.015668834480
      3   L      12            14.4916452   -0.160348407203    0.007214920506
      3   L      13             5.5582495   -0.047794733071    0.317085476208
      3   L      14             2.5119042    0.727515844115    0.581882138214
      3   L      15             1.2188870    0.412384640808    0.170179982404

      4   D      16            47.9199769    0.020208691280
      4   D      17            15.3256172    0.132115792297
      4   D      18             6.3199324    0.391124034591
      4   D      19             2.9343295    0.477960970088
      4   D      20             1.4226403    0.146366229396

      5   L      21             3.1431057   -0.001628249797   -0.023995195950
      5   L      22             1.0743792   -0.213893133607   -0.081183215511
      5   L      23             0.4622724   -0.303958345611    0.223862894401
      5   L      24             0.2335948    0.849117545030    0.672690040804
      5   L      25             0.1233061    0.516414726018    0.200380274601

 AS

      1   S       1         11860.8805329    0.022140553120
      1   S       2          2173.4750995    0.113541152000
      1   S       3           607.0671255    0.331816148399
      1   S       4           207.2756556    0.482570071298
      1   S       5            78.1092468    0.193572196599

      2   L       6           978.6708289   -0.029408550881    0.012556091280
      2   L       7           200.6397927   -0.065327468832    0.107557696203
      2   L       8            63.9440912    0.128997318104    0.373597536712
      2   L       9            24.8578773    0.612289993817    0.510239563716
      2   L      10            10.5896382    0.346120565510    0.156828180105

      3   L      11            59.4942408   -0.026622033911   -0.015668834480
      3   L      12            16.2014289   -0.160348407203    0.007214920506
      3   L      13             6.2140346   -0.047794733071    0.317085476208
      3   L      14             2.8082690    0.727515844115    0.581882138214
      3   L      15             1.3626963    0.412384640808    0.170179982404

      4   D      16            53.5737721    0.020208691280
      4   D      17            17.1337963    0.132115792297
      4   D      18             7.0655839    0.391124034591
      4   D      19             3.2805337    0.477960970088
      4   D      20             1.5904892    0.146366229396

      5   L      21             3.5315936   -0.001628249797   -0.023995195950
      5   L      22             1.2071725   -0.213893133607   -0.081183215511
      5   L      23             0.5194093   -0.303958345611    0.223862894401
      5   L      24             0.2624671    0.849117545030    0.672690040804
      5   L      25             0.1385467    0.516414726018    0.200380274601

 SE
 
      1   S       1         12589.4700457    0.022140553120
      1   S       2          2306.9872075    0.113541152000
      1   S       3           644.3580113    0.331816148399
      1   S       4           220.0081731    0.482570071298
      1   S       5            82.9073373    0.193572196599

      2   L       6          1044.3259753   -0.029408550881    0.012556091280
      2   L       7           214.0999210   -0.065327468832    0.107557696203
      2   L       8            68.2338468    0.128997318104    0.373597536712
      2   L       9            26.5254938    0.612289993817    0.510239563716
      2   L      10            11.3000551    0.346120565510    0.156828180105

      3   L      11            66.1228666   -0.026622033911   -0.015668834480
      3   L      12            18.0065315   -0.160348407203    0.007214920506
      3   L      13             6.9063790   -0.047794733071    0.317085476208
      3   L      14             3.1211558    0.727515844115    0.581882138214
      3   L      15             1.5145228    0.412384640808    0.170179982404

      4   D      16            59.5427614    0.020208691280
      4   D      17            19.0427798    0.132115792297
      4   D      18             7.8528048    0.391124034591
      4   D      19             3.6460385    0.477960970088
      4   D      20             1.7676955    0.146366229396

      5   L      21             3.8726205   -0.001628249797   -0.023995195950
      5   L      22             1.3237426   -0.213893133607   -0.081183215511
      5   L      23             0.5695658   -0.303958345611    0.223862894401
      5   L      24             0.2878122    0.849117545030    0.672690040804
      5   L      25             0.1519254    0.516414726018    0.200380274601

 BR  

      1   S       1         13347.5435291    0.022140553120
      1   S       2          2445.9021755    0.113541152000
      1   S       3           683.1579544    0.331816148399
      1   S       4           233.2559398    0.482570071298
      1   S       5            87.8995930    0.193572196599

      2   L       6          1113.6097716   -0.029408550881    0.012556091280
      2   L       7           228.3039681   -0.065327468832    0.107557696203
      2   L       8            72.7606900    0.128997318104    0.373597536712
      2   L       9            28.2852766    0.612289993817    0.510239563716
      2   L      10            12.0497355    0.346120565510    0.156828180105

      3   L      11            73.1015188   -0.026622033911   -0.015668834480
      3   L      12            19.9069530   -0.160348407203    0.007214920506
      3   L      13             7.6352830   -0.047794733071    0.317085476208
      3   L      14             3.4505647    0.727515844115    0.581882138214
      3   L      15             1.6743666    0.412384640808    0.170179982404

      4   D      16            65.8269448    0.020208691280
      4   D      17            21.0525677    0.132115792297
      4   D      18             8.6815951    0.391124034591
      4   D      19             4.0308439    0.477960970088
      4   D      20             1.9542593    0.146366229396

      5   L      21             4.4509520   -0.001628249797   -0.023995195950
      5   L      22             1.5214284   -0.213893133607   -0.081183215511
      5   L      23             0.6546239   -0.303958345611    0.223862894401
      5   L      24             0.3307936    0.849117545030    0.672690040804
      5   L      25             0.1746137    0.516414726018    0.200380274601

 KR

      1   S       1         14119.7863673    0.022140553120
      1   S       2          2587.4136405    0.113541152000
      1   S       3           722.6831177    0.331816148399
      1   S       4           246.7513241    0.482570071298
      1   S       5            92.9851603    0.193572196599

      2   L       6          1185.1186027   -0.029408550881    0.012556091280
      2   L       7           242.9641752   -0.065327468832    0.107557696203
      2   L       8            77.4329119    0.128997318104    0.373597536712
      2   L       9            30.1015745    0.612289993817    0.510239563716
      2   L      10            12.8234917    0.346120565510    0.156828180105

      3   L      11            80.4301975   -0.026622033911   -0.015668834480
      3   L      12            21.9026936   -0.160348407203    0.007214920506
      3   L      13             8.4007463   -0.047794733071    0.317085476208
      3   L      14             3.7964957    0.727515844115    0.581882138214
      3   L      15             1.8422276    0.412384640808    0.170179982404

      4   D      16            72.4263224    0.020208691280
      4   D      17            23.1631601    0.132115792297
      4   D      18             9.5519549    0.391124034591
      4   D      19             4.4349498    0.477960970088
      4   D      20             2.1501805    0.146366229396

      5   L      21             5.0695152   -0.001628249797   -0.023995195950
      5   L      22             1.7328662   -0.213893133607   -0.081183215511
      5   L      23             0.7455991   -0.303958345611    0.223862894401
      5   L      24             0.3767651    0.849117545030    0.672690040804
      5   L      25             0.1988804    0.516414726018    0.200380274601

 RB

      1   S       1         14913.7450729    0.022140553120
      1   S       2          2732.9044809    0.113541152000
      1   S       3           763.3197490    0.331816148399
      1   S       4           260.6262055    0.482570071298
      1   S       5            98.2137364    0.193572196599

      2   L       6          1258.8524687   -0.029408550881    0.012556091280
      2   L       7           258.0805423   -0.065327468832    0.107557696203
      2   L       8            82.2505123    0.128997318104    0.373597536712
      2   L       9            31.9743874    0.612289993817    0.510239563716
      2   L      10            13.6213238    0.346120565510    0.156828180105

      3   L      11            88.1089026   -0.026622033911   -0.015668834480
      3   L      12            23.9937530   -0.160348407203    0.007214920506
      3   L      13             9.2027692   -0.047794733071    0.317085476208
      3   L      14             4.1589487    0.727515844115    0.581882138214
      3   L      15             2.0181058    0.412384640808    0.170179982404

      4   D      16            79.3408942    0.020208691280
      4   D      17            25.3745568    0.132115792297
      4   D      18            10.4638841    0.391124034591
      4   D      19             4.8583564    0.477960970088
      4   D      20             2.3554592    0.146366229396

      5   L      21             7.1665953   -0.001628249797   -0.023995195950
      5   L      22             2.4496920   -0.213893133607   -0.081183215511
      5   L      23             1.0540273   -0.303958345611    0.223862894401
      5   L      24             0.5326195    0.849117545030    0.672690040804
      5   L      25             0.2811502    0.516414726018    0.200380274601

      6   L      26             1.7409658    0.030376591352   -0.012576705209
      6   L      27             0.6546807   -0.182505948040   -0.156394064777
      6   L      28             0.3100597   -0.659148812339    0.065007526926
      6   L      29             0.1666885    0.918692738446    0.785982325549
      6   L      30             0.0932301    0.695273802054    0.258228106956

 SR

      1   S       1         15737.8547818    0.022140553120
      1   S       2          2883.9204132    0.113541152000
      1   S       3           805.4995780    0.331816148399
      1   S       4           275.0279929    0.482570071298
      1   S       5           103.6408704    0.193572196599

      2   L       6          1334.8113694   -0.029408550881    0.012556091280
      2   L       7           273.6530695   -0.065327468832    0.107557696203
      2   L       8            87.2134914    0.128997318104    0.373597536712
      2   L       9            33.9037154    0.612289993817    0.510239563716
      2   L      10            14.4432317    0.346120565510    0.156828180105

      3   L      11            95.8814380   -0.026622033911   -0.015668834480
      3   L      12            26.1103643   -0.160348407203    0.007214920506
      3   L      13            10.0145923   -0.047794733071    0.317085476208
      3   L      14             4.5258308    0.727515844115    0.581882138214
      3   L      15             2.1961332    0.412384640808    0.170179982404

      4   D      16            86.3399589    0.020208691280
      4   D      17            27.6129758    0.132115792297
      4   D      18            11.3869567    0.391124034591
      4   D      19             5.2869368    0.477960970088
      4   D      20             2.5632463    0.146366229396

      5   L      21             7.8464490   -0.001628249797   -0.023995195950
      5   L      22             2.6820802   -0.213893133607   -0.081183215511
      5   L      23             1.1540168   -0.303958345611    0.223862894401
      5   L      24             0.5831461    0.849117545030    0.672690040804
      5   L      25             0.3078213    0.516414726018    0.200380274601

      6   L      26             1.5625289    0.030376591352   -0.012576705209
      6   L      27             0.5875805   -0.182505948040   -0.156394064777
      6   L      28             0.2782807   -0.659148812339    0.065007526926
      6   L      29             0.1496041    0.918692738446    0.785982325549
      6   L      30             0.0836746    0.695273802054    0.258228106956

 Y

      1   S       1         16575.4668129    0.022140553120
      1   S       2          3037.4106104    0.113541152000
      1   S       3           848.3704868    0.331816148399
      1   S       4           289.6657411    0.482570071298
      1   S       5           109.1569234    0.193572196599

      2   L       6          1407.9383619   -0.029408550881    0.012556091280
      2   L       7           288.6450200   -0.065327468832    0.107557696203
      2   L       8            91.9914402    0.128997318104    0.373597536712
      2   L       9            35.7611140    0.612289993817    0.510239563716
      2   L      10            15.2344971    0.346120565510    0.156828180105

      3   L      11           108.5644275   -0.026622033911   -0.015668834480
      3   L      12            29.5641868   -0.160348407203    0.007214920506
      3   L      13            11.3393010   -0.047794733071    0.317085476208
      3   L      14             5.1244979    0.727515844115    0.581882138214
      3   L      15             2.4866330    0.412384640808    0.170179982404

      4   D      16            16.6586575    0.020208691280
      4   D      17             5.3277198    0.132115792297
      4   D      18             2.1970292    0.391124034591
      4   D      19             1.0200754    0.477960970088
      4   D      20             0.4945594    0.146366229396

      5   L      21             8.5053226   -0.001628249797   -0.023995195950
      5   L      22             2.9072970   -0.213893133607   -0.081183215511
      5   L      23             1.2509206   -0.303958345611    0.223862894401
      5   L      24             0.6321134    0.849117545030    0.672690040804
      5   L      25             0.3336693    0.516414726018    0.200380274601

      6   D      26            18.2222367   -0.003673711876
      6   D      27             2.6014787    0.116712249903
      6   D      28             1.2987708    0.421647641611
      6   D      29             0.6987581    0.454767341512
      6   D      30             0.3838912    0.103780331803

      7   L      31             0.7415261    0.030376591352   -0.012576705209
      7   L      32             0.2788468   -0.182505948040   -0.156394064777
      7   L      33             0.1320631   -0.659148812339    0.065007526926
      7   L      34             0.0709973    0.918692738446    0.785982325549
      7   L      35             0.0397093    0.695273802054    0.258228106956

 ZR

      1   S       1         17434.7947115    0.022140553120
      1   S       2          3194.8801832    0.113541152000
      1   S       3           892.3528636    0.331816148399
      1   S       4           304.6829865    0.482570071298
      1   S       5           114.8159851    0.193572196599

      2   L       6          1488.2053087   -0.029408550881    0.012556091280
      2   L       7           305.1007507   -0.065327468832    0.107557696203
      2   L       8            97.2358971    0.128997318104    0.373597536712
      2   L       9            37.7998648    0.612289993817    0.510239563716
      2   L      10            16.1030199    0.346120565510    0.156828180105

      3   L      11           115.2012570   -0.026622033911   -0.015668834480
      3   L      12            31.3715235   -0.160348407203    0.007214920506
      3   L      13            12.0325023   -0.047794733071    0.317085476208
      3   L      14             5.4377720    0.727515844115    0.581882138214
      3   L      15             2.6386474    0.412384640808    0.170179982404

      4   D      16            18.6383168    0.020208691280
      4   D      17             5.9608482    0.132115792297
      4   D      18             2.4581168    0.391124034591
      4   D      19             1.1412978    0.477960970088
      4   D      20             0.5533312    0.146366229396

      5   L      21             9.5160668   -0.001628249797   -0.023995195950
      5   L      22             3.2527904   -0.213893133607   -0.081183215511
      5   L      23             1.3995759   -0.303958345611    0.223862894401
      5   L      24             0.7072317    0.849117545030    0.672690040804
      5   L      25             0.3733215    0.516414726018    0.200380274601

      6   D      26            13.6990987   -0.003673711876
      6   D      27             1.9557376    0.116712249903
      6   D      28             0.9763889    0.421647641611
      6   D      29             0.5253118    0.454767341512
      6   D      30             0.2886014    0.103780331803

      7   L      31             0.8025322    0.030376591352   -0.012576705209
      7   L      32             0.3017879   -0.182505948040   -0.156394064777
      7   L      33             0.1429281   -0.659148812339    0.065007526926
      7   L      34             0.0768383    0.918692738446    0.785982325549
      7   L      35             0.0429762    0.695273802054    0.258228106956

 NB

      1   S       1         18324.9406458    0.022140553120
      1   S       2          3357.9970797    0.113541152000
      1   S       3           937.9125784    0.331816148399
      1   S       4           320.2387947    0.482570071298
      1   S       5           120.6779975    0.193572196599

      2   L       6          1570.6972904   -0.029408550881    0.012556091280
      2   L       7           322.0126414   -0.065327468832    0.107557696203
      2   L       8           102.6257326    0.128997318104    0.373597536712
      2   L       9            39.8951307    0.612289993817    0.510239563716
      2   L      10            16.9956186    0.346120565510    0.156828180105

      3   L      11           123.7741703   -0.026622033911   -0.015668834480
      3   L      12            33.7060931   -0.160348407203    0.007214920506
      3   L      13            12.9279231   -0.047794733071    0.317085476208
      3   L      14             5.8424338    0.727515844115    0.581882138214
      3   L      15             2.8350072    0.412384640808    0.170179982404

      4   D      16            20.7290945    0.020208691280
      4   D      17             6.6295142    0.132115792297
      4   D      18             2.7338593    0.391124034591
      4   D      19             1.2693243    0.477960970088
      4   D      20             0.6154019    0.146366229396

      5   L      21            10.5835441   -0.001628249797   -0.023995195950
      5   L      22             3.6176765   -0.213893133607   -0.081183215511
      5   L      23             1.5565751   -0.303958345611    0.223862894401
      5   L      24             0.7865663    0.849117545030    0.672690040804
      5   L      25             0.4151993    0.516414726018    0.200380274601

      6   D      26            12.9782217   -0.003673711876
      6   D      27             1.8528224    0.116712249903
      6   D      28             0.9250092    0.421647641611
      6   D      29             0.4976687    0.454767341512
      6   D      30             0.2734146    0.103780331803

      7   L      31             0.8789225    0.030376591352   -0.012576705209
      7   L      32             0.3305140   -0.182505948040   -0.156394064777
      7   L      33             0.1565329   -0.659148812339    0.065007526926
      7   L      34             0.0841523    0.918692738446    0.785982325549
      7   L      35             0.0470670    0.695273802054    0.258228106956

 MO

      1   S       1         19227.9218698    0.022140553120
      1   S       2          3523.4660093    0.113541152000
      1   S       3           984.1292327    0.331816148399
      1   S       4           336.0189069    0.482570071298
      1   S       5           126.6245360    0.193572196599

      2   L       6          1653.5886501   -0.029408550881    0.012556091280
      2   L       7           339.0064096   -0.065327468832    0.107557696203
      2   L       8           108.0416626    0.128997318104    0.373597536712
      2   L       9            42.0005406    0.612289993817    0.510239563716
      2   L      10            17.8925386    0.346120565510    0.156828180105

      3   L      11           132.9560407   -0.026622033911   -0.015668834480
      3   L      12            36.2064934   -0.160348407203    0.007214920506
      3   L      13            13.8869480   -0.047794733071    0.317085476208
      3   L      14             6.2758398    0.727515844115    0.581882138214
      3   L      15             3.0453150    0.412384640808    0.170179982404

      4   D      16            23.0499577    0.020208691280
      4   D      17             7.3717654    0.132115792297
      4   D      18             3.0399467    0.391124034591
      4   D      19             1.4114400    0.477960970088
      4   D      20             0.6843033    0.146366229396

      5   L      21            11.7684949   -0.001628249797   -0.023995195950
      5   L      22             4.0227174   -0.213893133607   -0.081183215511
      5   L      23             1.7308518   -0.303958345611    0.223862894401
      5   L      24             0.8746315    0.849117545030    0.672690040804
      5   L      25             0.4616857    0.516414726018    0.200380274601

      6   D      26            13.6079236   -0.003673711876
      6   D      27             1.9427211    0.116712249903
      6   D      28             0.9698905    0.421647641611
      6   D      29             0.5218155    0.454767341512
      6   D      30             0.2866806    0.103780331803

      7   L      31             0.9452335    0.030376591352   -0.012576705209
      7   L      32             0.3554499   -0.182505948040   -0.156394064777
      7   L      33             0.1683426   -0.659148812339    0.065007526926
      7   L      34             0.0905012    0.918692738446    0.785982325549
      7   L      35             0.0506180    0.695273802054    0.258228106956

 TC

      1   S       1         20152.6189613    0.022140553120
      1   S       2          3692.9143144    0.113541152000
      1   S       3          1031.4573551    0.331816148399
      1   S       4           352.1785162    0.482570071298
      1   S       5           132.7140833    0.193572196599

      2   L       6          1740.4833602   -0.029408550881    0.012556091280
      2   L       7           356.8209149   -0.065327468832    0.107557696203
      2   L       8           113.7191622    0.128997318104    0.373597536712
      2   L       9            44.2076341    0.612289993817    0.510239563716
      2   L      10            18.8327767    0.346120565510    0.156828180105

      3   L      11           142.7786578   -0.026622033911   -0.015668834480
      3   L      12            38.8813814   -0.160348407203    0.007214920506
      3   L      13            14.9128975   -0.047794733071    0.317085476208
      3   L      14             6.7394906    0.727515844115    0.581882138214
      3   L      15             3.2702988    0.412384640808    0.170179982404

      4   D      16            25.2440045    0.020208691280
      4   D      17             8.0734586    0.132115792297
      4   D      18             3.3293088    0.391124034591
      4   D      19             1.5457901    0.477960970088
      4   D      20             0.7494398    0.146366229396

      5   L      21            12.8886978   -0.001628249797   -0.023995195950
      5   L      22             4.4056262   -0.213893133607   -0.081183215511
      5   L      23             1.8956057   -0.303958345611    0.223862894401
      5   L      24             0.9578847    0.849117545030    0.672690040804
      5   L      25             0.5056320    0.516414726018    0.200380274601

      6   D      26            14.8169452   -0.003673711876
      6   D      27             2.1153258    0.116712249903
      6   D      28             1.0560623    0.421647641611
      6   D      29             0.5681772    0.454767341512
      6   D      30             0.3121513    0.103780331803

      7   L      31             1.0139559    0.030376591352   -0.012576705209
      7   L      32             0.3812926   -0.182505948040   -0.156394064777
      7   L      33             0.1805818   -0.659148812339    0.065007526926
      7   L      34             0.0970810    0.918692738446    0.785982325549
      7   L      35             0.0542981    0.695273802054    0.258228106956

 RU

      1   S       1         21108.8011211    0.022140553120
      1   S       2          3868.1321752    0.113541152000
      1   S       3          1080.3969556    0.331816148399
      1   S       4           368.8883451    0.482570071298
      1   S       5           139.0109740    0.193572196599

      2   L       6          1827.6837733   -0.029408550881    0.012556091280
      2   L       7           374.6980931   -0.065327468832    0.107557696203
      2   L       8           119.4166358    0.128997318104    0.373597536712
      2   L       9            46.4224923    0.612289993817    0.510239563716
      2   L      10            19.7763226    0.346120565510    0.156828180105

      3   L      11           152.6281080   -0.026622033911   -0.015668834480
      3   L      12            41.5635766   -0.160348407203    0.007214920506
      3   L      13            15.9416495   -0.047794733071    0.317085476208
      3   L      14             7.2044079    0.727515844115    0.581882138214
      3   L      15             3.4958973    0.412384640808    0.170179982404

      4   D      16            27.6681369    0.020208691280
      4   D      17             8.8487371    0.132115792297
      4   D      18             3.6490158    0.391124034591
      4   D      19             1.6942293    0.477960970088
      4   D      20             0.8214070    0.146366229396

      5   L      21            14.1263742   -0.001628249797   -0.023995195950
      5   L      22             4.8286898   -0.213893133607   -0.081183215511
      5   L      23             2.0776370   -0.303958345611    0.223862894401
      5   L      24             1.0498685    0.849117545030    0.672690040804
      5   L      25             0.5541868    0.516414726018    0.200380274601

      6   D      26            16.1765046   -0.003673711876
      6   D      27             2.3094219    0.116712249903
      6   D      28             1.1529634    0.421647641611
      6   D      29             0.6203115    0.454767341512
      6   D      30             0.3407934    0.103780331803

      7   L      31             1.0706699    0.030376591352   -0.012576705209
      7   L      32             0.4026196   -0.182505948040   -0.156394064777
      7   L      33             0.1906824   -0.659148812339    0.065007526926
      7   L      34             0.1025111    0.918692738446    0.785982325549
      7   L      35             0.0573352    0.695273802054    0.258228106956

 RH  

      1   S       1         22077.1515380    0.022140553120
      1   S       2          4045.5798371    0.113541152000
      1   S       3          1129.9593555    0.331816148399
      1   S       4           385.8108212    0.482570071298
      1   S       5           145.3879982    0.193572196599

      2   L       6          1917.0155462   -0.029408550881    0.012556091280
      2   L       7           393.0122267   -0.065327468832    0.107557696203
      2   L       8           125.2533674    0.128997318104    0.373597536712
      2   L       9            48.6914864    0.612289993817    0.510239563716
      2   L      10            20.7429307    0.346120565510    0.156828180105

      3   L      11           163.1398396   -0.026622033911   -0.015668834480
      3   L      12            44.4261238   -0.160348407203    0.007214920506
      3   L      13            17.0395754   -0.047794733071    0.317085476208
      3   L      14             7.7005865    0.727515844115    0.581882138214
      3   L      15             3.7366651    0.412384640808    0.170179982404

      4   D      16            29.9312863    0.020208691280
      4   D      17             9.5725304    0.132115792297
      4   D      18             3.9474916    0.391124034591
      4   D      19             1.8328109    0.477960970088
      4   D      20             0.8885950    0.146366229396

      5   L      21            15.2818584   -0.001628249797   -0.023995195950
      5   L      22             5.2236585   -0.213893133607   -0.081183215511
      5   L      23             2.2475799   -0.303958345611    0.223862894401
      5   L      24             1.1357438    0.849117545030    0.672690040804
      5   L      25             0.5995172    0.516414726018    0.200380274601

      6   D      26            17.8033487   -0.003673711876
      6   D      27             2.5416766    0.116712249903
      6   D      28             1.2689150    0.421647641611
      6   D      29             0.6826952    0.454767341512
      6   D      30             0.3750664    0.103780331803

      7   L      31             1.1289271    0.030376591352   -0.012576705209
      7   L      32             0.4245269   -0.182505948040   -0.156394064777
      7   L      33             0.2010578   -0.659148812339    0.065007526926
      7   L      34             0.1080890    0.918692738446    0.785982325549
      7   L      35             0.0604549    0.695273802054    0.258228106956

 PD

      1   S       1         23067.2178224    0.022140553120
      1   S       2          4227.0068745    0.113541152000
      1   S       3          1180.6332234    0.331816148399
      1   S       4           403.1127945    0.482570071298
      1   S       5           151.9080311    0.193572196599

      2   L       6          2008.4786788   -0.029408550881    0.012556091280
      2   L       7           411.7633159   -0.065327468832    0.107557696203
      2   L       8           131.2293572    0.128997318104    0.373597536712
      2   L       9            51.0146161    0.612289993817    0.510239563716
      2   L      10            21.7326010    0.346120565510    0.156828180105

      3   L      11           174.0015977   -0.026622033911   -0.015668834480
      3   L      12            47.3839900   -0.160348407203    0.007214920506
      3   L      13            18.1740606   -0.047794733071    0.317085476208
      3   L      14             8.2132872    0.727515844115    0.581882138214
      3   L      15             3.9854501    0.412384640808    0.170179982404

      4   D      16            32.4245213    0.020208691280
      4   D      17            10.3699091    0.132115792297
      4   D      18             4.2763122    0.391124034591
      4   D      19             1.9854815    0.477960970088
      4   D      20             0.9626138    0.146366229396

      5   L      21            16.5548162   -0.001628249797   -0.023995195950
      5   L      22             5.6587821   -0.213893133607   -0.081183215511
      5   L      23             2.4348002   -0.303958345611    0.223862894401
      5   L      24             1.2303497    0.849117545030    0.672690040804
      5   L      25             0.6494562    0.516414726018    0.200380274601

      6   D      26            19.5081254   -0.003673711876
      6   D      27             2.7850573    0.116712249903
      6   D      28             1.3904212    0.421647641611
      6   D      29             0.7480673    0.454767341512
      6   D      30             0.4109812    0.103780331803

      7   L      31             1.1887276    0.030376591352   -0.012576705209
      7   L      32             0.4470145   -0.182505948040   -0.156394064777
      7   L      33             0.2117080   -0.659148812339    0.065007526926
      7   L      34             0.1138145    0.918692738446    0.785982325549
      7   L      35             0.0636573    0.695273802054    0.258228106956

 AG  

      1   S       1         24078.9999742    0.022140553120
      1   S       2          4412.4132874    0.113541152000
      1   S       3          1232.4185593    0.331816148399
      1   S       4           420.7942649    0.482570071298
      1   S       5           158.5710728    0.193572196599

      2   L       6          2102.0731711   -0.029408550881    0.012556091280
      2   L       7           430.9513605   -0.065327468832    0.107557696203
      2   L       8           137.3446052    0.128997318104    0.373597536712
      2   L       9            53.3918816    0.612289993817    0.510239563716
      2   L      10            22.7453336    0.346120565510    0.156828180105

      3   L      11           185.2133822   -0.026622033911   -0.015668834480
      3   L      12            50.4371751   -0.160348407203    0.007214920506
      3   L      13            19.3451054   -0.047794733071    0.317085476208
      3   L      14             8.7425100    0.727515844115    0.581882138214
      3   L      15             4.2422524    0.412384640808    0.170179982404

      4   D      16            34.8708158    0.020208691280
      4   D      17            11.1522753    0.132115792297
      4   D      18             4.5989421    0.391124034591
      4   D      19             2.1352778    0.477960970088
      4   D      20             1.0352389    0.146366229396

      5   L      21            17.8038079   -0.001628249797   -0.023995195950
      5   L      22             6.0857135   -0.213893133607   -0.081183215511
      5   L      23             2.6184957   -0.303958345611    0.223862894401
      5   L      24             1.3231745    0.849117545030    0.672690040804
      5   L      25             0.6984549    0.516414726018    0.200380274601

      6   D      26            21.2908348   -0.003673711876
      6   D      27             3.0395640    0.116712249903
      6   D      28             1.5174820    0.421647641611
      6   D      29             0.8164279    0.454767341512
      6   D      30             0.4485379    0.103780331803

      7   L      31             1.2345907    0.030376591352   -0.012576705209
      7   L      32             0.4642611   -0.182505948040   -0.156394064777
      7   L      33             0.2198761   -0.659148812339    0.065007526926
      7   L      34             0.1182057    0.918692738446    0.785982325549
      7   L      35             0.0661133    0.695273802054    0.258228106956

 CD

      1   S       1         25123.1558175    0.022140553120
      1   S       2          4603.7520939    0.113541152000
      1   S       3          1285.8608552    0.331816148399
      1   S       4           439.0414841    0.482570071298
      1   S       5           165.4473099    0.193572196599

      2   L       6          2195.6953630   -0.029408550881    0.012556091280
      2   L       7           450.1450839   -0.065327468832    0.107557696203
      2   L       8           143.4616629    0.128997318104    0.373597536712
      2   L       9            55.7698507    0.612289993817    0.510239563716
      2   L      10            23.7583658    0.346120565510    0.156828180105

      3   L      11           197.1421399   -0.026622033911   -0.015668834480
      3   L      12            53.6856058   -0.160348407203    0.007214920506
      3   L      13            20.5910362   -0.047794733071    0.317085476208
      3   L      14             9.3055756    0.727515844115    0.581882138214
      3   L      15             4.5154768    0.412384640808    0.170179982404

      4   D      16            37.4060664    0.020208691280
      4   D      17            11.9630912    0.132115792297
      4   D      18             4.9333039    0.391124034591
      4   D      19             2.2905212    0.477960970088
      4   D      20             1.1105050    0.146366229396

      5   L      21            19.0982174   -0.001628249797   -0.023995195950
      5   L      22             6.5281697   -0.213893133607   -0.081183215511
      5   L      23             2.8088711   -0.303958345611    0.223862894401
      5   L      24             1.4193746    0.849117545030    0.672690040804
      5   L      25             0.7492355    0.516414726018    0.200380274601

      6   D      26            23.8693096   -0.003673711876
      6   D      27             3.4076773    0.116712249903
      6   D      28             1.7012601    0.421647641611
      6   D      29             0.9153033    0.454767341512
      6   D      30             0.5028591    0.103780331803

      7   L      31             1.2813219    0.030376591352   -0.012576705209
      7   L      32             0.4818341   -0.182505948040   -0.156394064777
      7   L      33             0.2281987   -0.659148812339    0.065007526926
      7   L      34             0.1226800    0.918692738446    0.785982325549
      7   L      35             0.0686158    0.695273802054    0.258228106956

 IN

      1   S       1         26178.5912948    0.022140553120
      1   S       2          4797.1578636    0.113541152000
      1   S       3          1339.8804686    0.331816148399
      1   S       4           457.4858214    0.482570071298
      1   S       5           172.3978285    0.193572196599

      2   L       6          2291.3572541   -0.029408550881    0.012556091280
      2   L       7           469.7569712   -0.065327468832    0.107557696203
      2   L       8           149.7119899    0.128997318104    0.373597536712
      2   L       9            58.1996274    0.612289993817    0.510239563716
      2   L      10            24.7934685    0.346120565510    0.156828180105

      3   L      11           209.8217111   -0.026622033911   -0.015668834480
      3   L      12            57.1384975   -0.160348407203    0.007214920506
      3   L      13            21.9153879   -0.047794733071    0.317085476208
      3   L      14             9.9040813    0.727515844115    0.581882138214
      3   L      15             4.8058982    0.412384640808    0.170179982404

      4   D      16           188.9416585    0.020208691280
      4   D      17            60.4267306    0.132115792297
      4   D      18            24.9185951    0.391124034591
      4   D      19            11.5696442    0.477960970088
      4   D      20             5.6092684    0.146366229396

      5   L      21            16.9904507   -0.001628249797   -0.023995195950
      5   L      22             5.8076910   -0.213893133607   -0.081183215511
      5   L      23             2.4988712   -0.303958345611    0.223862894401
      5   L      24             1.2627260    0.849117545030    0.672690040804
      5   L      25             0.6665464    0.516414726018    0.200380274601

      6   D      26            32.9120847   -0.003673711876
      6   D      27             4.6986597    0.116712249903
      6   D      28             2.3457744    0.421647641611
      6   D      29             1.2620616    0.454767341512
      6   D      30             0.6933649    0.103780331803

      7   L      31             2.0267061    0.030376591352   -0.012576705209
      7   L      32             0.7621318   -0.182505948040   -0.156394064777
      7   L      33             0.3609489   -0.659148812339    0.065007526926
      7   L      34             0.1940467    0.918692738446    0.785982325549
      7   L      35             0.1085317    0.695273802054    0.258228106956

 SN

      1   S       1         27255.7426395    0.022140553120
      1   S       2          4994.5430088    0.113541152000
      1   S       3          1395.0115500    0.331816148399
      1   S       4           476.3096558    0.482570071298
      1   S       5           179.4913558    0.193572196599

      2   L       6          2391.2531578   -0.029408550881    0.012556091280
      2   L       7           490.2368841   -0.065327468832    0.107557696203
      2   L       8           156.2389575    0.128997318104    0.373597536712
      2   L       9            60.7369464    0.612289993817    0.510239563716
      2   L      10            25.8743851    0.346120565510    0.156828180105

      3   L      11           221.7268830   -0.026622033911   -0.015668834480
      3   L      12            60.3805054   -0.160348407203    0.007214920506
      3   L      13            23.1588553   -0.047794733071    0.317085476208
      3   L      14            10.4660336    0.727515844115    0.581882138214
      3   L      15             5.0785823    0.412384640808    0.170179982404

      4   D      16           199.6621073    0.020208691280
      4   D      17            63.8553111    0.132115792297
      4   D      18            26.3324629    0.391124034591
      4   D      19            12.2260996    0.477960970088
      4   D      20             5.9275352    0.146366229396

      5   L      21            18.7895644   -0.001628249797   -0.023995195950
      5   L      22             6.4226657   -0.213893133607   -0.081183215511
      5   L      23             2.7634759   -0.303958345611    0.223862894401
      5   L      24             1.3964356    0.849117545030    0.672690040804
      5   L      25             0.7371268    0.516414726018    0.200380274601

      6   D      26            36.3971354   -0.003673711876
      6   D      27             5.1961993    0.116712249903
      6   D      28             2.5941677    0.421647641611
      6   D      29             1.3957009    0.454767341512
      6   D      30             0.7667851    0.103780331803

      7   L      31             2.2292561    0.030376591352   -0.012576705209
      7   L      32             0.8382996   -0.182505948040   -0.156394064777
      7   L      33             0.3970224   -0.659148812339    0.065007526926
      7   L      34             0.2134398    0.918692738446    0.785982325549
      7   L      35             0.1193784    0.695273802054    0.258228106956

 SB

      1   S       1         28354.6098518    0.022140553120
      1   S       2          5195.9075295    0.113541152000
      1   S       3          1451.2540995    0.331816148399
      1   S       4           495.5129874    0.482570071298
      1   S       5           186.7278919    0.193572196599

      2   L       6          2493.2804212   -0.029408550881    0.012556091280
      2   L       7           511.1537526   -0.065327468832    0.107557696203
      2   L       8           162.9051832    0.128997318104    0.373597536712
      2   L       9            63.3284012    0.612289993817    0.510239563716
      2   L      10            26.9783638    0.346120565510    0.156828180105

      3   L      11           234.3606499   -0.026622033911   -0.015668834480
      3   L      12            63.8209237   -0.160348407203    0.007214920506
      3   L      13            24.4784227   -0.047794733071    0.317085476208
      3   L      14            11.0623773    0.727515844115    0.581882138214
      3   L      15             5.3679547    0.412384640808    0.170179982404

      4   D      16           211.0386464    0.020208691280
      4   D      17            67.4937202    0.132115792297
      4   D      18            27.8328592    0.391124034591
      4   D      19            12.9227300    0.477960970088
      4   D      20             6.2652800    0.146366229396

      5   L      21            20.5986574   -0.001628249797   -0.023995195950
      5   L      22             7.0410515   -0.213893133607   -0.081183215511
      5   L      23             3.0295483   -0.303958345611    0.223862894401
      5   L      24             1.5308870    0.849117545030    0.672690040804
      5   L      25             0.8080987    0.516414726018    0.200380274601

      6   D      26            39.9015170   -0.003673711876
      6   D      27             5.6964988    0.116712249903
      6   D      28             2.8439389    0.421647641611
      6   D      29             1.5300815    0.454767341512
      6   D      30             0.8406125    0.103780331803

      7   L      31             2.3341481    0.030376591352   -0.012576705209
      7   L      32             0.8777437   -0.182505948040   -0.156394064777
      7   L      33             0.4157032   -0.659148812339    0.065007526926
      7   L      34             0.2234826    0.918692738446    0.785982325549
      7   L      35             0.1249954    0.695273802054    0.258228106956

 TE

      1   S       1         29486.7393785    0.022140553120
      1   S       2          5403.3672816    0.113541152000
      1   S       3          1509.1990906    0.331816148399
      1   S       4           515.2975969    0.482570071298
      1   S       5           194.1834753    0.193572196599

      2   L       6          2597.4390443   -0.029408550881    0.012556091280
      2   L       7           532.5075765   -0.065327468832    0.107557696203
      2   L       8           169.7106670    0.128997318104    0.373597536712
      2   L       9            65.9739917    0.612289993817    0.510239563716
      2   L      10            28.1054048    0.346120565510    0.156828180105

      3   L      11           247.3444433   -0.026622033911   -0.015668834480
      3   L      12            67.3566610   -0.160348407203    0.007214920506
      3   L      13            25.8345496   -0.047794733071    0.317085476208
      3   L      14            11.6752431    0.727515844115    0.581882138214
      3   L      15             5.6653442    0.412384640808    0.170179982404

      4   D      16           222.7303795    0.020208691280
      4   D      17            71.2329338    0.132115792297
      4   D      18            29.3748249    0.391124034591
      4   D      19            13.6386610    0.477960970088
      4   D      20             6.6123822    0.146366229396

      5   L      21            22.5750423   -0.001628249797   -0.023995195950
      5   L      22             7.7166211   -0.213893133607   -0.081183215511
      5   L      23             3.3202252   -0.303958345611    0.223862894401
      5   L      24             1.6777714    0.849117545030    0.672690040804
      5   L      25             0.8856336    0.516414726018    0.200380274601

      6   D      26            43.7299585   -0.003673711876
      6   D      27             6.2430622    0.116712249903
      6   D      28             3.1168070    0.421647641611
      6   D      29             1.6768886    0.454767341512
      6   D      30             0.9212670    0.103780331803

      7   L      31             2.5069908    0.030376591352   -0.012576705209
      7   L      32             0.9427402   -0.182505948040   -0.156394064777
      7   L      33             0.4464859   -0.659148812339    0.065007526926
      7   L      34             0.2400314    0.918692738446    0.785982325549
      7   L      35             0.1342513    0.695273802054    0.258228106956

 I

      1   S       1         30629.2599161    0.022140553120
      1   S       2          5612.7311592    0.113541152000
      1   S       3          1567.6759176    0.331816148399
      1   S       4           535.2637952    0.482570071298
      1   S       5           201.7074883    0.193572196599

      2   L       6          2703.7290271   -0.029408550881    0.012556091280
      2   L       7           554.2983559   -0.065327468832    0.107557696203
      2   L       8           176.6554090    0.128997318104    0.373597536712
      2   L       9            68.6737180    0.612289993817    0.510239563716
      2   L      10            29.2555081    0.346120565510    0.156828180105

      3   L      11           260.6782632   -0.026622033911   -0.015668834480
      3   L      12            70.9877172   -0.160348407203    0.007214920506
      3   L      13            27.2272360   -0.047794733071    0.317085476208
      3   L      14            12.3046310    0.727515844115    0.581882138214
      3   L      15             5.9707510    0.412384640808    0.170179982404

      4   D      16           234.7373069    0.020208691280
      4   D      17            75.0729517    0.132115792297
      4   D      18            30.9583601    0.391124034591
      4   D      19            14.3738926    0.477960970088
      4   D      20             6.9688419    0.146366229396

      5   L      21            24.5540202   -0.001628249797   -0.023995195950
      5   L      22             8.3930771   -0.213893133607   -0.081183215511
      5   L      23             3.6112835   -0.303958345611    0.223862894401
      5   L      24             1.8248485    0.849117545030    0.672690040804
      5   L      25             0.9632702    0.516414726018    0.200380274601

      6   D      26            47.5634229   -0.003673711876
      6   D      27             6.7903428    0.116712249903
      6   D      28             3.3900332    0.421647641611
      6   D      29             1.8238884    0.454767341512
      6   D      30             1.0020273    0.103780331803

      7   L      31             2.8243192    0.030376591352   -0.012576705209
      7   L      32             1.0620699   -0.182505948040   -0.156394064777
      7   L      33             0.5030009   -0.659148812339    0.065007526926
      7   L      34             0.2704140    0.918692738446    0.785982325549
      7   L      35             0.1512445    0.695273802054    0.258228106956

 XE

      1   S       1         31793.4963212    0.022140553120
      1   S       2          5826.0744122    0.113541152000
      1   S       3          1627.2642126    0.331816148399
      1   S       4           555.6094908    0.482570071298
      1   S       5           209.3745100    0.193572196599

      2   L       6          2812.1503697   -0.029408550881    0.012556091280
      2   L       7           576.5260907   -0.065327468832    0.107557696203
      2   L       8           183.7394090    0.128997318104    0.373597536712
      2   L       9            71.4275800    0.612289993817    0.510239563716
      2   L      10            30.4286735    0.346120565510    0.156828180105

      3   L      11           273.9291910   -0.026622033911   -0.015668834480
      3   L      12            74.5962004   -0.160348407203    0.007214920506
      3   L      13            28.6112645   -0.047794733071    0.317085476208
      3   L      14            12.9301061    0.727515844115    0.581882138214
      3   L      15             6.2742593    0.412384640808    0.170179982404

      4   D      16           246.6695910    0.020208691280
      4   D      17            78.8890976    0.132115792297
      4   D      18            32.5320509    0.391124034591
      4   D      19            15.1045535    0.477960970088
      4   D      20             7.3230856    0.146366229396

      5   L      21            26.6161333   -0.001628249797   -0.023995195950
      5   L      22             9.0979504   -0.213893133607   -0.081183215511
      5   L      23             3.9145688   -0.303958345611    0.223862894401
      5   L      24             1.9781042    0.849117545030    0.672690040804
      5   L      25             1.0441682    0.516414726018    0.200380274601

      6   D      26            51.5579279   -0.003673711876
      6   D      27             7.3606142    0.116712249903
      6   D      28             3.6747373    0.421647641611
      6   D      29             1.9770634    0.454767341512
      6   D      30             1.0861802    0.103780331803

      7   L      31             3.1852923    0.030376591352   -0.012576705209
      7   L      32             1.1978118   -0.182505948040   -0.156394064777
      7   L      33             0.5672889   -0.659148812339    0.065007526926
      7   L      34             0.3049753    0.918692738446    0.785982325549
      7   L      35             0.1705748    0.695273802054    0.258228106956
