BASIS SPHERICAL
Ta   S
   2.98670000E+01    5.14700138E-02
   1.87203000E+01   -3.55966150E-01
   1.17533000E+01    8.04176150E-01
   4.57089000E+00   -1.43627219E+00
Ta   S
   9.47840000E-01    1.00000000E+00
Ta   S
   4.34038000E-01    1.00000000E+00
Ta   S
   1.05031000E-01    1.00000000E+00
Ta   S
   3.89480000E-02    1.00000000E+00
Ta   P
   7.36524000E+00    2.97741140E-01
   4.75440000E+00   -8.63486092E-01
   2.99595000E+00    3.16667907E-01
   9.94123000E-01    1.07120495E+00
Ta   P
   4.19600000E-01    1.00000000E+00
Ta   P
   1.18239000E-01    1.00000000E+00
Ta   P
   4.01010000E-02    1.00000000E+00
Ta   D
   7.56160000E+00    2.79623918E-02
   4.74087000E+00   -1.03493242E-01
   1.16975000E+00    3.99754698E-01
   4.79310000E-01    6.97130330E-01
Ta   D
   1.83704000E-01    1.00000000E+00
Ta   D
   6.44090000E-02    1.00000000E+00
Ta   F
   3.73500000E-01    1.00000000E+00
END

ECP
Ta nelec 60
Ta ul
2       1.00000000             0.00000000
Ta S
2      10.31806900           454.60064900
4      10.54026700             2.83797500
2       2.57472600            -0.81473600
Ta P
2       8.74334200            96.91078300
2       7.91622300           195.85043200
4       9.27573600             4.81252400
4       8.10167500             6.33851200
2       2.07712700            -0.45917300
2       2.75037200            -0.64458600
Ta D
2       5.44731400            45.96997600
2       5.21254500            69.63897200
4       5.88435800             0.80293300
4       5.64957900             0.42959500
2       1.38818000            -0.30722700
2       1.29439800            -0.46156000
Ta F
2       2.16127500             5.75777300
2       2.12593900             7.67816700
Ta G
2       3.14592000            -5.68406600
2       3.12794200            -7.06231300
END


