$jkbas
*
ac def-SVP
ac def-SV(P)
ac SVP
ac SV(P)
ac def-TZVPP
ac def-TZVP
# ac    (20s15p14d13f9g8h6i) / [18s14p14d12f8g4h1i]    
# F. Weigend 11/06
*
   3  s
  90.458314600      0.48666212800E-01
  56.097193500     -0.27007927600
  34.961882100      0.96160739620
   1  s
  21.574090300       1.0000000000
   1  s
  13.312978900       1.0000000000
   1  s
  8.2152869000       1.0000000000
   1  s
  5.0696110000       1.0000000000
   1  s
  3.1284601000       1.0000000000
   1  s
  1.9305914000       1.0000000000
   1  s
  1.1913888000       1.0000000000
   1  s
 0.73522420000       1.0000000000
   1  s
 0.45372100000       1.0000000000
   1  s
 0.28000150000       1.0000000000
   1  s
 0.17279610000       1.0000000000
   1  s
 0.10770370000       1.0000000000
   1  s
 0.66799600000E-01   1.0000000000
   1  s
 0.41637900000E-01   1.0000000000
   1  s
 0.25792600000E-01   1.0000000000
   1  s
 0.16067400000E-01   1.0000000000
   1  s
 0.99530000000E-02   1.0000000000
   2  p
  135.71183360      0.20546436410
  75.368900400     -0.97866459790
   1  p
  41.857537400       1.0000000000
   1  p
  23.246717700       1.0000000000
   1  p
  12.910870200       1.0000000000
   1  p
  7.1705875000       1.0000000000
   1  p
  3.9825271000       1.0000000000
   1  p
  2.2119075000       1.0000000000
   1  p
  1.2285104000       1.0000000000
   1  p
 0.68232900000       1.0000000000
   1  p
 0.37897570000       1.0000000000
   1  p
 0.21048970000       1.0000000000
   1  p
 0.11691000000       1.0000000000
   1  p
 0.64934200000E-01   1.0000000000
   1  p
 0.36065800000E-01   1.0000000000
   1  d
  33.594403400       1.0000000000
   1  d
  17.916066200       1.0000000000
   1  d
  9.4978343000       1.0000000000
   1  d
  5.0517057000       1.0000000000
   1  d
  2.6939337000       1.0000000000
   1  d
  1.4464432000       1.0000000000
   1  d
 0.78135700000       1.0000000000
   1  d
 0.42431960000       1.0000000000
   1  d
 0.23146670000       1.0000000000
   1  d
 0.12673240000       1.0000000000
   1  d
 0.69588600000E-01   1.0000000000
   1  d
 0.38289900000E-01   1.0000000000
   1  d
 0.21094500000E-01   1.0000000000
   1  d
 0.11742300000E-01   1.0000000000
   2  f
  18.443297600      0.12353947520
  9.7782870000     -0.99233965860
   1  f
  5.2232637000       1.0000000000
   1  f
  2.8092299000       1.0000000000
   1  f
  1.5202108000       1.0000000000
   1  f
 0.82716280000       1.0000000000
   1  f
 0.45221320000       1.0000000000
   1  f
 0.24822790000       1.0000000000
   1  f
 0.13670970000       1.0000000000
   1  f
 0.75487000000E-01   1.0000000000
   1  f
 0.41759000000E-01   1.0000000000
   1  f
 0.23126600000E-01   1.0000000000
   1  f
 0.12812500000E-01   1.0000000000
   2  g
  23.661830500      0.49220590000E-01
  10.164558000     -0.99878793220
   1  g
  5.1008609000       1.0000000000
   1  g
  2.5798223000       1.0000000000
   1  g
  1.2151853000       1.0000000000
   1  g
 0.58787700000       1.0000000000
   1  g
 0.30831810000       1.0000000000
   1  g
 0.16295590000       1.0000000000
   1  g
 0.82553500000E-01   1.0000000000
   5  h
  17.408532600      0.18654891800E-01
  8.9870504000     -0.10197332090
  4.6396153000      0.82381834410
  2.2119934000      0.54510157430
  1.0546100000      0.11593552720
   1  h
 0.50281060000       1.0000000000
   1  h
 0.25959150000       1.0000000000
   1  h
 0.91826000000E-01   1.0000000000
   6  i
  5.9721457000      0.51202203100E-01
  2.6555133000      0.10015082210
  1.2448023000      0.73438788300E-01
 0.54032060000      0.98564685620
 0.21444730000     -0.31803429000E-02
 0.10339470000     -0.10220103650
*
$end
