zn
 S  15  1.00
    0.2988458650D+08    0.1976063606D-05
    0.4441029442D+07    0.1549536594D-04
    0.1008497825D+07    0.8155414190D-04
    0.2857073522D+06    0.3443571950D-03
    0.9323770417D+05    0.1256006678D-02
    0.3363958833D+05    0.4109197057D-02
    0.1311223154D+05    0.1227006113D-01
    0.5447190956D+04    0.3361824541D-01
    0.2391155075D+04    0.8340484597D-01
    0.1102303450D+04    0.1848522724D+00
    0.5346661880D+03    0.3339893802D+00
    0.2799499785D+03    0.4549404255D+00
    0.1529018639D+03    0.5000000000D+00
    0.8199970954D+02    0.3477303025D+00
    0.4222500983D+02    0.8506877472D-01
 S   7  1.00
    0.2036674987D+04   -0.1135099611D-02
    0.6321938489D+03   -0.1133303903D-01
    0.2457093172D+03   -0.5010366260D-01
    0.1094670152D+03   -0.1002823768D+00
    0.2631341439D+02    0.3453685016D+00
    0.1376258317D+02    0.5000000000D+00
    0.7445318787D+01    0.2537398819D+00
 S   5  1.00
    0.9992488873D+02    0.5108974692D-02
    0.2797765485D+02   -0.5823070075D-01
    0.1429121576D+02   -0.2658079795D+00
    0.7743782965D+01   -0.2071621043D+00
    0.4011719839D+01    0.5000000000D+00
 S   1  1.00
    0.1925901864D+01    0.1000000000D+01
 S   1  1.00
    0.8741625830D+00    0.1000000000D+01
 S   1  1.00
    0.2308153468D+00    0.1000000000D+01
 S   1  1.00
    0.9513856056D-01    0.1000000000D+01
 S   1  1.00
    0.3804066940D-01    0.1000000000D+01
 P  12  1.00
    0.5395531460D+05    0.1832498459D-04
    0.1234433598D+05    0.1731741694D-03
    0.3947729329D+04    0.1033885783D-02
    0.1500752089D+04    0.4752349368D-02
    0.6388956587D+03    0.1764998318D-01
    0.2957855111D+03    0.5581555039D-01
    0.1436211361D+03    0.1455096276D+00
    0.7372545455D+02    0.3026444075D+00
    0.3948213536D+02    0.4680695896D+00
    0.2247528166D+02    0.5000000000D+00
    0.1306821915D+02    0.4002871419D+00
    0.7341347923D+01    0.1674801941D+00
 P   5  1.00
    0.1505137579D+03   -0.2214745746D-02
    0.5682310612D+02   -0.1511329939D-01
    0.2730549773D+02   -0.2775955853D-01
    0.7120396999D+01    0.2311582538D+00
    0.3686465816D+01    0.5000000000D+00
 P   1  1.00
    0.1883166991D+01    0.1000000000D+01
 P   1  1.00
    0.9355585622D+00    0.1000000000D+01
 P   1  1.00
    0.4404085530D+00    0.1000000000D+01
 P    1 1.00
    0.13900D+00    0.10000D+01
 D   8  1.00
    0.6496488930D+03    0.3618177023D-03
    0.1998527982D+03    0.3244509465D-02
    0.7758002719D+02    0.1816991030D-01
    0.3352129324D+02    0.6988369568D-01
    0.1600726492D+02    0.1726313303D+00
    0.8026523116D+01    0.3387372487D+00
    0.4070769038D+01    0.4673114000D+00
    0.2036775074D+01    0.5000000000D+00
 D   1  1.00
    0.9899378286D+00    0.1000000000D+01
 D   1  1.00
    0.4609364233D+00    0.1000000000D+01
 D   1  1.00
    0.2025405287D+00    0.1000000000D+01
 D   1  1.00
    0.8156987044D-01    0.1000000000D+01
 F    1 1.00
    25.680000D+00   0.100000D+01
 F    1 1.00
    8.025000D+00   0.100000D+01
 F    1 1.00
    2.972000D+00   0.100000D+01
 F    1 1.00
    1.238000D+00   0.100000D+01
 F    1 1.00
    0.516000D+00   0.100000D+01
 G    1 1.00
    13.870000D+00   0.100000D+01
 G    1 1.00
    3.468000D+00   0.100000D+01
 G    1 1.00
    0.867000D+00   0.100000D+01
 H    1 1.00
    7.490000D+00   0.100000D+01
 H    1 1.00
    1.664000D+00   0.100000D+01
 I    1 1.00
    3.795000D+00   0.100000D+01
 ****
