kr
 S  15  1.00
    0.764370000000000D+08    0.817272000000000D-06
    0.112329000000000D+08    0.648007000000000D-05
    0.255917000000000D+07    0.336848000000000D-04
    0.731875000000000D+06    0.140334000000000D-03
    0.240909000000000D+06    0.506724000000000D-03
    0.877077000000000D+05    0.163940000000000D-02
    0.344637000000000D+05    0.488589000000000D-02
    0.143359000000000D+05    0.136493000000000D-01
    0.623209000000000D+04    0.358520000000000D-01
    0.280378000000000D+04    0.872553000000000D-01
    0.130233000000000D+04    0.191851000000000D+00
    0.615104000000000D+03    0.363187000000000D+00
    0.295437000000000D+03    0.500000000000000D+00
    0.144659000000000D+03    0.400273000000000D+00
    0.704910000000000D+02    0.117637000000000D+00
 S   7  1.00
    0.299899000000000D+04   -0.110000000000000D-02
    0.930807000000000D+03   -0.110735000000000D-01
    0.360873000000000D+03   -0.500656000000000D-01
    0.160195000000000D+03   -0.101455000000000D+00
    0.389514000000000D+02    0.348374000000000D+00
    0.204455000000000D+02    0.500000000000000D+00
    0.112393000000000D+02    0.238711000000000D+00
 S   5  1.00
    0.156669000000000D+03    0.607746000000000D-02
    0.402330000000000D+02   -0.791627000000000D-01
    0.213697000000000D+02   -0.334326000000000D+00
    0.114603000000000D+02   -0.249353000000000D+00
    0.659435000000000D+01    0.500000000000000D+00
 S   1  1.00
    0.338133000000000D+01    0.100000000000000D+01
 S   1  1.00
    0.167882000000000D+01    0.100000000000000D+01
 S   1  1.00
    0.631083000000000D+00    0.100000000000000D+01
 S   1  1.00
    0.294516000000000D+00    0.100000000000000D+01
 S   1  1.00
    0.127320000000000D+00    0.100000000000000D+01
 P   7  1.00
    0.635598000000000D+06    0.927047173100000D-05
    0.977843000000000D+05    0.181414608400000D-03
    0.235971000000000D+05    0.161969159100000D-02
    0.780324000000000D+04    0.914757263800000D-02
    0.304731000000000D+04    0.406036565500000D-01
    0.132567000000000D+04    0.150099949500000D+00
    0.614835000000000D+03    0.500000000000000D+00
 P   1  1.00
    0.298796000000000D+03    0.100000000000000D+01
 P   1  1.00
    0.149952000000000D+03    0.100000000000000D+01
 P   1  1.00
    0.773960000000000D+02    0.100000000000000D+01
 P   1  1.00
    0.411273000000000D+02    0.100000000000000D+01
 P   1  1.00
    0.221087000000000D+02    0.100000000000000D+01
 P   1  1.00
    0.119470000000000D+02    0.100000000000000D+01
 P   1  1.00
    0.621719000000000D+01    0.100000000000000D+01
 P   1  1.00
    0.324630000000000D+01    0.100000000000000D+01
 P   1  1.00
    0.166278000000000D+01    0.100000000000000D+01
 P   1  1.00
    0.795726000000000D+00    0.100000000000000D+01
 P   1  1.00
    0.370989000000000D+00    0.100000000000000D+01
 P   1  1.00
    0.162787000000000D+00    0.100000000000000D+01
 P   1  1.00
    0.684341000000000D-01    0.100000000000000D+01
 D   8  1.00
    0.221686000000000D+04    0.735907000000000D-04
    0.668448000000000D+03    0.746721000000000D-03
    0.262509000000000D+03    0.443947000000000D-02
    0.116571000000000D+03    0.202279000000000D-01
    0.549002000000000D+02    0.710909000000000D-01
    0.278316000000000D+02    0.171662000000000D+00
    0.145849000000000D+02    0.343399000000000D+00
    0.762886000000000D+01    0.500000000000000D+00
 D   1  1.00
    0.391998000000000D+01    0.100000000000000D+01
 D   1  1.00
    0.196199000000000D+01    0.100000000000000D+01
 D   1  1.00
    0.951640000000000D+00    0.100000000000000D+01
 D   1  1.00
    0.419903000000000D+00    0.100000000000000D+01
  D   1  1.00
   0.218000D+00   0.100000D+01
  F   1  1.00
   0.846000D+01   0.100000D+01
  F   1  1.00
   0.249000D+01   0.100000D+01
  F   1  1.00
   0.730000D+00   0.100000D+01
  F   1  1.00
   0.293000D+00   0.100000D+01
  G   1  1.00
   0.225000D+01   0.100000D+01
  G   1  1.00
   0.560000D+00   0.100000D+01
  H   1  1.00
   0.840000D+00   0.100000D+01
 ****
