$Ahlrichs VTZ
$
$ Elements supported
$ H He Li Be B C N O F Ne Na Mg Al Si P S Cl Ar K Ca Sc Ti V Cr Mn Fe Co Ni Cu 
$ Zn Ga Ge As Se Br Kr 
$
$  REFERENCE
$ Elements                             References 
$ --------                             ---------- 
$ H - Kr: A. Schafer, H. Horn and R. Ahlrichs, J. Chem. Phys. 97, 2571 (1992).
$***********************************************************************
a 1
$ HYDROGEN     (5s) -> [3s]                                      
$ S-TYPE FUNCTIONS
    5    3    0
     34.0613410  0.00602520  0.00000000  0.00000000
      5.1235746  0.04502109  0.00000000  0.00000000
      1.1646626  0.20189726  0.00000000  0.00000000
      0.3272304  0.00000000  1.00000000  0.00000000
      0.1030724  0.00000000  0.00000000  1.00000000
a 2
$ HELIUM       (5s) -> [3s]                                      
$ S-TYPE FUNCTIONS
    5    3    0
     98.0783216  0.00758031  0.00000000  0.00000000
     14.7644042  0.05484862  0.00000000  0.00000000
      3.3185831  0.22074382  0.00000000  0.00000000
      0.8741387  0.00000000  1.00000000  0.00000000
      0.2445990  0.00000000  0.00000000  1.00000000
a 3
$ LITHIUM      (10s) -> [6s]                                     
$ S-TYPE FUNCTIONS
   10    6    0
   3341.4028812  0.00068826  0.00000000  0.00000000  0.00000000  0.00000000  0.00000000
    500.9515931  0.00532964  0.00000000  0.00000000  0.00000000  0.00000000  0.00000000
    114.0110311  0.02756437  0.00000000  0.00000000  0.00000000  0.00000000  0.00000000
     32.2654731  0.10988243  0.00000000  0.00000000  0.00000000  0.00000000  0.00000000
     10.4720585  0.33943049  0.00000000  0.00000000  0.00000000  0.00000000  0.00000000
      3.6978284  0.00000000  1.00000000  0.00000000  0.00000000  0.00000000  0.00000000
      1.3712085  0.00000000  0.00000000  1.00000000  0.00000000  0.00000000  0.00000000
      0.5190846  0.00000000  0.00000000  0.00000000  1.00000000  0.00000000  0.00000000
      0.0745329  0.00000000  0.00000000  0.00000000  0.00000000  1.00000000  0.00000000
      0.0282336  0.00000000  0.00000000  0.00000000  0.00000000  0.00000000  1.00000000
a 4
$ BERYLLIUM    (10s) -> [6s]                                     
$ S-TYPE FUNCTIONS
   10    6    0
   6526.1477796  0.00043732  0.00000000  0.00000000  0.00000000  0.00000000  0.00000000
    978.3549642  0.00338821  0.00000000  0.00000000  0.00000000  0.00000000  0.00000000
    222.6586576  0.01756309  0.00000000  0.00000000  0.00000000  0.00000000  0.00000000
     63.0130283  0.07058048  0.00000000  0.00000000  0.00000000  0.00000000  0.00000000
     20.4687202  0.22263836  0.00000000  0.00000000  0.00000000  0.00000000  0.00000000
      7.2692487  0.00000000  1.00000000  0.00000000  0.00000000  0.00000000  0.00000000
      2.7393701  0.00000000  0.00000000  1.00000000  0.00000000  0.00000000  0.00000000
      1.0615791  0.00000000  0.00000000  0.00000000  1.00000000  0.00000000  0.00000000
      0.1815844  0.00000000  0.00000000  0.00000000  0.00000000  1.00000000  0.00000000
      0.0588268  0.00000000  0.00000000  0.00000000  0.00000000  0.00000000  1.00000000
a 5
$ BORON        (10s,6p) -> [6s,3p]                               
$ S-TYPE FUNCTIONS
   10    6    0
   5658.4992000  0.00055208  0.00000000  0.00000000  0.00000000  0.00000000  0.00000000
    848.6970300  0.00426514  0.00000000  0.00000000  0.00000000  0.00000000  0.00000000
    193.1365600  0.02185317  0.00000000  0.00000000  0.00000000  0.00000000  0.00000000
     54.5863170  0.08457068  0.00000000  0.00000000  0.00000000  0.00000000  0.00000000
     17.6001260  0.24304764  0.00000000  0.00000000  0.00000000  0.00000000  0.00000000
      6.1269618  0.00000000  1.00000000  0.00000000  0.00000000  0.00000000  0.00000000
      2.2245270  0.00000000  0.00000000  1.00000000  0.00000000  0.00000000  0.00000000
      0.5565035  0.00000000  0.00000000  0.00000000  1.00000000  0.00000000  0.00000000
      0.2387623  0.00000000  0.00000000  0.00000000  0.00000000  1.00000000  0.00000000
      0.0857940  0.00000000  0.00000000  0.00000000  0.00000000  0.00000000  1.00000000
$ P-TYPE FUNCTIONS
    6    3    0
     22.4558020 -0.00502606  0.00000000  0.00000000
      5.1030675 -0.03282698  0.00000000  0.00000000
      1.4984096 -0.13140941  0.00000000  0.00000000
      0.5098907 -0.33125264  0.00000000  0.00000000
      0.1819135  0.00000000  1.00000000  0.00000000
      0.0648272  0.00000000  0.00000000  1.00000000
a 6
$ CARBON       (10s,6p) -> [6s,3p]                               
$ S-TYPE FUNCTIONS
   10    6    0
   8506.0384000  0.00053374  0.00000000  0.00000000  0.00000000  0.00000000  0.00000000
   1275.7329000  0.00412502  0.00000000  0.00000000  0.00000000  0.00000000  0.00000000
    290.3118700  0.02117134  0.00000000  0.00000000  0.00000000  0.00000000  0.00000000
     82.0562000  0.08241786  0.00000000  0.00000000  0.00000000  0.00000000  0.00000000
     26.4796410  0.24012858  0.00000000  0.00000000  0.00000000  0.00000000  0.00000000
      9.2414585  0.00000000  1.00000000  0.00000000  0.00000000  0.00000000  0.00000000
      3.3643530  0.00000000  0.00000000  1.00000000  0.00000000  0.00000000  0.00000000
      0.8717416  0.00000000  0.00000000  0.00000000  1.00000000  0.00000000  0.00000000
      0.3635235  0.00000000  0.00000000  0.00000000  0.00000000  1.00000000  0.00000000
      0.1287314  0.00000000  0.00000000  0.00000000  0.00000000  0.00000000  1.00000000
$ P-TYPE FUNCTIONS
    6    3    0
     34.7094960  0.00533010  0.00000000  0.00000000
      7.9590883  0.03586581  0.00000000  0.00000000
      2.3786972  0.14200299  0.00000000  0.00000000
      0.8154007  0.34203105  0.00000000  0.00000000
      0.2895378  0.00000000  1.00000000  0.00000000
      0.1008475  0.00000000  0.00000000  1.00000000
a 7
$ NITROGEN     (10s,6p) -> [6s,3p]                               
$ S-TYPE FUNCTIONS
   10    6    0
  11913.4167560 -0.00052297  0.00000000  0.00000000  0.00000000  0.00000000  0.00000000
   1786.7213834 -0.00404284  0.00000000  0.00000000  0.00000000  0.00000000  0.00000000
    406.5901283 -0.02077272  0.00000000  0.00000000  0.00000000  0.00000000  0.00000000
    114.9252507 -0.08118314  0.00000000  0.00000000  0.00000000  0.00000000  0.00000000
     37.1058834 -0.23871497  0.00000000  0.00000000  0.00000000  0.00000000  0.00000000
     12.9716762  0.00000000  1.00000000  0.00000000  0.00000000  0.00000000  0.00000000
      4.7302291  0.00000000  0.00000000  1.00000000  0.00000000  0.00000000  0.00000000
      1.2525184  0.00000000  0.00000000  0.00000000  1.00000000  0.00000000  0.00000000
      0.5126007  0.00000000  0.00000000  0.00000000  0.00000000  1.00000000  0.00000000
      0.1793971  0.00000000  0.00000000  0.00000000  0.00000000  0.00000000  1.00000000
$ P-TYPE FUNCTIONS
    6    3    0
     49.2187584  0.00555270  0.00000000  0.00000000
     11.3489353  0.03805462  0.00000000  0.00000000
      3.4285088  0.14941412  0.00000000  0.00000000
      1.1799513  0.34898187  0.00000000  0.00000000
      0.4172612  0.00000000  1.00000000  0.00000000
      0.1429513  0.00000000  0.00000000  1.00000000
a 8
$ OXYGEN       (10s,6p) -> [6s,3p]                               
$ S-TYPE FUNCTIONS
   10    6    0
  15902.6474590  0.00051500  0.00000000  0.00000000  0.00000000  0.00000000  0.00000000
   2384.9537829  0.00398198  0.00000000  0.00000000  0.00000000  0.00000000  0.00000000
    542.7195718  0.02047697  0.00000000  0.00000000  0.00000000  0.00000000  0.00000000
    153.4040787  0.08026237  0.00000000  0.00000000  0.00000000  0.00000000  0.00000000
     49.5457161  0.23766840  0.00000000  0.00000000  0.00000000  0.00000000  0.00000000
     17.3396499  0.00000000  1.00000000  0.00000000  0.00000000  0.00000000  0.00000000
      6.3303355  0.00000000  0.00000000  1.00000000  0.00000000  0.00000000  0.00000000
      1.6995882  0.00000000  0.00000000  0.00000000  1.00000000  0.00000000  0.00000000
      0.6895449  0.00000000  0.00000000  0.00000000  0.00000000  1.00000000  0.00000000
      0.2393603  0.00000000  0.00000000  0.00000000  0.00000000  0.00000000  1.00000000
$ P-TYPE FUNCTIONS
    6    3    0
     63.2705240  0.00607092  0.00000000  0.00000000
     14.6233123  0.04194769  0.00000000  0.00000000
      4.4489518  0.16156884  0.00000000  0.00000000
      1.5281513  0.35682779  0.00000000  0.00000000
      0.5299732  0.00000000  1.00000000  0.00000000
      0.1750945  0.00000000  0.00000000  1.00000000
a 9
$ FLUORINE     (10s,6p) -> [6s,3p]                               
$ S-TYPE FUNCTIONS
   10    6    0
  20450.4890000  0.00051103  0.00000000  0.00000000  0.00000000  0.00000000  0.00000000
   3066.9547000  0.00395188  0.00000000  0.00000000  0.00000000  0.00000000  0.00000000
    697.9100300  0.02033455  0.00000000  0.00000000  0.00000000  0.00000000  0.00000000
    197.2702000  0.07987648  0.00000000  0.00000000  0.00000000  0.00000000  0.00000000
     63.7283430  0.23775601  0.00000000  0.00000000  0.00000000  0.00000000  0.00000000
     22.3218090  0.00000000  1.00000000  0.00000000  0.00000000  0.00000000  0.00000000
      8.1557609  0.00000000  0.00000000  1.00000000  0.00000000  0.00000000  0.00000000
      2.2114295  0.00000000  0.00000000  0.00000000  1.00000000  0.00000000  0.00000000
      0.8903857  0.00000000  0.00000000  0.00000000  0.00000000  1.00000000  0.00000000
      0.3069660  0.00000000  0.00000000  0.00000000  0.00000000  0.00000000  1.00000000
$ P-TYPE FUNCTIONS
    6    3    0
     80.2180200  0.00637445  0.00000000  0.00000000
     18.5872810  0.04436019  0.00000000  0.00000000
      5.6844581  0.16880038  0.00000000  0.00000000
      1.9512781  0.36162979  0.00000000  0.00000000
      0.6702411  0.00000000  1.00000000  0.00000000
      0.2168225  0.00000000  0.00000000  1.00000000
a 10
$ NEON         (10s,6p) -> [6s,3p]                               
$ S-TYPE FUNCTIONS
   10    6    0
  25558.3983200 -0.00050573  0.00000000  0.00000000  0.00000000  0.00000000  0.00000000
   3832.9404804 -0.00391125  0.00000000  0.00000000  0.00000000  0.00000000  0.00000000
    872.2107378 -0.02013482  0.00000000  0.00000000  0.00000000  0.00000000  0.00000000
    246.5375541 -0.07922343  0.00000000  0.00000000  0.00000000  0.00000000  0.00000000
     79.6583949 -0.23675798  0.00000000  0.00000000  0.00000000  0.00000000  0.00000000
     27.9197996  0.00000000  1.00000000  0.00000000  0.00000000  0.00000000  0.00000000
     10.2071317  0.00000000  0.00000000  1.00000000  0.00000000  0.00000000  0.00000000
      2.7883187  0.00000000  0.00000000  0.00000000  1.00000000  0.00000000  0.00000000
      1.1153995  0.00000000  0.00000000  0.00000000  0.00000000  1.00000000  0.00000000
      0.3823401  0.00000000  0.00000000  0.00000000  0.00000000  0.00000000  1.00000000
$ P-TYPE FUNCTIONS
    6    3    0
     99.7609664  0.00656487  0.00000000  0.00000000
     23.1676890  0.04595815  0.00000000  0.00000000
      7.1133899  0.17349981  0.00000000  0.00000000
      2.4418574  0.36486075  0.00000000  0.00000000
      0.8344206  0.00000000  1.00000000  0.00000000
      0.2663988  0.00000000  0.00000000  1.00000000
a 11
$ SODIUM       (12s,6p) -> [7s,2p]                               
$ S-TYPE FUNCTIONS
   12    7    0
  48876.1981470  0.00030496  0.00000000  0.00000000  0.00000000  0.00000000  0.00000000
      0.0000000
   7327.2863708  0.00236328  0.00000000  0.00000000  0.00000000  0.00000000  0.00000000
      0.0000000
   1667.4194652  0.01226845  0.00000000  0.00000000  0.00000000  0.00000000  0.00000000
      0.0000000
    471.5810120  0.04962518  0.00000000  0.00000000  0.00000000  0.00000000  0.00000000
      0.0000000
    152.9366981  0.15949592  0.00000000  0.00000000  0.00000000  0.00000000  0.00000000
      0.0000000
     54.3558555  0.00000000  1.00000000  0.00000000  0.00000000  0.00000000  0.00000000
      0.0000000
     20.7652228  0.00000000  0.00000000  0.40072046  0.00000000  0.00000000  0.00000000
      0.0000000
      8.3599496  0.00000000  0.00000000  0.18337373  0.00000000  0.00000000  0.00000000
      0.0000000
      2.1480946  0.00000000  0.00000000  0.00000000  1.00000000  0.00000000  0.00000000
      0.0000000
      0.6881941  0.00000000  0.00000000  0.00000000  0.00000000  1.00000000  0.00000000
      0.0000000
      0.0604771  0.00000000  0.00000000  0.00000000  0.00000000  0.00000000  1.00000000
      0.0000000
      0.0271341  0.00000000  0.00000000  0.00000000  0.00000000  0.00000000  0.00000000
      1.0000000
$ P-TYPE FUNCTIONS
    6    2    0
    137.9625476  0.00592646  0.00000000
     32.2091054  0.04254399  0.00000000
      9.9746379  0.16644535  0.00000000
      3.4780930  0.36814915  0.00000000
      1.2284372  0.45781035  0.00000000
      0.4173194  0.00000000  1.00000000
a 12
$ MAGNESIUM    (12s,6p) -> [7s,2p]                               
$ S-TYPE FUNCTIONS
   12    7    0
  58088.3497780  0.00029218  0.00000000  0.00000000  0.00000000  0.00000000  0.00000000
      0.0000000
   8708.1180998  0.00226442  0.00000000  0.00000000  0.00000000  0.00000000  0.00000000
      0.0000000
   1981.6224182  0.01175604  0.00000000  0.00000000  0.00000000  0.00000000  0.00000000
      0.0000000
    560.4398600  0.04756994  0.00000000  0.00000000  0.00000000  0.00000000  0.00000000
      0.0000000
    181.7297611  0.15308048  0.00000000  0.00000000  0.00000000  0.00000000  0.00000000
      0.0000000
     64.6033357  0.00000000  1.00000000  0.00000000  0.00000000  0.00000000  0.00000000
      0.0000000
     24.7421447  0.00000000  0.00000000  0.39883561  0.00000000  0.00000000  0.00000000
      0.0000000
     10.0246647  0.00000000  0.00000000  0.18188815  0.00000000  0.00000000  0.00000000
      0.0000000
      2.6947441  0.00000000  0.00000000  0.00000000  1.00000000  0.00000000  0.00000000
      0.0000000
      0.9114525  0.00000000  0.00000000  0.00000000  0.00000000  1.00000000  0.00000000
      0.0000000
      0.1068967  0.00000000  0.00000000  0.00000000  0.00000000  0.00000000  1.00000000
      0.0000000
      0.0400916  0.00000000  0.00000000  0.00000000  0.00000000  0.00000000  0.00000000
      1.0000000
$ P-TYPE FUNCTIONS
    6    2    0
    179.8337272  0.00538198  0.00000000
     42.1130967  0.03932575  0.00000000
     13.1173538  0.15749044  0.00000000
      4.6229435  0.35940561  0.00000000
      1.6685786  0.45516230  0.00000000
      0.5854780  0.00000000  0.21970492
a 13
$ ALUMINUM     (12s9p) -> [7s5p]                                 
$ S-TYPE FUNCTIONS
    9    3    0
  68090.4116770  0.00028413  0.00000000  0.00000000
  10207.5408220  0.00220207  0.00000000  0.00000000
   2322.8045854  0.01143344  0.00000000  0.00000000
    656.8865384  0.04628459  0.00000000  0.00000000
    212.9669410  0.14910566  0.00000000  0.00000000
     75.7247166  0.00000000  1.00000000  0.00000000
     29.0763200  0.00000000  0.00000000  0.41663518
     11.8596239  0.00000000  0.00000000  0.18978371
      0.0000000  0.00000000  0.00000000  0.00000000
a 14
$ SILICON      (12s,9p) -> [7s,5p]                               
$ S-TYPE FUNCTIONS
   12    7    0
  79079.4340000  0.00026431  0.00000000  0.00000000  0.00000000  0.00000000  0.00000000
      0.0000000
  11855.0100000  0.00204851  0.00000000  0.00000000  0.00000000  0.00000000  0.00000000
      0.0000000
   2697.7051000  0.01063724  0.00000000  0.00000000  0.00000000  0.00000000  0.00000000
      0.0000000
    762.8722700  0.04308248  0.00000000  0.00000000  0.00000000  0.00000000  0.00000000
      0.0000000
    247.2845500  0.13898279  0.00000000  0.00000000  0.00000000  0.00000000  0.00000000
      0.0000000
     87.9312400  0.00000000  1.00000000  0.00000000  0.00000000  0.00000000  0.00000000
      0.0000000
     33.8232840  0.00000000  0.00000000  0.44071543  0.00000000  0.00000000  0.00000000
      0.0000000
     13.8681080  0.00000000  0.00000000  0.20091165  0.00000000  0.00000000  0.00000000
      0.0000000
      3.9920017  0.00000000  0.00000000  0.00000000  1.00000000  0.00000000  0.00000000
      0.0000000
      1.4659925  0.00000000  0.00000000  0.00000000  0.00000000  1.00000000  0.00000000
      0.0000000
      0.2527109  0.00000000  0.00000000  0.00000000  0.00000000  0.00000000  1.00000000
      0.0000000
      0.0924917  0.00000000  0.00000000  0.00000000  0.00000000  0.00000000  0.00000000
      1.0000000
$ P-TYPE FUNCTIONS
    9    5    0
    483.0235200  0.00191615  0.00000000  0.00000000  0.00000000  0.00000000
    114.2508100  0.01530977  0.00000000  0.00000000  0.00000000  0.00000000
     36.3877860  0.07109436  0.00000000  0.00000000  0.00000000  0.00000000
     13.4117040  0.21243244  0.00000000  0.00000000  0.00000000  0.00000000
      5.2884033  0.38976302  0.00000000  0.00000000  0.00000000  0.00000000
      2.1374219  0.00000000  1.00000000  0.00000000  0.00000000  0.00000000
      0.8646846  0.00000000  0.00000000  1.00000000  0.00000000  0.00000000
      0.2548986  0.00000000  0.00000000  0.00000000  1.00000000  0.00000000
      0.0793970  0.00000000  0.00000000  0.00000000  0.00000000  1.00000000
a 15
$ PHOSPHORUS   (12s,9p) -> [7s,5p]                               
$ S-TYPE FUNCTIONS
   12    7    0
  91049.0495250  0.00025380  0.00000000  0.00000000  0.00000000  0.00000000  0.00000000
      0.0000000
  13649.2488640  0.00196712  0.00000000  0.00000000  0.00000000  0.00000000  0.00000000
      0.0000000
   3105.9432074  0.01021606  0.00000000  0.00000000  0.00000000  0.00000000  0.00000000
      0.0000000
    878.2598263  0.04139916  0.00000000  0.00000000  0.00000000  0.00000000  0.00000000
      0.0000000
    284.6339291  0.13375415  0.00000000  0.00000000  0.00000000  0.00000000  0.00000000
      0.0000000
    101.2061001  0.00000000  1.00000000  0.00000000  0.00000000  0.00000000  0.00000000
      0.0000000
     38.9778414  0.00000000  0.00000000  0.45416113  0.00000000  0.00000000  0.00000000
      0.0000000
     16.0484941  0.00000000  0.00000000  0.20742198  0.00000000  0.00000000  0.00000000
      0.0000000
      4.7225339  0.00000000  0.00000000  0.00000000  1.00000000  0.00000000  0.00000000
      0.0000000
      1.7825222  0.00000000  0.00000000  0.00000000  0.00000000  1.00000000  0.00000000
      0.0000000
      0.3396297  0.00000000  0.00000000  0.00000000  0.00000000  0.00000000  1.00000000
      0.0000000
      0.1233386  0.00000000  0.00000000  0.00000000  0.00000000  0.00000000  0.00000000
      1.0000000
$ P-TYPE FUNCTIONS
    9    5    0
    528.4438933 -0.00228152  0.00000000  0.00000000  0.00000000  0.00000000
    124.9714995 -0.01818364  0.00000000  0.00000000  0.00000000  0.00000000
     39.7957092 -0.08394070  0.00000000  0.00000000  0.00000000  0.00000000
     14.6575450 -0.24604714  0.00000000  0.00000000  0.00000000  0.00000000
      5.7578893 -0.43655668  0.00000000  0.00000000  0.00000000  0.00000000
      2.3123201  0.00000000  1.00000000  0.00000000  0.00000000  0.00000000
      0.8899378  0.00000000  0.00000000  1.00000000  0.00000000  0.00000000
      0.3046715  0.00000000  0.00000000  0.00000000  1.00000000  0.00000000
      0.1007815  0.00000000  0.00000000  0.00000000  0.00000000  1.00000000
a 16
$ SULFUR       (12s,9p) -> [7s,5p]                               
$ S-TYPE FUNCTIONS
   12    7    0
 103953.9500000  0.00024743  0.00000000  0.00000000  0.00000000  0.00000000  0.00000000
      0.0000000
  15583.7860000  0.00191777  0.00000000  0.00000000  0.00000000  0.00000000  0.00000000
      0.0000000
   3546.1293000  0.00996100  0.00000000  0.00000000  0.00000000  0.00000000  0.00000000
      0.0000000
   1002.6808000  0.04038643  0.00000000  0.00000000  0.00000000  0.00000000  0.00000000
      0.0000000
    324.9028800  0.13067523  0.00000000  0.00000000  0.00000000  0.00000000  0.00000000
      0.0000000
    115.5122500  0.00000000  1.00000000  0.00000000  0.00000000  0.00000000  0.00000000
      0.0000000
     44.5282100  0.00000000  0.00000000  0.50403551  0.00000000  0.00000000  0.00000000
      0.0000000
     18.3978920  0.00000000  0.00000000  0.23068051  0.00000000  0.00000000  0.00000000
      0.0000000
      5.5100683  0.00000000  0.00000000  0.00000000  1.00000000  0.00000000  0.00000000
      0.0000000
      2.1259867  0.00000000  0.00000000  0.00000000  0.00000000  1.00000000  0.00000000
      0.0000000
      0.4369189  0.00000000  0.00000000  0.00000000  0.00000000  0.00000000  1.00000000
      0.0000000
      0.1573085  0.00000000  0.00000000  0.00000000  0.00000000  0.00000000  0.00000000
      1.0000000
$ P-TYPE FUNCTIONS
    9    5    0
    606.6936700  0.00232296  0.00000000  0.00000000  0.00000000  0.00000000
    143.5069600  0.01857053  0.00000000  0.00000000  0.00000000  0.00000000
     45.7461600  0.08603274  0.00000000  0.00000000  0.00000000  0.00000000
     16.8729120  0.25248431  0.00000000  0.00000000  0.00000000  0.00000000
      6.6399196  0.44632742  0.00000000  0.00000000  0.00000000  0.00000000
      2.6727135  0.00000000  1.00000000  0.00000000  0.00000000  0.00000000
      1.0000089  0.00000000  0.00000000  1.00000000  0.00000000  0.00000000
      0.3543894  0.00000000  0.00000000  0.00000000  1.00000000  0.00000000
      0.1167131  0.00000000  0.00000000  0.00000000  0.00000000  1.00000000
a 17
$ CHLORINE     (12s,9p) -> [7s,5p]                               
$ S-TYPE FUNCTIONS
   12    7    0
 117805.7900000  0.00024181  0.00000000  0.00000000  0.00000000  0.00000000  0.00000000
      0.0000000
  17660.2650000  0.00187427  0.00000000  0.00000000  0.00000000  0.00000000  0.00000000
      0.0000000
   4018.5973000  0.00973629  0.00000000  0.00000000  0.00000000  0.00000000  0.00000000
      0.0000000
   1136.2231000  0.03949475  0.00000000  0.00000000  0.00000000  0.00000000  0.00000000
      0.0000000
    368.1206200  0.12797166  0.00000000  0.00000000  0.00000000  0.00000000  0.00000000
      0.0000000
    130.8615400  0.00000000  1.00000000  0.00000000  0.00000000  0.00000000  0.00000000
      0.0000000
     50.4790110  0.00000000  0.00000000  0.42874094  0.00000000  0.00000000  0.00000000
      0.0000000
     20.9168050  0.00000000  0.00000000  0.19668493  0.00000000  0.00000000  0.00000000
      0.0000000
      6.3531388  0.00000000  0.00000000  0.00000000  1.00000000  0.00000000  0.00000000
      0.0000000
      2.4948014  0.00000000  0.00000000  0.00000000  0.00000000  1.00000000  0.00000000
      0.0000000
      0.5433595  0.00000000  0.00000000  0.00000000  0.00000000  0.00000000  1.00000000
      0.0000000
      0.1943437  0.00000000  0.00000000  0.00000000  0.00000000  0.00000000  0.00000000
      1.0000000
$ P-TYPE FUNCTIONS
    9    5    0
    681.0687900  0.00236589  0.00000000  0.00000000  0.00000000  0.00000000
    161.1135900  0.01894072  0.00000000  0.00000000  0.00000000  0.00000000
     51.3866370  0.08784513  0.00000000  0.00000000  0.00000000  0.00000000
     18.9585120  0.25707435  0.00000000  0.00000000  0.00000000  0.00000000
      3.0035158  0.37152361  0.00000000  0.00000000  0.00000000  0.00000000
      7.4565293  0.00000000  1.00000000  0.00000000  0.00000000  0.00000000
      1.0609361  0.00000000  0.00000000  1.00000000  0.00000000  0.00000000
      0.3945202  0.00000000  0.00000000  0.00000000  1.00000000  0.00000000
      0.1332328  0.00000000  0.00000000  0.00000000  0.00000000  1.00000000
a 18
$ ARGON        (12s,9p) -> [7s,5p]                               
$ S-TYPE FUNCTIONS
   12    7    0
 132594.7425500  0.00025484  0.00000000  0.00000000  0.00000000  0.00000000  0.00000000
      0.0000000
  19877.2100510  0.00197533  0.00000000  0.00000000  0.00000000  0.00000000  0.00000000
      0.0000000
   4523.0525989  0.01026246  0.00000000  0.00000000  0.00000000  0.00000000  0.00000000
      0.0000000
   1278.8031045  0.04164867  0.00000000  0.00000000  0.00000000  0.00000000  0.00000000
      0.0000000
    414.2561894  0.13513377  0.00000000  0.00000000  0.00000000  0.00000000  0.00000000
      0.0000000
    147.2419411  0.00000000  1.00000000  0.00000000  0.00000000  0.00000000  0.00000000
      0.0000000
     56.8261554  0.00000000  0.00000000  0.45141633  0.00000000  0.00000000  0.00000000
      0.0000000
     23.6040860  0.00000000  0.00000000  0.20758832  0.00000000  0.00000000  0.00000000
      0.0000000
      7.2524952  0.00000000  0.00000000  0.00000000  1.00000000  0.00000000  0.00000000
      0.0000000
      2.8892980  0.00000000  0.00000000  0.00000000  0.00000000  1.00000000  0.00000000
      0.0000000
      0.6588798  0.00000000  0.00000000  0.00000000  0.00000000  0.00000000  1.00000000
      0.0000000
      0.2343956  0.00000000  0.00000000  0.00000000  0.00000000  0.00000000  0.00000000
      1.0000000
$ P-TYPE FUNCTIONS
    9    5    0
    828.3396980  0.00217730  0.00000000  0.00000000  0.00000000  0.00000000
    196.0651076  0.01759744  0.00000000  0.00000000  0.00000000  0.00000000
     62.6812276  0.08290592  0.00000000  0.00000000  0.00000000  0.00000000
     23.2250778  0.24934103  0.00000000  0.00000000  0.00000000  0.00000000
      9.2167815  0.45327281  0.00000000  0.00000000  0.00000000  0.00000000
      3.7595533  0.00000000  1.00000000  0.00000000  0.00000000  0.00000000
      1.4316786  0.00000000  0.00000000  1.00000000  0.00000000  0.00000000
      0.5129827  0.00000000  0.00000000  0.00000000  1.00000000  0.00000000
      0.1682149  0.00000000  0.00000000  0.00000000  0.00000000  1.00000000
a 19
$ POTASSIUM    (14s,9p) -> [8s,5p]                               
$ S-TYPE FUNCTIONS
   14    8    0
 182594.2732400 -0.00022775  0.00000000  0.00000000  0.00000000  0.00000000  0.00000000
      0.0000000  0.00000000
  27369.0049860 -0.00176640  0.00000000  0.00000000  0.00000000  0.00000000  0.00000000
      0.0000000  0.00000000
   6229.1737971 -0.00919497  0.00000000  0.00000000  0.00000000  0.00000000  0.00000000
      0.0000000  0.00000000
   1764.5823486 -0.03745508  0.00000000  0.00000000  0.00000000  0.00000000  0.00000000
      0.0000000  0.00000000
    577.0512059 -0.12204454  0.00000000  0.00000000  0.00000000  0.00000000  0.00000000
      0.0000000  0.00000000
    210.2493336 -0.29898972  0.00000000  0.00000000  0.00000000  0.00000000  0.00000000
      0.0000000  0.00000000
     82.6178306  0.00000000 -0.40514697  0.00000000  0.00000000  0.00000000  0.00000000
      0.0000000  0.00000000
     33.2331845  0.00000000 -0.29253151  0.00000000  0.00000000  0.00000000  0.00000000
      0.0000000  0.00000000
      8.1064902  0.00000000  0.00000000  1.00000000  0.00000000  0.00000000  0.00000000
      0.0000000  0.00000000
      3.3340259  0.00000000  0.00000000  0.00000000  1.00000000  0.00000000  0.00000000
      0.0000000  0.00000000
      0.8455442  0.00000000  0.00000000  0.00000000  0.00000000  1.00000000  0.00000000
      0.0000000  0.00000000
      0.3282163  0.00000000  0.00000000  0.00000000  0.00000000  0.00000000  1.00000000
      0.0000000  0.00000000
      0.0364035  0.00000000  0.00000000  0.00000000  0.00000000  0.00000000  0.00000000
      1.0000000  0.00000000
      0.0176463  0.00000000  0.00000000  0.00000000  0.00000000  0.00000000  0.00000000
      0.0000000  1.00000000
$ P-TYPE FUNCTIONS
    9    5    0
    891.0544687  0.00218429  0.00000000  0.00000000  0.00000000  0.00000000
    211.0158200  0.01758911  0.00000000  0.00000000  0.00000000  0.00000000
     67.6714124  0.08177747  0.00000000  0.00000000  0.00000000  0.00000000
     25.2714881  0.00000000  0.24565632  0.00000000  0.00000000  0.00000000
     10.1389590  0.00000000  0.43398377  0.00000000  0.00000000  0.00000000
      4.2018627  0.00000000  0.36237665  0.00000000  0.00000000  0.00000000
      1.6029467  0.00000000  0.00000000  1.00000000  0.00000000  0.00000000
      0.6146125  0.00000000  0.00000000  0.00000000  1.00000000  0.00000000
      0.2219930  0.00000000  0.00000000  0.00000000  0.00000000  1.00000000
a 20
$ CALCIUM      (14s,9p) -> [8s,5p]                               
$ S-TYPE FUNCTIONS
   14    8    0
 202698.9551900  0.00022296  0.00000000  0.00000000  0.00000000  0.00000000  0.00000000
      0.0000000  0.00000000
  30382.4659150  0.00172932  0.00000000  0.00000000  0.00000000  0.00000000  0.00000000
      0.0000000  0.00000000
   6915.0833150  0.00900226  0.00000000  0.00000000  0.00000000  0.00000000  0.00000000
      0.0000000  0.00000000
   1959.0210984  0.03666989  0.00000000  0.00000000  0.00000000  0.00000000  0.00000000
      0.0000000  0.00000000
    640.9360207  0.11940987  0.00000000  0.00000000  0.00000000  0.00000000  0.00000000
      0.0000000  0.00000000
    233.9769684  0.29182526  0.00000000  0.00000000  0.00000000  0.00000000  0.00000000
      0.0000000  0.00000000
     92.2891983  0.00000000  0.40441528  0.00000000  0.00000000  0.00000000  0.00000000
      0.0000000  0.00000000
     37.2544799  0.00000000  0.29631289  0.00000000  0.00000000  0.00000000  0.00000000
      0.0000000  0.00000000
      9.1319843  0.00000000  0.00000000  1.00000000  0.00000000  0.00000000  0.00000000
      0.0000000  0.00000000
      3.8177858  0.00000000  0.00000000  0.00000000  1.00000000  0.00000000  0.00000000
      0.0000000  0.00000000
      1.0493475  0.00000000  0.00000000  0.00000000  0.00000000  1.00000000  0.00000000
      0.0000000  0.00000000
      0.4286599  0.00000000  0.00000000  0.00000000  0.00000000  0.00000000  1.00000000
      0.0000000  0.00000000
      0.0628226  0.00000000  0.00000000  0.00000000  0.00000000  0.00000000  0.00000000
      1.0000000  0.00000000
      0.0260162  0.00000000  0.00000000  0.00000000  0.00000000  0.00000000  0.00000000
      0.0000000  1.00000000
$ P-TYPE FUNCTIONS
    9    5    0
   1019.7607638 -0.00205986  0.00000000  0.00000000  0.00000000  0.00000000
    241.5963076 -0.01665008  0.00000000  0.00000000  0.00000000  0.00000000
     77.6370121 -0.07776460  0.00000000  0.00000000  0.00000000  0.00000000
     29.1154194  0.00000000 -0.24180561  0.00000000  0.00000000  0.00000000
     11.7625936  0.00000000 -0.43257799  0.00000000  0.00000000  0.00000000
      4.9228924  0.00000000 -0.36732482  0.00000000  0.00000000  0.00000000
      1.9223257  0.00000000  0.00000000  1.00000000  0.00000000  0.00000000
      0.7579620  0.00000000  0.00000000  0.00000000  1.00000000  0.00000000
      0.2843020  0.00000000  0.00000000  0.00000000  0.00000000  1.00000000
a 21
$ SCANDIUM     (14s,9p,5d) -> [8s,5p,3d]                         
$ S-TYPE FUNCTIONS
   14    8    0
 224356.9429700  0.00021996  0.00000000  0.00000000  0.00000000  0.00000000  0.00000000
      0.0000000  0.00000000
  33628.7060600  0.00170604  0.00000000  0.00000000  0.00000000  0.00000000  0.00000000
      0.0000000  0.00000000
   7654.0171483  0.00888153  0.00000000  0.00000000  0.00000000  0.00000000  0.00000000
      0.0000000  0.00000000
   2168.4396566  0.03618370  0.00000000  0.00000000  0.00000000  0.00000000  0.00000000
      0.0000000  0.00000000
    709.6266386  0.11783927  0.00000000  0.00000000  0.00000000  0.00000000  0.00000000
      0.0000000  0.00000000
    259.3173133  0.28791645  0.00000000  0.00000000  0.00000000  0.00000000  0.00000000
      0.0000000  0.00000000
    102.4780376  0.00000000  0.36705139  0.00000000  0.00000000  0.00000000  0.00000000
      0.0000000  0.00000000
     41.4431397  0.00000000  0.27161996  0.00000000  0.00000000  0.00000000  0.00000000
      0.0000000  0.00000000
     10.2018556  0.00000000  0.00000000  1.00000000  0.00000000  0.00000000  0.00000000
      0.0000000  0.00000000
      4.3044983  0.00000000  0.00000000  0.00000000  1.00000000  0.00000000  0.00000000
      0.0000000  0.00000000
      1.2219457  0.00000000  0.00000000  0.00000000  0.00000000  1.00000000  0.00000000
      0.0000000  0.00000000
      0.4972518  0.00000000  0.00000000  0.00000000  0.00000000  0.00000000  1.00000000
      0.0000000  0.00000000
      0.0727281  0.00000000  0.00000000  0.00000000  0.00000000  0.00000000  0.00000000
      1.0000000  0.00000000
      0.0293938  0.00000000  0.00000000  0.00000000  0.00000000  0.00000000  0.00000000
      0.0000000  1.00000000
$ P-TYPE FUNCTIONS
    9    5    0
   1154.9909592  0.00201027  0.00000000  0.00000000  0.00000000  0.00000000
    273.7049661  0.01630507  0.00000000  0.00000000  0.00000000  0.00000000
     88.0693273  0.07652789  0.00000000  0.00000000  0.00000000  0.00000000
     33.1107600  0.00000000  0.23950904  0.00000000  0.00000000  0.00000000
     13.4364408  0.00000000  0.43235380  0.00000000  0.00000000  0.00000000
      5.6580985  0.00000000  0.36969429  0.00000000  0.00000000  0.00000000
      2.2436704  0.00000000  0.00000000  1.00000000  0.00000000  0.00000000
      0.8879800  0.00000000  0.00000000  0.00000000  1.00000000  0.00000000
      0.3328241  0.00000000  0.00000000  0.00000000  0.00000000  1.00000000
$ D-TYPE FUNCTIONS
    5    3    0
     19.2385240  0.02705466  0.00000000  0.00000000
      5.1173306  0.13813250  0.00000000  0.00000000
      1.6549884  0.34895303  0.00000000  0.00000000
      0.5401760  0.00000000  1.00000000  0.00000000
      0.1621063  0.00000000  0.00000000  1.00000000
a 22
$ TITANIUM     (14s,9p,5d) -> [8s,5p,3d]                         
$ S-TYPE FUNCTIONS
   14    8    0
 247254.2047200 -0.00022396  0.00000000  0.00000000  0.00000000  0.00000000  0.00000000
      0.0000000  0.00000000
  37060.7475770 -0.00173712  0.00000000  0.00000000  0.00000000  0.00000000  0.00000000
      0.0000000  0.00000000
   8435.1700312 -0.00904390  0.00000000  0.00000000  0.00000000  0.00000000  0.00000000
      0.0000000  0.00000000
   2389.8299020 -0.03685082  0.00000000  0.00000000  0.00000000  0.00000000  0.00000000
      0.0000000  0.00000000
    782.2311987 -0.12004208  0.00000000  0.00000000  0.00000000  0.00000000  0.00000000
      0.0000000  0.00000000
    286.0677641 -0.29336894  0.00000000  0.00000000  0.00000000  0.00000000  0.00000000
      0.0000000  0.00000000
    113.2064433  0.00000000 -0.39817815  0.00000000  0.00000000  0.00000000  0.00000000
      0.0000000  0.00000000
     45.8457204  0.00000000 -0.29713034  0.00000000  0.00000000  0.00000000  0.00000000
      0.0000000  0.00000000
     11.3285248  0.00000000  0.00000000  1.00000000  0.00000000  0.00000000  0.00000000
      0.0000000  0.00000000
      4.8125219  0.00000000  0.00000000  0.00000000  1.00000000  0.00000000  0.00000000
      0.0000000  0.00000000
      1.3957659  0.00000000  0.00000000  0.00000000  0.00000000  1.00000000  0.00000000
      0.0000000  0.00000000
      0.5632790  0.00000000  0.00000000  0.00000000  0.00000000  0.00000000  1.00000000
      0.0000000  0.00000000
      0.0805130  0.00000000  0.00000000  0.00000000  0.00000000  0.00000000  0.00000000
      1.0000000  0.00000000
      0.0319265  0.00000000  0.00000000  0.00000000  0.00000000  0.00000000  0.00000000
      0.0000000  1.00000000
$ P-TYPE FUNCTIONS
    9    5    0
   1298.4162107  0.00202474  0.00000000  0.00000000  0.00000000  0.00000000
    307.7562578  0.01647259  0.00000000  0.00000000  0.00000000  0.00000000
     99.1312339  0.07766728  0.00000000  0.00000000  0.00000000  0.00000000
     37.3453056  0.00000000  0.24328820  0.00000000  0.00000000  0.00000000
     15.2107126  0.00000000  0.44259359  0.00000000  0.00000000  0.00000000
      6.4368981  0.00000000  0.38049636  0.00000000  0.00000000  0.00000000
      2.5843929  0.00000000  0.00000000  1.00000000  0.00000000  0.00000000
      1.0229993  0.00000000  0.00000000  0.00000000  1.00000000  0.00000000
      0.3823396  0.00000000  0.00000000  0.00000000  0.00000000  1.00000000
$ D-TYPE FUNCTIONS
    5    3    0
     23.4657510  0.02654283  0.00000000  0.00000000
      6.3332301  0.13802285  0.00000000  0.00000000
      2.0764080  0.35327843  0.00000000  0.00000000
      0.6904116  0.00000000  1.00000000  0.00000000
      0.2109252  0.00000000  0.00000000  1.00000000
a 23
$ VANADIUM     (14s,9p,5d) -> [8s,5p,3d]                         
$ S-TYPE FUNCTIONS
   14    8    0
 271348.1594400  0.00021967  0.00000000  0.00000000  0.00000000  0.00000000  0.00000000
      0.0000000  0.00000000
  40672.0050780  0.00170386  0.00000000  0.00000000  0.00000000  0.00000000  0.00000000
      0.0000000  0.00000000
   9257.0761385  0.00887137  0.00000000  0.00000000  0.00000000  0.00000000  0.00000000
      0.0000000  0.00000000
   2622.7328773  0.03615432  0.00000000  0.00000000  0.00000000  0.00000000  0.00000000
      0.0000000  0.00000000
    858.5948019  0.11780891  0.00000000  0.00000000  0.00000000  0.00000000  0.00000000
      0.0000000  0.00000000
    314.1941865  0.28802536  0.00000000  0.00000000  0.00000000  0.00000000  0.00000000
      0.0000000  0.00000000
    124.4786213  0.00000000  0.42757917  0.00000000  0.00000000  0.00000000  0.00000000
      0.0000000  0.00000000
     50.4693993  0.00000000  0.32144231  0.00000000  0.00000000  0.00000000  0.00000000
      0.0000000  0.00000000
     12.5138469  0.00000000  0.00000000  1.00000000  0.00000000  0.00000000  0.00000000
      0.0000000  0.00000000
      5.3447758  0.00000000  0.00000000  0.00000000  1.00000000  0.00000000  0.00000000
      0.0000000  0.00000000
      1.5755631  0.00000000  0.00000000  0.00000000  0.00000000  1.00000000  0.00000000
      0.0000000  0.00000000
      0.6306903  0.00000000  0.00000000  0.00000000  0.00000000  0.00000000  1.00000000
      0.0000000  0.00000000
      0.0879544  0.00000000  0.00000000  0.00000000  0.00000000  0.00000000  0.00000000
      1.0000000  0.00000000
      0.0342969  0.00000000  0.00000000  0.00000000  0.00000000  0.00000000  0.00000000
      0.0000000  1.00000000
$ P-TYPE FUNCTIONS
    9    5    0
   1450.0319327 -0.00195174  0.00000000  0.00000000  0.00000000  0.00000000
    343.7504988 -0.01592201  0.00000000  0.00000000  0.00000000  0.00000000
    110.8252171 -0.07538526  0.00000000  0.00000000  0.00000000  0.00000000
     41.8224645  0.00000000 -0.23665641  0.00000000  0.00000000  0.00000000
     17.0880737  0.00000000 -0.43346920  0.00000000  0.00000000  0.00000000
      7.2613219  0.00000000 -0.37433001  0.00000000  0.00000000  0.00000000
      2.9458145  0.00000000  0.00000000  1.00000000  0.00000000  0.00000000
      1.1650210  0.00000000  0.00000000  0.00000000  1.00000000  0.00000000
      0.4339938  0.00000000  0.00000000  0.00000000  0.00000000  1.00000000
$ D-TYPE FUNCTIONS
    5    3    0
     27.3603359  0.02664427  0.00000000  0.00000000
      7.4542766  0.13999436  0.00000000  0.00000000
      2.4632270  0.35761186  0.00000000  0.00000000
      0.8249954  0.00000000  1.00000000  0.00000000
      0.2526297  0.00000000  0.00000000  1.00000000
a 24
$ CHROMIUM     (14s,9p,5d) -> [8s,5p,3d]                         
$ S-TYPE FUNCTIONS
   14    8    0
 296910.3817500  0.00021632  0.00000000  0.00000000  0.00000000  0.00000000  0.00000000
      0.0000000  0.00000000
  44503.2979810  0.00167789  0.00000000  0.00000000  0.00000000  0.00000000  0.00000000
      0.0000000  0.00000000
  10129.0837310  0.00873677  0.00000000  0.00000000  0.00000000  0.00000000  0.00000000
      0.0000000  0.00000000
   2869.8125395  0.03561401  0.00000000  0.00000000  0.00000000  0.00000000  0.00000000
      0.0000000  0.00000000
    939.5285183  0.11612082  0.00000000  0.00000000  0.00000000  0.00000000  0.00000000
      0.0000000  0.00000000
    343.8766756  0.28429366  0.00000000  0.00000000  0.00000000  0.00000000  0.00000000
      0.0000000  0.00000000
    136.2724208  0.00000000  0.39618805  0.00000000  0.00000000  0.00000000  0.00000000
      0.0000000  0.00000000
     55.2749359  0.00000000  0.29934143  0.00000000  0.00000000  0.00000000  0.00000000
      0.0000000  0.00000000
     13.7537151  0.00000000  0.00000000  1.00000000  0.00000000  0.00000000  0.00000000
      0.0000000  0.00000000
      5.8893064  0.00000000  0.00000000  0.00000000  1.00000000  0.00000000  0.00000000
      0.0000000  0.00000000
      1.7366782  0.00000000  0.00000000  0.00000000  0.00000000  1.00000000  0.00000000
      0.0000000  0.00000000
      0.6761902  0.00000000  0.00000000  0.00000000  0.00000000  0.00000000  1.00000000
      0.0000000  0.00000000
      0.0921876  0.00000000  0.00000000  0.00000000  0.00000000  0.00000000  0.00000000
      1.0000000  0.00000000
      0.0361201  0.00000000  0.00000000  0.00000000  0.00000000  0.00000000  0.00000000
      0.0000000  1.00000000
$ P-TYPE FUNCTIONS
    9    5    0
   1608.8743670  0.00193645  0.00000000  0.00000000  0.00000000  0.00000000
    381.4298701  0.01583901  0.00000000  0.00000000  0.00000000  0.00000000
    123.0192684  0.07535015  0.00000000  0.00000000  0.00000000  0.00000000
     46.4467821  0.00000000  0.23949451  0.00000000  0.00000000  0.00000000
     19.0034948  0.00000000  0.44099403  0.00000000  0.00000000  0.00000000
      8.0889965  0.00000000  0.38019976  0.00000000  0.00000000  0.00000000
      3.3013704  0.00000000  0.00000000  1.00000000  0.00000000  0.00000000
      1.2877624  0.00000000  0.00000000  0.00000000  1.00000000  0.00000000
      0.4654684  0.00000000  0.00000000  0.00000000  0.00000000  1.00000000
$ D-TYPE FUNCTIONS
    5    3    0
     27.5467337  0.03063326  0.00000000  0.00000000
      7.4647941  0.15604066  0.00000000  0.00000000
      2.4327524  0.37003058  0.00000000  0.00000000
      0.7818782  0.00000000  1.00000000  0.00000000
      0.2197738  0.00000000  0.00000000  1.00000000
a 25
$ MANGANESE    (14s,9p,5d) -> [8s,5p,3d]                         
$ S-TYPE FUNCTIONS
   14    8    0
 323081.7447500 -0.00021859  0.00000000  0.00000000  0.00000000  0.00000000  0.00000000
      0.0000000  0.00000000
  48425.9871470 -0.00169554  0.00000000  0.00000000  0.00000000  0.00000000  0.00000000
      0.0000000  0.00000000
  11021.9284210 -0.00882905  0.00000000  0.00000000  0.00000000  0.00000000  0.00000000
      0.0000000  0.00000000
   3122.8651683 -0.03599386  0.00000000  0.00000000  0.00000000  0.00000000  0.00000000
      0.0000000  0.00000000
   1022.5702211 -0.11736441  0.00000000  0.00000000  0.00000000  0.00000000  0.00000000
      0.0000000  0.00000000
    374.5666773 -0.28725943  0.00000000  0.00000000  0.00000000  0.00000000  0.00000000
      0.0000000  0.00000000
    148.6501395  0.00000000 -0.38025988  0.00000000  0.00000000  0.00000000  0.00000000
      0.0000000  0.00000000
     60.3790568  0.00000000 -0.28945411  0.00000000  0.00000000  0.00000000  0.00000000
      0.0000000  0.00000000
     15.0612890  0.00000000  0.00000000  1.00000000  0.00000000  0.00000000  0.00000000
      0.0000000  0.00000000
      6.4827687  0.00000000  0.00000000  0.00000000  1.00000000  0.00000000  0.00000000
      0.0000000  0.00000000
      1.9535131  0.00000000  0.00000000  0.00000000  0.00000000  1.00000000  0.00000000
      0.0000000  0.00000000
      0.7701785  0.00000000  0.00000000  0.00000000  0.00000000  0.00000000  1.00000000
      0.0000000  0.00000000
      0.1019203  0.00000000  0.00000000  0.00000000  0.00000000  0.00000000  0.00000000
      1.0000000  0.00000000
      0.0386197  0.00000000  0.00000000  0.00000000  0.00000000  0.00000000  0.00000000
      0.0000000  1.00000000
$ P-TYPE FUNCTIONS
    9    5    0
   1777.8786824 -0.00193316  0.00000000  0.00000000  0.00000000  0.00000000
    421.5775418 -0.01584401  0.00000000  0.00000000  0.00000000  0.00000000
    136.1133400 -0.07556898  0.00000000  0.00000000  0.00000000  0.00000000
     51.5067786  0.00000000 -0.23597435  0.00000000  0.00000000  0.00000000
     21.1532254  0.00000000 -0.43718792  0.00000000  0.00000000  0.00000000
      9.0477144  0.00000000 -0.38024193  0.00000000  0.00000000  0.00000000
      3.7308564  0.00000000  0.00000000  1.00000000  0.00000000  0.00000000
      1.4705332  0.00000000  0.00000000  0.00000000  1.00000000  0.00000000
      0.5439184  0.00000000  0.00000000  0.00000000  0.00000000  1.00000000
$ D-TYPE FUNCTIONS
    5    3    0
     35.4248166  0.02827075  0.00000000  0.00000000
      9.7813282  0.15071665  0.00000000  0.00000000
      3.2670713  0.38158552  0.00000000  0.00000000
      1.1028272  0.00000000  1.00000000  0.00000000
      0.3374809  0.00000000  0.00000000  1.00000000
a 26
$ IRON         (14s,9p,5d) -> [8s,5p,3d]                         
$ S-TYPE FUNCTIONS
   14    8    0
 350644.1260700  0.00021930  0.00000000  0.00000000  0.00000000  0.00000000  0.00000000
      0.0000000  0.00000000
  52557.1044770  0.00170109  0.00000000  0.00000000  0.00000000  0.00000000  0.00000000
      0.0000000  0.00000000
  11962.1576030  0.00885852  0.00000000  0.00000000  0.00000000  0.00000000  0.00000000
      0.0000000  0.00000000
   3389.2987902  0.03611937  0.00000000  0.00000000  0.00000000  0.00000000  0.00000000
      0.0000000  0.00000000
   1109.9409814  0.11780528  0.00000000  0.00000000  0.00000000  0.00000000  0.00000000
      0.0000000  0.00000000
    406.7589212  0.28846626  0.00000000  0.00000000  0.00000000  0.00000000  0.00000000
      0.0000000  0.00000000
    161.5541920  0.00000000  0.38162019  0.00000000  0.00000000  0.00000000  0.00000000
      0.0000000  0.00000000
     65.6752112  0.00000000  0.29212575  0.00000000  0.00000000  0.00000000  0.00000000
      0.0000000  0.00000000
     16.4257132  0.00000000  0.00000000  1.00000000  0.00000000  0.00000000  0.00000000
      0.0000000  0.00000000
      7.0930282  0.00000000  0.00000000  0.00000000  1.00000000  0.00000000  0.00000000
      0.0000000  0.00000000
      2.1594285  0.00000000  0.00000000  0.00000000  0.00000000  1.00000000  0.00000000
      0.0000000  0.00000000
      0.8477135  0.00000000  0.00000000  0.00000000  0.00000000  0.00000000  1.00000000
      0.0000000  0.00000000
      0.1107950  0.00000000  0.00000000  0.00000000  0.00000000  0.00000000  0.00000000
      1.0000000  0.00000000
      0.0413168  0.00000000  0.00000000  0.00000000  0.00000000  0.00000000  0.00000000
      0.0000000  1.00000000
$ P-TYPE FUNCTIONS
    9    5    0
   1953.6045319  0.00193816  0.00000000  0.00000000  0.00000000  0.00000000
    463.2931407  0.01591620  0.00000000  0.00000000  0.00000000  0.00000000
    149.6749333  0.07614915  0.00000000  0.00000000  0.00000000  0.00000000
     56.7071120  0.00000000  0.23624430  0.00000000  0.00000000  0.00000000
     23.3410289  0.00000000  0.43978885  0.00000000  0.00000000  0.00000000
     10.0113932  0.00000000  0.38362586  0.00000000  0.00000000  0.00000000
      4.1564020  0.00000000  0.00000000  1.00000000  0.00000000  0.00000000
      1.6369583  0.00000000  0.00000000  0.00000000  1.00000000  0.00000000
      0.6037630  0.00000000  0.00000000  0.00000000  0.00000000  1.00000000
$ D-TYPE FUNCTIONS
    5    3    0
     38.9664424  0.02788407  0.00000000  0.00000000
     10.7989709  0.14863135  0.00000000  0.00000000
      3.6129748  0.36912959  0.00000000  0.00000000
      1.2130286  0.00000000  1.00000000  0.00000000
      0.3652398  0.00000000  0.00000000  1.00000000
a 27
$ COBALT       (14s,9p,5d) -> [8s,5p,3d]                         
$ S-TYPE FUNCTIONS
   14    8    0
 379411.7746100 -0.00021548  0.00000000  0.00000000  0.00000000  0.00000000  0.00000000
      0.0000000  0.00000000
  56868.9343960 -0.00167144  0.00000000  0.00000000  0.00000000  0.00000000  0.00000000
      0.0000000  0.00000000
  12943.6084620 -0.00870445  0.00000000  0.00000000  0.00000000  0.00000000  0.00000000
      0.0000000  0.00000000
   3667.4532601 -0.03549617  0.00000000  0.00000000  0.00000000  0.00000000  0.00000000
      0.0000000  0.00000000
   1201.1404591 -0.11581023  0.00000000  0.00000000  0.00000000  0.00000000  0.00000000
      0.0000000  0.00000000
    440.3391948 -0.28374608  0.00000000  0.00000000  0.00000000  0.00000000  0.00000000
      0.0000000  0.00000000
    175.0003530  0.00000000 -0.38404173  0.00000000  0.00000000  0.00000000  0.00000000
      0.0000000  0.00000000
     71.1909815  0.00000000 -0.29545416  0.00000000  0.00000000  0.00000000  0.00000000
      0.0000000  0.00000000
     17.8490079  0.00000000  0.00000000  1.00000000  0.00000000  0.00000000  0.00000000
      0.0000000  0.00000000
      7.7276070  0.00000000  0.00000000  0.00000000  1.00000000  0.00000000  0.00000000
      0.0000000  0.00000000
      2.3708061  0.00000000  0.00000000  0.00000000  0.00000000  1.00000000  0.00000000
      0.0000000  0.00000000
      0.9262827  0.00000000  0.00000000  0.00000000  0.00000000  0.00000000  1.00000000
      0.0000000  0.00000000
      0.1190862  0.00000000  0.00000000  0.00000000  0.00000000  0.00000000  0.00000000
      1.0000000  0.00000000
      0.0437824  0.00000000  0.00000000  0.00000000  0.00000000  0.00000000  0.00000000
      0.0000000  1.00000000
$ P-TYPE FUNCTIONS
    9    5    0
   2137.6007768 -0.00190579  0.00000000  0.00000000  0.00000000  0.00000000
    506.9729217 -0.01567839  0.00000000  0.00000000  0.00000000  0.00000000
    163.8752488 -0.07522963  0.00000000  0.00000000  0.00000000  0.00000000
     62.1518990  0.00000000 -0.23369231  0.00000000  0.00000000  0.00000000
     25.6323314  0.00000000 -0.43693103  0.00000000  0.00000000  0.00000000
     11.0207390  0.00000000 -0.38210863  0.00000000  0.00000000  0.00000000
      4.6024341  0.00000000  0.00000000  1.00000000  0.00000000  0.00000000
      1.8102832  0.00000000  0.00000000  0.00000000  1.00000000  0.00000000
      0.6656922  0.00000000  0.00000000  0.00000000  0.00000000  1.00000000
$ D-TYPE FUNCTIONS
    5    3    0
     42.9243728  0.02975487  0.00000000  0.00000000
     11.9408096  0.15885714  0.00000000  0.00000000
      4.0037210  0.38970618  0.00000000  0.00000000
      1.3412567  0.00000000  0.49652611  0.00000000
      0.4001124  0.00000000  0.00000000  0.32719933
a 28
$ NICKEL       (14s,9p,5d) -> [8s,5p,3d]                         
$ S-TYPE FUNCTIONS
   14    8    0
 409347.8689900  0.00021252  0.00000000  0.00000000  0.00000000  0.00000000  0.00000000
      0.0000000  0.00000000
  61355.8392550  0.00164849  0.00000000  0.00000000  0.00000000  0.00000000  0.00000000
      0.0000000  0.00000000
  13964.8581280  0.00858533  0.00000000  0.00000000  0.00000000  0.00000000  0.00000000
      0.0000000  0.00000000
   3956.8598699  0.03501533  0.00000000  0.00000000  0.00000000  0.00000000  0.00000000
      0.0000000  0.00000000
   1296.0290474  0.11427673  0.00000000  0.00000000  0.00000000  0.00000000  0.00000000
      0.0000000  0.00000000
    475.2787652  0.28015250  0.00000000  0.00000000  0.00000000  0.00000000  0.00000000
      0.0000000  0.00000000
    188.9883878  0.00000000  0.39246284  0.00000000  0.00000000  0.00000000  0.00000000
      0.0000000  0.00000000
     76.9287370  0.00000000  0.30331302  0.00000000  0.00000000  0.00000000  0.00000000
      0.0000000  0.00000000
     19.3318287  0.00000000  0.00000000  1.00000000  0.00000000  0.00000000  0.00000000
      0.0000000  0.00000000
      8.3876400  0.00000000  0.00000000  0.00000000  1.00000000  0.00000000  0.00000000
      0.0000000  0.00000000
      2.5894343  0.00000000  0.00000000  0.00000000  0.00000000  1.00000000  0.00000000
      0.0000000  0.00000000
      1.0071375  0.00000000  0.00000000  0.00000000  0.00000000  0.00000000  1.00000000
      0.0000000  0.00000000
      0.1273257  0.00000000  0.00000000  0.00000000  0.00000000  0.00000000  0.00000000
      1.0000000  0.00000000
      0.0461898  0.00000000  0.00000000  0.00000000  0.00000000  0.00000000  0.00000000
      0.0000000  1.00000000
$ P-TYPE FUNCTIONS
    9    5    0
   2329.8384386 -0.00184142  0.00000000  0.00000000  0.00000000  0.00000000
    552.6069302 -0.01517369  0.00000000  0.00000000  0.00000000  0.00000000
    178.7119358 -0.07300467  0.00000000  0.00000000  0.00000000  0.00000000
     67.8417508  0.00000000 -0.23224845  0.00000000  0.00000000  0.00000000
     28.0280335  0.00000000 -0.43596047  0.00000000  0.00000000  0.00000000
     12.0764692  0.00000000 -0.38213786  0.00000000  0.00000000  0.00000000
      5.0694187  0.00000000  0.00000000  1.00000000  0.00000000  0.00000000
      1.9911895  0.00000000  0.00000000  0.00000000  1.00000000  0.00000000
      0.7300689  0.00000000  0.00000000  0.00000000  0.00000000  1.00000000
$ D-TYPE FUNCTIONS
    5    3    0
     47.0883036  0.03152258  0.00000000  0.00000000
     13.1440672  0.16855326  0.00000000  0.00000000
      4.4158590  0.40930005  0.00000000  0.00000000
      1.4769997  0.00000000  0.51501528  0.00000000
      0.4372896  0.00000000  0.00000000  0.33962671
a 29
$ COPPER       (14s,9p,5d) -> [8s,5p,3d]                         
$ S-TYPE FUNCTIONS
   14    8    0
 441087.2507000 -0.00021814  0.00000000  0.00000000  0.00000000  0.00000000  0.00000000
      0.0000000  0.00000000
  66112.0211870 -0.00169219  0.00000000  0.00000000  0.00000000  0.00000000  0.00000000
      0.0000000  0.00000000
  15047.0114250 -0.00881371  0.00000000  0.00000000  0.00000000  0.00000000  0.00000000
      0.0000000  0.00000000
   4263.4273084 -0.03595466  0.00000000  0.00000000  0.00000000  0.00000000  0.00000000
      0.0000000  0.00000000
   1396.3815797 -0.11742970  0.00000000  0.00000000  0.00000000  0.00000000  0.00000000
      0.0000000  0.00000000
    511.9605579 -0.28844267  0.00000000  0.00000000  0.00000000  0.00000000  0.00000000
      0.0000000  0.00000000
    203.4542695  0.00000000 -0.42678899  0.00000000  0.00000000  0.00000000  0.00000000
      0.0000000  0.00000000
     82.7923370  0.00000000 -0.33044129  0.00000000  0.00000000  0.00000000  0.00000000
      0.0000000  0.00000000
     20.8542856  0.00000000  0.00000000  1.00000000  0.00000000  0.00000000  0.00000000
      0.0000000  0.00000000
      9.0410680  0.00000000  0.00000000  0.00000000  1.00000000  0.00000000  0.00000000
      0.0000000  0.00000000
      2.7518135  0.00000000  0.00000000  0.00000000  0.00000000  1.00000000  0.00000000
      0.0000000  0.00000000
      1.0434857  0.00000000  0.00000000  0.00000000  0.00000000  0.00000000  1.00000000
      0.0000000  0.00000000
      0.1117229  0.00000000  0.00000000  0.00000000  0.00000000  0.00000000  0.00000000
      1.0000000  0.00000000
      0.0410410  0.00000000  0.00000000  0.00000000  0.00000000  0.00000000  0.00000000
      0.0000000  1.00000000
$ P-TYPE FUNCTIONS
    9    5    0
   2530.0965671  0.00191379  0.00000000  0.00000000  0.00000000  0.00000000
    600.0979295  0.01579767  0.00000000  0.00000000  0.00000000  0.00000000
    194.0820448  0.07627126  0.00000000  0.00000000  0.00000000  0.00000000
     73.6718214  0.00000000  0.23881452  0.00000000  0.00000000  0.00000000
     30.4473697  0.00000000  0.44980016  0.00000000  0.00000000  0.00000000
     13.1227149  0.00000000  0.39337682  0.00000000  0.00000000  0.00000000
      5.5214840  0.00000000  0.00000000  1.00000000  0.00000000  0.00000000
      2.1457922  0.00000000  0.00000000  0.00000000  1.00000000  0.00000000
      0.7679749  0.00000000  0.00000000  0.00000000  0.00000000  1.00000000
$ D-TYPE FUNCTIONS
    5    3    0
     47.3137437  0.03239976  0.00000000  0.00000000
     13.1546884  0.16822707  0.00000000  0.00000000
      4.3662886  0.38494430  0.00000000  0.00000000
      1.4122066  0.00000000  1.00000000  0.00000000
      0.3884071  0.00000000  0.00000000  1.00000000
a 30
$ ZINC         (13s,9p,5d) -> [8s,5p,3d]                         
$ S-TYPE FUNCTIONS
   14    8    0
 472745.9416400 -0.00021701  0.00000000  0.00000000  0.00000000  0.00000000  0.00000000
      0.0000000  0.00000000
  70858.0994840 -0.00168338  0.00000000  0.00000000  0.00000000  0.00000000  0.00000000
      0.0000000  0.00000000
  16127.6397330 -0.00876775  0.00000000  0.00000000  0.00000000  0.00000000  0.00000000
      0.0000000  0.00000000
   4569.7614320 -0.03576876  0.00000000  0.00000000  0.00000000  0.00000000  0.00000000
      0.0000000  0.00000000
   1496.9765379 -0.11680699  0.00000000  0.00000000  0.00000000  0.00000000  0.00000000
      0.0000000  0.00000000
    549.2564689 -0.28670653  0.00000000  0.00000000  0.00000000  0.00000000  0.00000000
      0.0000000  0.00000000
    218.5901101  0.00000000 -0.42684317  0.00000000  0.00000000  0.00000000  0.00000000
      0.0000000  0.00000000
     89.0688233  0.00000000 -0.33251990  0.00000000  0.00000000  0.00000000  0.00000000
      0.0000000  0.00000000
     22.4757517  0.00000000  0.00000000  1.00000000  0.00000000  0.00000000  0.00000000
      0.0000000  0.00000000
      9.7836991  0.00000000  0.00000000  0.00000000  1.00000000  0.00000000  0.00000000
      0.0000000  0.00000000
      3.0476098  0.00000000  0.00000000  0.00000000  0.00000000  1.00000000  0.00000000
      0.0000000  0.00000000
      1.1751310  0.00000000  0.00000000  0.00000000  0.00000000  0.00000000  1.00000000
      0.0000000  0.00000000
      0.1433674  0.00000000  0.00000000  0.00000000  0.00000000  0.00000000  0.00000000
      1.0000000  0.00000000
      0.0507615  0.00000000  0.00000000  0.00000000  0.00000000  0.00000000  0.00000000
      0.0000000  1.00000000
$ P-TYPE FUNCTIONS
    9    5    0
   2738.9909849 -0.00187091  0.00000000  0.00000000  0.00000000  0.00000000
    649.7299520 -0.01546153  0.00000000  0.00000000  0.00000000  0.00000000
    210.2912907 -0.07475263  0.00000000  0.00000000  0.00000000  0.00000000
     79.9543604  0.00000000 -0.23286955  0.00000000  0.00000000  0.00000000
     33.1312904  0.00000000 -0.44019360  0.00000000  0.00000000  0.00000000
     14.3263958  0.00000000 -0.38736391  0.00000000  0.00000000  0.00000000
      6.0658647  0.00000000  0.00000000  1.00000000  0.00000000  0.00000000
      2.3753720  0.00000000  0.00000000  0.00000000  1.00000000  0.00000000
      0.8659632  0.00000000  0.00000000  0.00000000  0.00000000  1.00000000
$ D-TYPE FUNCTIONS
    5    3    0
     56.0796648  0.02959823  0.00000000  0.00000000
     15.7482591  0.15879185  0.00000000  0.00000000
      5.3098928  0.37984178  0.00000000  0.00000000
      1.7734653  0.00000000  1.00000000  0.00000000
      0.5196323  0.00000000  0.00000000  1.00000000


