$Basis = ano-3
$  REFERENCE
$***********************************************************************
/Sc.ano.Pou.21s15p10d6f4g.8s7p6d5f4g.
R. Pou-Amerigo, M. Merchan, I. Nesbot-Gil, P.-O. Widmark and B.O. Roos
Theor. Chim. Acta, 92, 149 (1995)
************************************************************************
* Sc Scandium atom                                                     *
* Basic primitive: 20s12p9d from                                       *
*                  H. Partridge, J. Chem. Phys., 90, 1043 (1989)       *
* Augmented: 1s even-tempered continuation with beta=0.4               *
*            3p even-tempered continuation with beta=0.4               *
*            1d even-tempered continuation with beta=0.4               *
*            6f 5 optimized with respect to MCPF energy, 1 diffuse     *
*               added as an even-tempered continuation.                *
*            4g 3 optimized with respect to MCPF energy, 1 diffuse     *
*               added as an even-tempered continuation.                *
*                                                                      *
* Contraction:   State      Field  Method  Weight                      *
*              Sc 2D(ds2)   0.000   MCPF    0.200                      *
*              Sc 2D(ds2)   0.010   MCPF    0.200                      *
*              Sc 4F(d2s)   0.000   MCPF    0.200                      *
*              Sc 2D(d3)    0.000   MCPF    0.200                      *
*              Sc+ 3D(ds)   0.000   MCPF    0.200                      *
*                                                                      *
* Contraction range: 5s3p2d   - 6s5p4d3f2g for SCF                     *
*                    5s4p3d2f - 8s7p6d5f4g for correlation             *
*                                                                      *
************************************************************************
a 21
*  s-type ANO's (max 8 functions can be used)
   21    8
2715278. 406598.4 92530.04 26207.92 8549.429 3085.975 1203.172 498.4869
216.7360 97.87476 45.20433 20.21187 9.574751 4.540346 1.995687 0.942215
0.417845 0.095761 0.051351 0.023878 0.009551
.00000904 -.0000026 .00000093 -.0000002 .00000033 -.0000005 .00000060 -.0000001
.00007025 -.0000206 .00000725 -.0000018 .00000259 -.0000038 .00000508 -.0000006
.00036936 -.0001083 .00003813 -.0000094 .00001336 -.0000189 .00002328 -.0000032
.00155734 -.0004572 .00016110 -.0000397 .00005779 -.0000858 .00011736 -.0000147
.00563817 -.0016613 .00058525 -.0001442 .00020373 -.0002847 .00033930 -.0000471
.01806446 -.0053748 .00189710 -.0004669 .00068535 -.0010311 .00144768 -.0001781
.05144548 -.0156732 .00554026 -.0013666 .00191409 -.0026293 .00299552 -.0004298
.12707079 -.0408387 .01453926 -.0035806 .00531269 -.0081465 .01185638 -.0014226
.25490555 -.0918668 .03306537 -.0081804 .01128466 -.0150018 .01553214 -.0024011
.36017448 -.1648338 .06115124 -.0151200 .02309854 -.0371952 .05878879 -.0066727
.26994142 -.1809127 .07020757 -.0175994 .02223441 -.0235795 .00528309 -.0031433
.06163753 .05165397 -.0211135 .00550800 .00012429 -.0227982 .09434564 -.0060979
-.0013701 .50474999 -.2706528 .07005315 -.1221890 .23648629 -.4657996 .04625288
.00205343 .50458120 -.4405492 .12312721 -.1477969 .13085046 .10415482 .01739344
-.0009541 .09393705 .06285392 -.0280459 -.0347018 .23841114 -.8841851 .04824636
.00043552 -.0029708 .71691262 -.2441728 .64622191 -1.771166 4.0066269 -.4068684
-.0001870 .00248254 .44287952 -.3251997 .15556924 1.2977682 -4.978949 .46797935
.00009671 -.0008017 .02330734 .35832951 -2.276167 3.2708298 7.8741989 .69915480
-.0000937 .00076538 -.0137221 .60752195 1.1541231 -6.650447 -9.856282 -3.304069
.00004126 -.0003371 .00463010 .20971754 .73089925 4.2639247 5.3279198 4.8196833
-.0000096 .00007798 -.0009669 .00735932 .10275994 -.7124651 -1.369138 -2.858962
*  p-type ANO's (max 8 functions can be used)
   15    8
4609.885 1092.156 354.3368 134.8076 56.60258 25.33410 11.74033 5.569259
2.594958 1.196351 0.535059 0.220776 0.088310 0.035324 0.014130
.00019182 -.0000645 .00001892 -.0000241 .00003139 -.0000037 .00006720 -.0000396
.00168006 -.0005647 .00016799 -.0002160 .00028193 -.0000938 .00033047 -.0014404
.00927532 -.0031416 .00092264 -.0011749 .00153073 -.0001810 .00327359 -.0018847
.03752902 -.0128483 .00382999 -.0049286 .00643366 -.0021692 .00731896 -.0337975
.11490240 -.0405378 .01193472 -.0152035 .01981904 -.0018707 .04399471 -.0189630
.25439248 -.0928768 .02796506 -.0361671 .04726485 -.0184364 .04132905 -.2979571
.37991661 -.1476504 .04354371 -.0555018 .07284368 .00517068 .21606005 .16715276
.30955557 -.1128068 .03528510 -.0466614 .06440105 -.0738196 -.0475428 -1.428201
.08713977 .15761618 -.0616862 .08722143 -.1191742 .14285677 .23806451 4.5042552
.00256096 .47136955 -.1580190 .22269449 -.3825440 -.0968099 -2.558569 -5.544320
.00122683 .43009952 -.2229972 .36197365 -.3938980 .45403423 4.3170993 3.9291453
-.0004759 .10180833 .15843483 -.8883579 2.1980040 -1.452990 -3.681830 -2.100567
.00022635 -.0018422 .70244749 -.4095998 -2.396920 2.6286388 2.2837762 1.0553862
-.0001110 .00290251 .28120425 .91905928 .89636097 -3.132493 -1.073706 -.4728277
.00003471 -.0007827 .01348198 .21314873 .35148686 1.9608482 .28495095 .13772781
*  d-type ANO's (max 7 functions can be used)
   10    7
110.2197 32.80041 12.31300 5.063819 2.225547 0.992343 0.436361 0.185705
0.073441 0.029376
.00082585 -.0007236 .00088824 -.0007975 .00131877 -.0036950 .00110288
.00668105 -.0058209 .00727289 -.0057483 .01552580 -.0213439 .07947005
.02815944 -.0247912 .03053473 -.0273494 .04659408 -.1348030 .09063475
.08372592 -.0737296 .09263052 -.0710894 .20849078 -.2829933 1.6050708
.17840105 -.1578620 .19890523 -.1928455 .28675455 -1.071023 -2.930515
.26729481 -.2208510 .26567709 -.1787391 .58272511 2.6062301 2.6097903
.30373222 -.2096235 .09014133 -.0390972 -2.164669 -2.436834 -1.621585
.29501849 .05386544 -.6584846 1.3740417 2.1845099 1.4501945 .80947036
.19903618 .43826457 -.3970143 -1.985883 -1.256169 -.6679429 -.3463679
.09880504 .51004476 .89538505 1.1614700 .44271166 .22240725 .11286978
*  f-type ANO's (max 6 functions can be used)
    6    6
2.8415 1.1263 0.4464 0.1769 0.0701 0.0278
.03457755 -.0957320 .13599954 -.1894770 .31414809 -1.344270
.09785268 -.2169838 .33213274 -.5194471 .70431127 1.6594916
.34953556 -.5764450 .49380454 .66751872 -1.352901 -1.143936
.54494830 .14682811 -1.247700 .04262355 1.4119183 .64161627
.23054038 .57506501 .81525437 -.9362398 -1.286217 -.3300441
.03096216 .20992137 .20469111 1.0698116 .85106694 .12763307
*  g-type ANO's (max 4 functions can be used)
    4    4
1.6071 0.6317 0.2483 0.0976
-.0312478 -.1712605 -.4598869 -.8738988
-.1991247 -.4022881 -.1843861 1.1260636
-.4351061 .05517028 .75066198 -.8596191
-.1645448 .44274085 -.6996142 .42599543
************************************************************************
/Ti.ano.Pou.21s15p10d6f4g.8s7p6d5f4g.
R. Pou-Amerigo, M. Merchan, I. Nesbot-Gil, P.-O. Widmark and B.O. Roos
Theor. Chim. Acta, 92, 149 (1995)
************************************************************************
* Ti Titanium atom                                                     *
* Basic primitive: 20s12p9d from                                       *
*                  H. Partridge, J. Chem. Phys., 90, 1043 (1989)       *
* Augmented: 1s even-tempered continuation with beta=0.4               *
*            3p even-tempered continuation with beta=0.4               *
*            1d even-tempered continuation with beta=0.4               *
*            6f 5 optimized with respect to MCPF energy, 1 diffuse     *
*               added as an even-tempered continuation.                *
*            4g 3 optimized with respect to MCPF energy, 1 diffuse     *
*               added as an even-tempered continuation.                *
*                                                                      *
* Contraction:   State      Field  Method  Weight                      *
*              Ti 3F(d2s2)  0.000   MCPF    0.200                      *
*              Ti 3F(d2s2)  0.010   MCPF    0.200                      *
*              Ti 5F(d3s)   0.000   MCPF    0.200                      *
*              Ti 5D(d4)    0.000   MCPF    0.200                      *
*              Ti+ 4F(d2s)  0.000   MCPF    0.200                      *
*                                                                      *
* Contraction range: 5s3p2d   - 6s5p4d3f2g for SCF                     *
*                    5s4p3d2f - 8s7p6d5f4g for correlation             *
*                                                                      *
************************************************************************
a 22
*  s-type ANO's (max 8 functions can be used)
   21    8
3014643. 451432.9 102733.8 29098.17 9492.330 3426.346 1335.896 553.5026
240.6925 108.7293 50.26457 22.58004 10.71432 5.093546 2.244183 1.059570
0.468849 0.106143 0.055262 0.025465 0.010186
.00000891 -.0000026 .00000094 -.0000002 .00000033 -.0000007 .00000070 -.0000008
.00006931 -.0000205 .00000732 -.0000018 .00000263 -.0000053 .00000531 -.0000053
.00036438 -.0001077 .00003850 -.0000095 .00001351 -.0000263 .00002922 -.0000328
.00153639 -.0004548 .00016265 -.0000401 .00005873 -.0001200 .00011605 -.0001114
.00556285 -.0016529 .00059092 -.0001458 .00020574 -.0003962 .00045565 -.0005304
.01782861 -.0053485 .00191602 -.0004727 .00069769 -.0014435 .00134216 -.0012205
.05081175 -.0156089 .00559924 -.0013822 .00193149 -.0036579 .00441363 -.0053556
.12571796 -.0407222 .01471713 -.0036347 .00543140 -.0114497 .01006047 -.0083821
.25299347 -.0918764 .03356771 -.0083071 .01140247 -.0209347 .02766255 -.0360300
.35959434 -.1655028 .06237534 -.0154849 .02391928 -.0529136 .04026955 -.0248957
.27246952 -.1836009 .07240544 -.0181067 .02240972 -.0331418 .07324128 -.1229543
.06359557 .04772324 -.0196954 .00495788 .00244168 -.0357299 -.0567999 .17036170
-.0012245 .50578507 -.2781485 .07274548 -.1299470 .34737593 -.1696599 -.0254700
.00201172 .50661982 -.4477923 .12462260 -.1441239 .19621750 -.7656318 1.4237522
-.0009357 .09464746 .07571834 -.0301251 -.0426621 .21600547 1.3773327 -3.699968
.00042046 -.0028028 .72182448 -.2547207 .68771072 -2.542895 .71862212 3.4250863
-.0001776 .00244130 .43305367 -.3112813 .08970366 2.5344706 -2.567077 -1.009540
.00008641 -.0007298 .02190391 .39641780 -2.200716 .65481184 5.2087230 -2.395333
-.0000829 .00069792 -.0125651 .58239439 1.1681766 -3.078388 -5.982957 5.6662256
.00003762 -.0003147 .00450143 .19898058 .68247571 2.1852588 1.8991192 -5.711711
-.0000090 .00007494 -.0009663 .00465101 .09670204 -.1213722 .47574667 2.6957932
*  p-type ANO's (max 8 functions can be used)
   15    8
5181.157 1227.461 398.2712 151.5867 63.69633 28.54733 13.26129 6.310352
2.951875 1.365370 0.611415 0.252548 0.101019 0.040408 0.016163
.00018724 -.0000643 .00001778 -.0000246 .00003719 -.0000550 .00003441 -.0001113
.00164139 -.0005635 .00015781 -.0002160 .00030354 -.0004423 .00074567 -.0009738
.00908304 -.0031425 .00086992 -.0012036 .00181821 -.0026841 .00167516 -.0054266
.03689507 -.0129043 .00362099 -.0049522 .00694324 -.0100919 .01739889 -.0230149
.11355987 -.0409507 .01136286 -.0157336 .02391533 -.0352776 .01936750 -.0750654
.25317899 -.0946030 .02679911 -.0365861 .05029716 -.0726365 .14811200 -.1777275
.38016762 -.1513956 .04214155 -.0594490 .09593973 -.1449412 -.0041436 -.2974459
.31019996 -.1141409 .03368180 -.0467846 .05786017 -.1424794 .63592456 -.1734499
.08777409 .16320565 -.0589850 .07944795 -.0884661 .31125939 -1.912957 2.9032510
.00294909 .47321733 -.1512272 .27628381 -.6566446 1.4389468 1.3110787 -4.899060
.00131937 .42451323 -.2034795 .27142188 .11031284 -2.780887 .71779745 4.6091875
-.0004215 .10183772 .11806167 -.7924697 1.6148571 1.8524065 -2.240148 -3.463537
.00021981 -.0016787 .69383947 -.4631748 -1.748496 -.0721023 2.9090753 2.5609351
-.0001063 .00283921 .31458515 .84321160 .31630342 -1.149425 -2.706450 -1.743320
.00003319 -.0007664 .01638688 .29045090 .63388041 .97774753 1.4239416 .76948015
*  d-type ANO's (max 7 functions can be used)
   10    7
134.3565 40.04189 15.12976 6.276990 2.781410 1.253602 0.557405 0.239759
0.095287 0.038115
.00082946 -.0006682 .00107015 -.0014503 .00228582 -.0031294 .00263994
.00686716 -.0054960 .00903555 -.0123965 .01652191 -.0294725 .06166057
.02978288 -.0241325 .03925759 -.0542237 .08713506 -.1321644 .16344794
.08973599 -.0729395 .12440155 -.1780062 .25177544 -.5363538 1.4012817
.19339831 -.1579535 .25010252 -.3354542 .54086998 -.2259544 -3.035784
.28934684 -.2164335 .28000335 -.1876683 -.6428651 1.9976274 3.1787823
.31794406 -.1822406 -.0889985 .78380039 -.8091268 -2.726692 -2.313647
.27588611 .12624548 -.6260252 .22363428 1.8533725 2.1638257 1.3279953
.15938332 .44805135 -.2487541 -1.287601 -1.651052 -1.240251 -.6350705
.07054351 .48413331 .81573964 .96413095 .76643894 .47141590 .22119573
*  f-type ANO's (max 6 functions can be used)
    6    6
4.2464 1.6831 .6671 .2644 .1048 .0415
.03908396 -.1220177 .23859369 -.4630200 .67086609 -1.110240
.13383140 -.3671189 .55423570 -.3852201 -.4990389 1.6821543
.36510792 -.4991231 -.1951449 1.1262301 -.2326857 -1.594071
.49496780 .25518397 -.7351700 -.8960775 .95139916 1.3132548
.25144472 .52213820 .65679222 .01836808 -1.381738 -1.002721
.03832938 .11207232 .26902177 .58238478 1.1075790 .56138082
*  g-type ANO's (max 4 functions can be used)
    4    4
2.4017 .9440 .3710 .1458
.10521998 -.3879583 -.5401546 -.9712723
.33971686 -.5519254 .06154673 1.4279071
.56411761 .18037356 .63268065 -1.206525
.28531137 .60415486 -.6737787 .63051175
************************************************************************
/V.ano.Pou.21s15p10d6f4g.8s7p6d5f4g.
R. Pou-Amerigo, M. Merchan, I. Nesbot-Gil, P.-O. Widmark and B.O. Roos
Theor. Chim. Acta, 92, 149 (1995)
************************************************************************
* V Vanadium atom                                                      *
* Basic primitive: 20s12p9d from                                       *
*                  H. Partridge, J. Chem. Phys., 90, 1043 (1989)       *
* Augmented: 1s even-tempered continuation with beta=0.4               *
*            3p even-tempered continuation with beta=0.4               *
*            1d even-tempered continuation with beta=0.4               *
*            6f 5 optimized with respect to MCPF energy, 1 diffuse     *
*               added as an even-tempered continuation.                *
*            4g 3 optimized with respect to MCPF energy, 1 diffuse     *
*               added as an even-tempered continuation.                *
*                                                                      *
* Contraction:   State     Field  Method  Weight                       *
*              V 4F(d3s2)  0.000   MCPF    0.200                       *
*              V 4F(d3s2)  0.010   MCPF    0.200                       *
*              V 6D(d4s)   0.000   MCPF    0.200                       *
*              V 6S(d5)    0.000   MCPF    0.200                       *
*              V+ 5D(d4)   0.000   MCPF    0.200                       *
*                                                                      *
* Contraction range: 5s3p2d   - 6s5p4d3f2g for SCF                     *
*                    5s4p3d2f - 8s7p6d5f4g for correlation             *
*                                                                      *
************************************************************************
a 23
*  s-type ANO's (max 8 functions can be used)
   21    8
3321857. 497435.6 113202.7 32063.33 10459.62 3775.506 1472.040 609.9331
265.2634 119.8607 55.44891 24.98372 11.88056 5.660311 2.495703 1.177866
0.520044 0.115965 0.058938 0.026946 0.010778
.00000883 -.0000026 .00000095 -.0000002 .00000041 -.0000007 .00000070 -.0000010
.00006866 -.0000204 .00000739 -.0000017 .00000326 -.0000054 .00000520 -.0000068
.00036099 -.0001075 .00003887 -.0000092 .00001661 -.0000272 .00002906 -.0000415
.00152213 -.0004539 .00016423 -.0000387 .00007314 -.0001222 .00011320 -.0001445
.00551165 -.0016501 .00059669 -.0001408 .00025215 -.0004100 .00045534 -.0006669
.01766850 -.0053400 .00193533 -.0004567 .00087231 -.0014655 .00130153 -.0016013
.05038288 -.0155934 .00565819 -.0013356 .00235836 -.0038066 .00443916 -.0066923
.12480875 -.0407234 .01489218 -.0035183 .00683812 -.0115934 .00968596 -.0112466
.25172615 -.0920841 .03404071 -.0080547 .01385685 -.0220919 .02820132 -.0447482
.35922653 -.1663647 .06349336 -.0150827 .03069543 -.0533435 .03801966 -.0365416
.27416445 -.1858041 .07421806 -.0177395 .02615091 -.0382363 .07857070 -.1494322
.06486325 .04585458 -.0190800 .00455364 .00874491 -.0290722 -.0683235 .19110584
-.0011662 .50807061 -.2857174 .07165822 -.1768010 .34559817 -.1473641 .06905681
.00198280 .50692043 -.4524590 .12029781 -.1591614 .25792818 -.8290211 1.6920091
-.0009224 .09430995 .09007795 -.0329731 -.0836276 .02175315 1.6312245 -4.969674
.00040988 -.0027022 .72508737 -.2473306 1.0114782 -2.402806 .23192924 5.2939638
-.0001702 .00240065 .42300422 -.2854831 -.2280242 2.7076750 -2.152147 -2.397203
.00007885 -.0006790 .02042977 .35331149 -2.269501 -.2510840 4.8952066 -.6675687
-.0000752 .00064630 -.0116477 .59079651 1.6065987 -2.025435 -5.963571 3.3872267
.00003493 -.0002988 .00432259 .22227516 .30163731 1.7930871 2.1703029 -4.301866
-.0000085 .00007268 -.0009541 .00404189 .13033433 -.0337238 .37871365 2.2468474
*  p-type ANO's (max 8 functions can be used)
   15    8
5777.377 1368.674 444.1233 169.0991 71.10191 31.90311 14.85109 7.085227
3.324422 1.541164 0.690520 0.285424 0.114170 0.045668 0.018267
.00018364 -.0000641 .00001786 -.0000293 .00003757 -.0000574 .00004717 -.0001129
.00161110 -.0005626 .00015831 -.0002555 .00031060 -.0004796 .00079787 -.0008559
.00893306 -.0031441 .00087602 -.0014369 .00184297 -.0028100 .00232320 -.0057177
.03640766 -.0129556 .00365295 -.0058937 .00715633 -.0110448 .01874096 -.0201905
.11255928 -.0413180 .01154370 -.0189794 .02447013 -.0372458 .02910045 -.0805350
.25238886 -.0961060 .02735364 -.0440556 .05280936 -.0816956 .15830173 -.1520328
.38048748 -.1545839 .04343197 -.0731849 .09891909 -.1530986 .05462061 -.3824546
.31047820 -.1148758 .03382935 -.0542949 .06201692 -.1586369 .54869931 .10026208
.08808031 .16825757 -.0611490 .10392677 -.1279437 .44880841 -2.074822 2.4643205
.00320003 .47522201 -.1559635 .35080196 -.6480029 1.2367060 1.8004150 -4.605526
.00136798 .41995647 -.1942334 .21455923 .26641426 -2.690040 .18305779 4.6197035
-.0003878 .10071516 .12128512 -.9117910 1.3780078 1.9075451 -1.888714 -3.667305
.00021436 -.0016510 .68002867 -.2994418 -1.668225 -.1590524 2.7107390 2.8215277
-.0001028 .00277481 .32526772 .79383862 .32032507 -1.092690 -2.583620 -1.963935
.00003206 -.0007462 .01640418 .24053483 .68719137 .95690944 1.3604979 .87298715
*  d-type ANO's (max 7 functions can be used)
   10    7
155.8527 46.49771 17.62999 7.354672 3.274051 1.482482 0.661351 0.284826
0.112899 0.045160
.00082402 -.0007370 .00111483 -.0016061 .00235870 -.0027983 .00402780
.00690787 -.0061568 .00949818 -.0138562 .01838356 -.0323184 .05226688
.03046120 -.0274669 .04217370 -.0622978 .09402233 -.1273511 .22010320
.09234492 -.0841448 .13485535 -.2093158 .30787651 -.6296057 1.2617760
.19856961 -.1807083 .27482529 -.3859719 .49646648 .12458911 -2.987561
.29427802 -.2359404 .27099699 -.0411623 -.9372764 1.6010531 3.3198081
.31782364 -.1545483 -.1780122 .90020360 -.2635308 -2.596387 -2.539682
.27361464 .19348164 -.6524956 -.1729446 1.5113702 2.2867920 1.5159407
.15457842 .46099507 -.0368649 -1.001205 -1.648354 -1.432847 -.7512656
.05137878 .41547911 .73380859 .90394104 .86279221 .58347956 .27056377
*  f-type ANO's (max 6 functions can be used)
    6    6
5.9066 2.3412 .9279 .3678 .1458 .0578
.04103165 -.1107858 .24098334 -.4514890 .67789259 -1.111353
.16050066 -.3830492 .57916148 -.3629818 -.4903053 1.6754158
.39186678 -.4698632 -.2682171 1.0985609 -.2482355 -1.603267
.46817414 .29209866 -.6823265 -.8963554 .97160264 1.3300267
.23292268 .51792182 .64138311 .00667185 -1.392102 -1.008632
.03878760 .11509426 .26286929 .61585876 1.0961342 .55364857
*  g-type ANO's (max 4 functions can be used)
    4    4
3.3406 1.3130 .5161 .2028
.09336339 -.3410268 .49376937 -.2056110
.31083775 -.5179423 -.0819660 .30412955
.47448495 .19167126 -.5326820 -.2643424
.23905823 .55279659 .57865717 .14211497
************************************************************************
/Cr.ano.Pou.21s15p10d6f4g.8s7p6d5f4g.
R. Pou-Amerigo, M. Merchan, I. Nesbot-Gil, P.-O. Widmark and B.O. Roos
Theor. Chim. Acta, 92, 149 (1995)
************************************************************************
* Cr Chromium atom                                                     *
* Basic primitive: 20s12p9d from                                       *
*                  H. Partridge, J. Chem. Phys., 90, 1043 (1989)       *
* Augmented: 1s even-tempered continuation with beta=0.4               *
*            3p even-tempered continuation with beta=0.4               *
*            1d even-tempered continuation with beta=0.4               *
*            6f 5 optimized with respect to MCPF energy, 1 diffuse     *
*               added as an even-tempered continuation.                *
*            4g 3 optimized with respect to MCPF energy, 1 diffuse     *
*               added as an even-tempered continuation.                *
*                                                                      *
* Contraction:   State      Field  Method  Weight                      *
*              Cr 7S(d5s)   0.000   MCPF    0.200                      *
*              Cr 7S(d5s)   0.???   MCPF    0.200                      *
*              Cr 5D(d4s2)  0.000   MCPF    0.200                      *
*              Cr 5D(d6)    0.000   MCPF    0.200                      *
*              Cr+ ???????  0.000   MCPF    0.200                      *
*                                                                      *
* Contraction range: 5s3p2d   - 6s5p4d3f2g for SCF                     *
*                    5s4p3d2f - 8s7p6d5f4g for correlation             *
*                                                                      *
************************************************************************
a 24
*  s-type ANO's (max 8 functions can be used)
   21    8
6177194. 924929.5 210486.5 59620.05 19450.76 7022.056 2738.763 1135.814     
495.0923 224.7487 105.3836 50.19359 22.24957 10.98265 5.383665 2.343685  
1.105202 0.487848 0.089599 0.033423 0.013369
.00000453 -.0000014 .00000049 -.0000001 .00000022 -.0000004 .00000057 -.0000012 
.00003521 -.0000106 .00000382 -.0000009 .00000164 -.0000027 .00000495 -.0000057 
.00018515 -.0000555 .00002012 -.0000048 .00000920 -.0000147 .00002201 -.0000568 
.00078168 -.0002344 .00008479 -.0000200 .00003566 -.0000585 .00011543 -.0000907 
.00284001 -.0008546 .00030979 -.0000739 .00014466 -.0002294 .00031762 -.0010163 
.00919119 -.0027776 .00100501 -.0002366 .00041229 -.0006823 .00144524 -.0005727 
.02681960 -.0082331 .00299257 -.0007161 .00143310 -.0022555 .00281962 -.0115391 
.07006655 -.0221543 .00805281 -.0018906 .00319367 -.0053539 .01243187 .00082352 
.15802289 -.0536442 .01974039 -.0047509 .00983572 -.0153230 .01615043 -.0944889 
.28468010 -.1108446 .04123838 -.0096465 .01526096 -.0263623 .07299220 .05848109 
.34784190 -.1798118 .06982356 -.0171280 .03887358 -.0591042 .03281594 -.5273241 
.21469596 -.1532613 .06194171 -.0139696 .01102886 -.0275075 .20421416 .66490439 
.03639134 .15704605 -.0702821 .01468508 .01119258 .00607137 -.4066511 -1.952511 
-.0023390 .55798352 -.3520653 .09575892 -.2755075 .41885794 -.0059639 7.6291413 
.00157585 .40642734 -.3830360 .09291531 -.0244757 .18358054 -1.934850 -11.90154 
-.0007032 .05485289 .26660971 -.0669435 -.1402895 -.3467947 6.1393726 10.920151 
.00028399 -.0018377 .70724401 -.3057681 1.3913639 -1.982211 -6.585411 -6.814398 
-.0001028 .00145363 .31331992 -.1700677 -.9758837 2.8306916 2.8140449 2.2547552 
.00002443 -.0000765 .00785528 .74527867 -1.418835 -1.939406 -.0375438 -.4055322 
-.0000169 .00023542 -.0036272 .39684274 1.7184583 .89050598 -1.110946 .09131826 
.00000599 -.0000462 .00107928 .00528540 -.1521812 .33550718 1.0523679 .07126284 
*  p-type ANO's (max 8 functions can be used)
   15    8
6268.921 1485.118 481.9146 183.5142 77.19005 34.65178 16.14846 7.710939     
3.607154 1.667362 0.739088 0.301326 0.120530 0.048212 0.019285
.00018739 -.0000656 .00002114 -.0000428 .00004898 -.0000511 .00006531 -.0001281 
.00164431 -.0005756 .00018614 -.0003679 .00041516 -.0005176 .00088093 -.0005734 
.00912076 -.0032204 .00103814 -.0021020 .00240431 -.0025087 .00325738 -.0064793 
.03719649 -.0132776 .00430205 -.0085030 .00960043 -.0120257 .02074716 -.0135075 
.11492608 -.0423771 .01371148 -.0278731 .03196836 -.0329019 .04256650 -.0932997 
.25692935 -.0983383 .03212876 -.0633242 .07142638 -.0934099 .17152030 -.0853080 
.38335937 -.1569767 .05144403 -.1082859 .12916325 -.1241411 .14457122 -.5356592 
.30473539 -.1086111 .03596735 -.0706248 .10060059 -.2137930 .39092669 .69000013 
.08243436 .18485066 -.0764223 .17670897 -.3421204 .83665232 -2.420368 1.2536658 
.00273624 .47596476 -.1942220 .57084961 -.8354989 .34600582 3.0695118 -3.353273 
.00145719 .40672296 -.1856082 -.0357080 1.4164378 -2.124831 -1.595714 3.9343849 
-.0003291 .10212740 .20105820 -1.256013 -.0497432 2.4811644 -.2690832 -3.647104 
.00022833 -.0015565 .68652456 .40458459 -1.335998 -1.483469 1.5882811 3.2603958 
-.0001021 .00275349 .26067748 .58709906 .97815558 -.1046105 -2.070752 -2.559945 
.00003224 -.0007733 .00171746 .00688969 .25778321 .82880562 1.2990116 1.2482918 
*  d-type ANO's (max 8 functions can be used)
   10    8
150.8341 44.99723 16.96088 7.040154 3.103878 1.375896 0.592282 0.242138     
0.091284 0.036514
.00118076 -.0007317 .00147093 -.0019819 .00293042 -.0036589 .00783820 -.0336654 
.00966118 -.0059386 .01221628 -.0163386 .02400180 -.0390196 .04556196 .03219555 
.04140729 -.0258810 .05281196 -.0729836 .11269289 -.1593463 .37011736 -1.716260 
.12131664 -.0761518 .16199100 -.2303703 .37251217 -.6785277 .85425727 2.8514356 
.24095388 -.1505949 .29357778 -.3680624 .35632893 .49893128 -2.515853 -2.690986 
.32484954 -.1687159 .23847460 .09367552 -.9766277 1.0046689 2.9615499 1.8749310 
.32060330 -.0719464 -.2330891 .77748431 .00841508 -2.056937 -2.325097 -1.077098 
.23605297 .19912700 -.5641504 -.1650367 1.2010561 1.9700826 1.4266032 .54132096 
.09618844 .30980514 -.1872312 -.9983717 -1.464163 -1.331202 -.7484348 -.2500679 
.02433110 .61183718 .71568988 .83634879 .77260007 .56566185 .28414257 .08967564 
*  f-type ANO's (max 6 functions can be used)
    6    6
7.7139 3.0575 1.2119 .4803 .1904 .0755
.03904982 -.0921689 .20473737 -.3703472 .61620681 -1.183929                     
.16805148 -.3609068 .57457543 -.4450877 -.2081004 1.7196874                     
.40501469 -.4559056 -.1714447 .97410397 -.6652562 -1.578619                     
.45078646 .24749491 -.6972531 -.5084563 1.3308693 1.2270374                     
.22761472 .51827288 .45746728 -.4560229 -1.503973 -.8312239                     
.05358525 .19289890 .41964846 .82091235 .96516122 .38776843                     
*  g-type ANO's (max 4 functions can be used)
    4    4
4.3627 1.7148 .6740 .2649
.09899293 .25622855 .69331465 -.8839632 
.37757706 .43342788 -.0578313 1.2816604 
.52313249 -.1214369 -.7972606 -1.106184 
.29987327 -.4941415 .79855974 .57647738 
************************************************************************
/Mn.ano.Pou.21s15p10d6f4g.8s7p6d5f4g.
R. Pou-Amerigo, M. Merchan, I. Nesbot-Gil, P.-O. Widmark and B.O. Roos
Theor. Chim. Acta, 92, 149 (1995)
************************************************************************
* Mn Manganese atom                                                    *
* Basic primitive: 20s12p9d from                                       *
*                  H. Partridge, J. Chem. Phys., 90, 1043 (1989)       *
* Augmented: 1s even-tempered continuation with beta=0.4               *
*            3p even-tempered continuation with beta=0.4               *
*            1d even-tempered continuation with beta=0.4               *
*            6f 5 optimized with respect to MCPF energy, 1 diffuse     *
*               added as an even-tempered continuation.                *
*            4g 3 optimized with respect to MCPF energy, 1 diffuse     *
*               added as an even-tempered continuation.                *
*                                                                      *
* Contraction:   State      Field  Method  Weight                      *
*              Mn 6S(d5s2)  0.000   MCPF    0.200                      *
*              Mn 6S(d5s2)  0.010   MCPF    0.200                      *
*              Mn 6D(d6s)   0.000   MCPF    0.200                      *
*              Mn 4F(d7)    0.000   MCPF    0.200                      *
*              Mn+ 7S(d5s)  0.000   MCPF    0.200                      *
*                                                                      *
* Contraction range: 5s3p2d   - 6s5p4d3f2g for SCF                     *
*                    5s4p3d2f - 8s7p6d5f4g for correlation             *
*                                                                      *
************************************************************************
a 25
*  s-type ANO's (max 8 functions can be used)
   21    8
3960805. 593115.5 134976.8 38230.67 12471.54 4501.743 1755.212 727.3039
316.3678 143.0098 66.21805 29.91896 14.30318 6.839451 3.012374 1.418808
0.623624 0.134098 0.065548 0.029584 0.011834
.00000874 -.0000026 .00000097 -.0000002 .00000035 -.0000007 .00000086 -.0000010
.00006798 -.0000205 .00000754 -.0000018 .00000278 -.0000058 .00000625 -.0000074
.00035740 -.0001078 .00003963 -.0000094 .00001423 -.0000288 .00003619 -.0000425
.00150705 -.0004553 .00016747 -.0000398 .00006222 -.0001299 .00013439 -.0001583
.00545756 -.0016552 .00060841 -.0001445 .00021660 -.0004351 .00057351 -.0006729
.01749973 -.0053576 .00197443 -.0004699 .00074071 -.0015590 .00152212 -.0017995
.04993510 -.0156566 .00577534 -.0013712 .00203365 -.0040421 .00567100 -.0066425
.12388065 -.0409510 .01523348 -.0036322 .00580329 -.0123698 .01108897 -.0132033
.25049690 -.0928723 .03492024 -.0083049 .01207351 -.0235615 .03703101 -.0434664
.35895921 -.1684245 .06548772 -.0157294 .02604552 -.0574136 .04081039 -.0500572
.27590166 -.1891878 .07702395 -.0184252 .02385161 -.0411084 .11359020 -.1339672
.06596040 .04616512 -.0195455 .00436727 .00485288 -.0323033 -.1239324 .13606088
-.0012372 .51471840 -.3005826 .07696053 -.1473013 .37768105 -.1093955 .27189303
.00195629 .50418495 -.4562535 .12103875 -.1459495 .26094306 -1.224961 1.4745861
-.0009071 .09186063 .12027269 -.0396616 -.0354716 -.0050120 2.7650131 -5.245831
.00039751 -.0025870 .72812934 -.2631384 .77851701 -2.432652 -1.148133 6.3171533
-.0001593 .00230804 .40324535 -.2629456 -.0807084 2.7044847 -1.328014 -3.566027
.00006825 -.0005992 .01779610 .43299071 -2.046530 -.1886359 4.4658121 1.5693211
-.0000647 .00056841 -.0101819 .54643391 1.2305396 -1.984475 -6.154583 .05076783
.00003125 -.0002737 .00400366 .19067476 .54467078 1.8106923 3.0596419 -2.174854
-.0000079 .00006891 -.0009240 -.0002215 .08868424 -.1521510 -.1784082 1.7203416
*  p-type ANO's (max 8 functions can be used)
   15    8
7048.271 1669.678 541.8571 206.4295 86.89334 39.06309 18.24725 8.741289
4.119332 1.914804 0.857893 0.354950 0.141980 0.056792 0.022717
.00017838 -.0000639 .00001764 -.0000352 .00003827 -.0000547 .00005396 -.0001415 -.0004826
.00156682 -.0005610 .00015601 -.0003059 .00032349 -.0005149 .00080032 -.0005553 .01044426
.00871540 -.0031465 .00086965 -.0017361 .00188621 -.0026997 .00268301 -.0070815 -.0243179
.03571612 -.0130398 .00363280 -.0071221 .00752973 -.0120236 .01893382 -.0131945 .26412304
.11121532 -.0419216 .01162417 -.0232595 .02535636 -.0360764 .03485681 -.1028433 -.3612370
.25160511 -.0985734 .02770210 -.0541806 .05694881 -.0933107 .15977682 -.0781418 3.0216564
.38123080 -.1596252 .04470706 -.0919950 .10353017 -.1416660 .10213504 -.6158736 -6.270724
.31029020 -.1150729 .03304798 -.0671771 .07872645 -.2086819 .50439901 .64901297 6.6844700
.08812067 .17705150 -.0626066 .13777231 -.1922694 .67105097 -2.267905 1.6993491 -4.984907
.00359901 .47737788 -.1610873 .46888224 -.6913723 .84618017 2.3112011 -4.029803 3.0710681
.00145213 .41264499 -.1769052 .10208168 .61487765 -2.435228 -.3941252 4.4509743 -1.644772
-.0003342 .09948657 .12091273 -1.045961 .92077357 1.9381038 -1.484440 -3.782614 .83261457
.00020601 -.0015978 .64429185 -.0694511 -1.515377 -.2709080 2.4865239 3.0234311 -.4428750
-.0000973 .00267826 .35827295 .68819973 .36824918 -1.065436 -2.448130 -2.119262 .22419984
.00003032 -.0007155 .01972486 .18214327 .70160792 .99859212 1.2827484 .92705761 -.0769449
*  d-type ANO's (max 7 functions can be used)
   10    7
199.8357 59.72176 22.74772 9.565003 4.285499 1.950975 0.872796 0.375621
0.148009 0.059204
.00086891 -.0006141 .00124531 -.0014435 .00222581 -.0023552 .00447956 -.0398297
.00740550 -.0051723 .01084024 -.0124306 .01898880 -.0338838 .04542668 .11926241
.03343543 -.0237547 .04918383 -.0580733 .09232563 -.1139997 .22945095 -1.910099
.10222306 -.0726328 .16008166 -.1953527 .33205016 -.6999566 1.2380564 3.0008544
.21763820 -.1584041 .32014185 -.3745566 .50021708 .30744285 -3.006325 -2.775730
.31388649 -.2022489 .26650740 .04875241 -1.019763 1.4119725 3.4161670 1.9439010
.32265141 -.1223759 -.2815251 .78022240 -.1646050 -2.509799 -2.670378 -1.133920
.24897735 .19545298 -.5757098 -.1124107 1.4349364 2.2653144 1.6162205 .56920635
.11555483 .39788322 -.0703426 -1.104248 -1.566224 -1.411257 -.8021808 -.2506174
.03978048 .51436971 .67373316 .97098943 .78798753 .56051661 .28599915 .08453745
*  f-type ANO's (max 6 functions can be used)
    6    6
9.5413 3.7818 1.4990 .5941 .2355 .0933
.03498523 -.0802442 .16572786 -.3204812 .57319223 -1.226415
.15976609 -.3483093 .57437755 -.5500650 -.1036068 1.7021396
.39648688 -.4783902 -.1019929 1.0196891 -.7600369 -1.506887
.45515610 .22560179 -.7524029 -.4858920 1.3784874 1.1506419
.23977597 .52997079 .45286160 -.4735972 -1.518737 -.7816425
.05663872 .19214405 .43555178 .80734613 .97413210 .37209785
*  g-type ANO's (max 4 functions can be used)
    4    4
5.3963 2.1210 .8337 .3277
.08170016 -.3031187 .64839085 1.0126400
.34540706 -.6066715 .02836825 -1.406967
.52930680 .11185796 -.8481356 1.1771796
.34012540 .65216468 .79339487 -.6031713
************************************************************************
/Fe.ano.Pou.21s15p10d6f4g.8s7p6d5f4g.
R. Pou-Amerigo, M. Merchan, I. Nesbot-Gil, P.-O. Widmark and B.O. Roos
Theor. Chim. Acta, 92, 149 (1995)
************************************************************************
* Fe Iron atom                                                         *
* Basic primitive: 20s12p9d from                                       *
*                  H. Partridge, J. Chem. Phys., 90, 1043 (1989)       *
* Augmented: 1s even-tempered continuation with beta=0.4               *
*            3p even-tempered continuation with beta=0.4               *
*            1d even-tempered continuation with beta=0.4               *
*            6f 5 optimized with respect to MCPF energy, 1 diffuse     *
*               added as an even-tempered continuation.                *
*            4g 3 optimized with respect to MCPF energy, 1 diffuse     *
*               added as an even-tempered continuation.                *
*                                                                      *
* Contraction:   State      Field  Method  Weight                      *
*              Fe 5D(d6s2)  0.000   MCPF    0.200                      *
*              Fe 5D(d6s2)  0.015   MCPF    0.200                      *
*              Fe 5F(d7s)   0.000   MCPF    0.200                      *
*              Fe 3F(d8)    0.000   MCPF    0.200                      *
*              Fe+ 6D(d6s)  0.000   MCPF    0.200                      *
*                                                                      *
* Contraction range: 5s3p2d   - 6s5p4d3f2g for SCF                     *
*                    5s4p3d2f - 8s7p6d5f4g for correlation             *
*                                                                      *
************************************************************************
a 26
*  s-type ANO's (max 8 functions can be used)
   21    8
4316265. 646342.4 147089.7 41661.52 13590.77 4905.750 1912.746 792.6043
344.8065 155.8999 72.23091 32.72506 15.66762 7.503483 3.312223 1.558471
0.683914 0.146757 0.070583 0.031449 0.012580
.00000869 -.0000026 .00000085 -.0000002 .00000035 -.0000007 .00000081 -.0000010
.00006755 -.0000202 .00000660 -.0000018 .00000273 -.0000057 .00000587 -.0000070
.00035514 -.0001065 .00003471 -.0000094 .00001401 -.0000287 .00003390 -.0000407
.00149758 -.0004495 .00014670 -.0000397 .00006113 -.0001281 .00012625 -.0001507
.00542368 -.0016347 .00053293 -.0001438 .00021326 -.0004333 .00053681 -.0006437
.01739498 -.0052934 .00173043 -.0004680 .00072769 -.0015352 .00143200 -.0017117
.04966288 -.0154862 .00506478 -.0013658 .00200474 -.0040396 .00530524 -.0063667
.12335573 -.0405985 .01338915 -.0036226 .00570613 -.0121633 .01046250 -.0125269
.25002288 -.0925040 .03080255 -.0082964 .01195172 -.0237436 .03466553 -.0417984
.35990369 -.1690500 .05821825 -.0157706 .02569755 -.0563141 .03881305 -.0470446
.27899279 -.1922840 .06938655 -.0185872 .02403849 -.0434858 .10640664 -.1300846
.06684859 .04532080 -.0166827 .00410355 .00461023 -.0274669 -.1142585 .13536565
-.0053045 .52919124 -.2807190 .07759402 -.1450720 .35854227 -.0805555 .16628852
-.0021942 .52613699 -.4350295 .12054486 -.1470185 .29723727 -1.221339 1.7057170
-.0015672 .08634042 .13102653 -.0409131 -.0228404 -.0556067 2.6254050 -5.397689
.00070059 -.0366666 .72871523 -.2624671 .74958123 -2.357863 -.9638793 6.1815820
-.0000133 -.0164420 .39852762 -.2576817 -.0772963 2.6221971 -1.398192 -3.261505
.00007584 -.0013802 .01733967 .43339758 -1.928009 -.0969618 4.1494727 .90032804
-.0000682 .00098672 -.0096616 .54662556 1.0656945 -1.991049 -5.409749 .99723153
.00003286 -.0004385 .00385198 .18747114 .60856319 1.7209050 2.3564495 -2.752248
-.0000084 .00010903 -.0009097 .00270482 .09196064 -.1005195 .12730233 1.8620910
*  p-type ANO's (max 8 functions can be used)
   15    8
7721.489 1829.126 593.6280 226.2054 95.26145 42.85920 20.04971 9.620885
4.541371 2.113500 0.947201 0.391243 0.156497 0.062599 0.025040
.00017940 -.0000553 .00001827 -.0000346 .00003991 -.0000545 .00006248 -.0001661 -.0005722
.00157653 -.0004858 .00016138 -.0003021 .00034847 -.0005660 .00080567 -.0002349 .01113891
.00878209 -.0027322 .00090232 -.0017071 .00197164 -.0026979 .00309858 -.0082767 -.0291864
.03607769 -.0113692 .00377265 -.0070639 .00815407 -.0133077 .01915800 -.0055139 .27748838
.11272928 -.0368480 .01213515 -.0230082 .02661734 -.0360385 .04130870 -.1219969 -.4466693
.25609280 -.0875078 .02898861 -.0542434 .06262644 -.1060966 .16004548 .00604987 3.2138760
.38909425 -.1433072 .04708145 -.0911168 .10665344 -.1308655 .14569937 -.8384339 -6.345735
.31513025 -.0997609 .03395627 -.0677305 .09339326 -.2728610 .46212609 1.1486923 6.4875631
.07892748 .18578570 -.0672107 .14812742 -.2355891 .87476561 -2.465280 .94170997 -4.669178
-.0195952 .47909012 -.1728765 .46037011 -.6834363 .58764224 2.8614131 -3.362567 2.8146956
-.0183793 .40815100 -.1662075 .03915707 .63114560 -2.294240 -1.060446 4.1470776 -1.493014
-.0050537 .09750333 .14589742 -.9133288 .89696110 1.9283610 -.9677636 -3.809970 .75651702
.00027944 -.0015518 .61178551 -.1569658 -1.382060 -.2812893 2.1615229 3.2168655 -.4064951
-.0002231 .00263138 .35925888 .64005451 .16944946 -1.038708 -2.253774 -2.313923 .20776462
.00006381 -.0007026 .04073564 .28359879 .76562060 .93879985 1.1863003 1.0139617 -.0716581
*  d-type ANO's (max 7 functions can be used)
   10    7
217.3688 64.99976 24.77314 10.43614 4.679653 2.125622 0.945242 0.402685
0.156651 0.062660
.00090859 -.0007237 .00125891 -.0016193 .00209633 -.0018965 .00476192 -.0420564
.00775703 -.0061290 .01092111 -.0139403 .01981104 -.0353407 .04004455 .14882168
.03509608 -.0281316 .04980135 -.0654238 .08767694 -.0947148 .22326433 -1.951290
.10690639 -.0862305 .16077486 -.2210534 .35342277 -.7510454 1.2235647 3.0168533
.22354778 -.1837914 .32346144 -.4183677 .46566332 .49963991 -2.968507 -2.760167
.31482281 -.2230041 .24231987 .18487331 -1.184185 1.1257590 3.3916974 1.9189267
.31706314 -.0994840 -.3448707 .78688109 .22287923 -2.313790 -2.691361 -1.116445
.24533968 .24250462 -.5496404 -.3431158 1.1216886 2.2445109 1.6732141 .56228806
.11980182 .42175965 .03680085 -.8704182 -1.511151 -1.501002 -.8667367 -.2513203
.04248366 .43580570 .65109526 .90154758 .84889270 .63294990 .32293178 .08667542
*  f-type ANO's (max 6 functions can be used)
    6    6
11.2749 4.4690 1.7713 .7021 .2783 .1103
.03258762 -.0737873 .15048476 -.3245757 .57593078 -1.226507
.15612854 -.3571723 .61759584 -.5736524 -.1783540 1.6712348
.40094745 -.4833309 -.1524651 1.1268861 -.6260514 -1.485194
.45321069 .23975434 -.7440038 -.6833202 1.2778847 1.1701466
.23899828 .52100979 .50331812 -.2813075 -1.526375 -.8345508
.05966161 .18732479 .38453654 .71794260 1.0455930 .41842660
*  g-type ANO's (max 4 functions can be used)
    4    4
6.3768 2.5064 .9851 .3872
-.0718181 -.2927576 .59985778 -.7752615
-.3567204 -.6034929 .01174938 1.0695831
-.5171641 .16179085 -.7618243 -.9065252
-.2939848 .62253897 .74342225 .47321069
************************************************************************
/Co.ano.Pou.21s15p10d6f4g.8s7p6d5f4g.
R. Pou-Amerigo, M. Merchan, I. Nesbot-Gil, P.-O. Widmark and B.O. Roos
Theor. Chim. Acta, 92, 149 (1995)
************************************************************************
* Co Cobolt atom                                                       *
* Basic primitive: 20s12p9d from                                       *
*                  H. Partridge, J. Chem. Phys., 90, 1043 (1989)       *
* Augmented: 1s even-tempered continuation with beta=0.4               *
*            3p even-tempered continuation with beta=0.4               *
*            1d even-tempered continuation with beta=0.4               *
*            6f 5 optimized with respect to MCPF energy, 1 diffuse     *
*               added as an even-tempered continuation.                *
*            4g 3 optimized with respect to MCPF energy, 1 diffuse     *
*               added as an even-tempered continuation.                *
*                                                                      *
* Contraction:   State      Field  Method  Weight                      *
*              Co 4F(d7s2)  0.000   MCPF    0.200                      *
*              Co 4F(d7s2)  0.???   MCPF    0.200                      *
*              Co 4D(d8s)   0.000   MCPF    0.200                      *
*              Co 2D(d9)    0.000   MCPF    0.200                      *
*              Co+ ??????   0.000   MCPF    0.200                      *
*                                                                      *
* Contraction range: 5s3p2d   - 6s5p4d3f2g for SCF                     *
*                    5s4p3d2f - 8s7p6d5f4g for correlation             *
*                                                                      *
************************************************************************
a 27
*  s-type ANO's (max 8 functions can be used)
   21    8
4676708. 700317.2 159373.0 45140.67 14725.75 5315.448 2072.498 858.8231
373.6437 168.9682 78.31971 35.53724 17.04735 8.175534 3.611578 1.697468
0.743636 0.158325 0.075009 0.033093
0.013237
.00000862 -.0000026 .00000098 -.0000002 .00000044 -.0000007 .00000067 -.0000010 
.00006703 -.0000204 .00000762 -.0000017 .00000347 -.0000055 .00000496 -.0000073 
.00035243 -.0001075 .00004004 -.0000089 .00001770 -.0000279 .00002820 -.0000422 
.00148616 -.0004538 .00016923 -.0000379 .00007793 -.0001222 .00010728 -.0001581 
.00538250 -.0016500 .00061484 -.0001373 .00026886 -.0004247 .00044435 -.0006660 
.01726474 -.0053419 .00199594 -.0004468 .00093001 -.0014568 .00122610 -.0018044 
.04930401 -.0156239 .00584290 -.0013053 .00252087 -.0039918 .00436638 -.0065650 
.12253550 -.0409288 .01543990 -.0034624 .00732687 -.0114626 .00906970 -.0132991 
.24860382 -.0931274 .03551543 -.0079487 .01498118 -.0238679 .02829761 -.0429058 
.35837905 -.1696550 .06696125 -.0151248 .03342105 -.0522248 .03494891 -.0508896 
.27841055 -.1924509 .07961678 -.0179403 .02931208 -.0483693 .08403478 -.1310410 
.06785877 .04347139 -.0187210 .00395775 .00996532 -.0119317 -.0820874 .13014281 
-.0011575 .51737043 -.3104228 .07479185 -.1961004 .30946349 -.0853252 .14081641 
.00192304 .50464645 -.4605415 .11490079 -.1762649 .39054298 -.9968384 1.9027016 
-.0008896 .09201286 .13587243 -.0422338 -.0386191 -.2853214 2.0696525 -5.664310 
.00038521 -.0023455 .73020264 -.2468642 1.0841513 -2.059034 -.5272583 6.1328756 
-.0001514 .00224229 .39330008 -.2419882 -.4262671 2.5781278 -1.418355 -2.895617 
.00006126 -.0005385 .01679521 .37226088 -1.919562 -.6181502 3.4922751 -.0443428 
-.0000567 .00050121 -.0093016 .56759555 1.3732252 -1.307667 -4.081620 2.3067771 
.00002784 -.0002456 .00375185 .21737935 .27764584 1.3226252 1.0653131 -3.404979 
-.0000073 .00006422 -.0009060 .00352473 .13569011 .10033553 .75922506 1.8766262 
*  p-type ANO's (max 8 functions can be used)
   15    8
8421.842 1995.000 647.4855 246.7795 103.9689 46.81052 21.92703 10.53715
4.980678 2.319824 1.039609 0.428921 0.171568 0.068627 0.027451
.00017491 -.0000640 .00001883 -.0000383 .00003985 -.0000537 .00006911 -.0001822 -.0006813
.00153773 -.0005624 .00016619 -.0003362 .00035808 -.0005927 .00077512 -.0000350 .01185763
.00857464 -.0031626 .00093163 -.0018945 .00197283 -.0026636 .00343876 -.0090435 -.0351219
.03528967 -.0131653 .00389907 -.0078932 .00841770 -.0140016 .01847170 -.0007218 .29243259
.11048562 -.0425877 .01259829 -.0256796 .02674396 -.0356191 .04674610 -.1345115 -.5501895
.25156273 -.1009536 .03016538 -.0611228 .06551271 -.1134129 .15132134 .06049949 3.4145381
.38208843 -.1640955 .04922893 -.1020196 .10577100 -.1240218 .19630074 -.9998335 -6.498506
.30945671 -.1146114 .03475151 -.0772885 .10794079 -.3189137 .38612866 1.5462246 6.4934771
.08757280 .18585070 -.0718809 .18257783 -.2925776 1.0561700 -2.544209 .30457211 -4.586520
.00382659 .48071243 -.1828456 .51785755 -.6541275 .30098162 3.2431707 -2.753196 2.7289529
.00151229 .40513114 -.1534736 -.0555423 .76754227 -2.121820 -1.602917 3.8075851 -1.435592
-.0002853 .09651019 .15599366 -.9399717 .67550465 1.9830532 -.4972342 -3.748121 .72480317
.00020138 -.0015578 .59752058 -.0557778 -1.321974 -.4347818 1.8487048 3.3157523 -.3899526
-.0000928 .00261271 .36419424 .61553966 .22022438 -.9317457 -2.089225 -2.447135 .19961795
.00002894 -.0006972 .04018451 .23599688 .76020008 .91738297 1.1324392 1.0846333 -.0688871
*  d-type ANO's (max 8 functions can be used)
   10    7
237.5928 71.08881 27.11903 11.44826 5.139542 2.332694 1.034030 0.437899
0.168963 0.067585
.00092701 -.0008472 .00120627 -.0017141 .00205156 -.0016947 .00531521 -.0424456 
.00793865 -.0072160 .01046468 -.0149083 .02182970 -.0366378 .03504843 .15476117 
.03606409 -.0332324 .04802992 -.0695053 .08697792 -.0863703 .23581848 -1.962433 
.10968155 -.1023159 .15456282 -.2375036 .39857288 -.7964566 1.1666813 3.0345805 
.22645775 -.2139503 .31068293 -.4510802 .41507497 .71535861 -2.900482 -2.779097 
.31367762 -.2429566 .20905209 .26005331 -1.333353 .78568134 3.3754224 1.9355067 
.31243547 -.0662031 -.3593479 .80108242 .58326826 -2.067429 -2.746977 -1.130112 
.24628330 .29378188 -.5128844 -.4713708 .79678895 2.2083869 1.7688814 .57352581 
.12633171 .41673019 .07429744 -.7172104 -1.370394 -1.606102 -.9608380 -.2608512 
.03900343 .37130918 .68550193 .82498909 .82987168 .72071882 .37382497 .09195193 
*  f-type ANO's (max 8 functions can be used)
    6    6
12.8403 5.0894 2.0172 .7996 .3169 .1256
.03236906 -.0745389 .14591657 -.3323296 .60103182 -1.212804                     
.15788753 -.3766774 .63322144 -.5772782 -.2682159 1.6474973                     
.41073331 -.4748131 -.2037817 1.1847129 -.5009299 -1.481590                     
.45170693 .27648132 -.7136340 -.8030955 1.1833548 1.2040361                     
.22855470 .50315310 .53295503 -.1552880 -1.506507 -.8962757                     
.05597529 .17676002 .36751161 .65459913 1.0737228 .46841787                     
*  g-type ANO's (max 8 functions can be used)
    4    4
7.2621 2.8544 1.1219 .4410
-.0594147 .31279874 -.6965410 .99927841
-.3498351 .62959057 .02955342 -1.384018
-.5066564 -.2105011 .83710582 1.1942859
-.2718922 -.6000994 -.8666503 -.6369931
************************************************************************
/Ni.ano.Pou.21s15p10d6f4g.8s7p6d5f4g.
R. Pou-Amerigo, M. Merchan, I. Nesbot-Gil, P.-O. Widmark and B.O. Roos
Theor. Chim. Acta, 92, 149 (1995)
************************************************************************
* Ni Nickel atom                                                       *
* Basic primitive: 20s12p9d from                                       *
*                  H. Partridge, J. Chem. Phys., 90, 1043 (1989)       *
* Augmented: 1s even-tempered continuation with beta=0.4               *
*            3p even-tempered continuation with beta=0.4               *
*            1d even-tempered continuation with beta=0.4               *
*            6f 5 optimized with respect to MCPF energy, 1 diffuse     *
*               added as an even-tempered continuation.                *
*            4g 3 optimized with respect to MCPF energy, 1 diffuse     *
*               added as an even-tempered continuation.                *
*                                                                      *
* Contraction:   State      Field  Method  Weight                      *
*              Ni 3F(d8s2)  0.000   MCPF    0.200                      *
*              Ni 3F(d8s2)  0.015   MCPF    0.200                      *
*              Ni 3D(d9s)   0.000   MCPF    0.200                      *
*              Ni 1S(d10)   0.000   MCPF    0.200                      *
*              Ni+ 2D(d9)   0.000   MCPF    0.200                      *
*                                                                      *
* Contraction range: 5s3p2d   - 6s5p4d3f2g for SCF                     *
*                    5s4p3d2f - 8s7p6d5f4g for correlation             *
*                                                                      *
************************************************************************
a 28
*  s-type ANO's (max 8 functions can be used)
   21    8
5048010. 755918.1 172026.2 48724.57 15894.89 5737.468 2237.051 927.0302
403.3461 182.4282 84.58917 38.42293 18.46879 8.868190 3.918870 1.839853
0.804663 0.169846 0.079370 0.034700 0.013880
.00000859 -.0000026 .00000098 -.0000002 .00000045 -.0000007 .00000086 -.0000011
.00006676 -.0000204 .00000766 -.0000017 .00000355 -.0000056 .00000627 -.0000090
.00035102 -.0001076 .00004028 -.0000089 .00001809 -.0000290 .00003641 -.0000442
.00148024 -.0004541 .00017022 -.0000375 .00007957 -.0001262 .00013477 -.0002033
.00536128 -.0016512 .00061846 -.0001362 .00027478 -.0004421 .00057704 -.0006615
.01719845 -.0053463 .00200801 -.0004432 .00094963 -.0015017 .00152697 -.0024644
.04912754 -.0156411 .00587968 -.0012948 .00257818 -.0041660 .00571489 -.0061019
.12216703 -.0409988 .01554882 -.0034381 .00748691 -.0117984 .01115038 -.0198733
.24810883 -.0933929 .03580902 -.0079000 .01536155 -.0250661 .03757780 -.0355458
.35826234 -.1704003 .06764847 -.0150693 .03423588 -.0535867 .04129612 -.0966771
.27910233 -.1937400 .08065478 -.0179107 .03032359 -.0523617 .11727594 -.0583330
.06830145 .04354049 -.0189262 .00392193 .00992020 -.0078368 -.1272878 -.0934702
-.0011835 .51950274 -.3154584 .07504682 -.2013734 .31051000 -.0582180 .75915216
.00191625 .50372386 -.4611078 .11324246 -.1830388 .44043500 -1.499582 1.3006597
-.0008845 .09139081 .14489869 -.0439357 -.0217528 -.3962250 3.4924071 -6.124254
.00038171 -.0022736 .73044873 -.2443838 1.0974998 -2.005365 -2.190765 8.0238672
-.0001483 .00220816 .38778553 -.2348542 -.4679771 2.6304708 -.5455901 -5.046032
.00005854 -.0005133 .01622800 .36865540 -1.854982 -.8055990 3.5960644 3.8279533
-.0000537 .00047484 -.0089148 .57243374 1.3222116 -1.120927 -5.237586 -3.839624
.00002661 -.0002348 .00364398 .21592434 .29731170 1.3686309 2.7668854 1.3803078
-.0000071 .00006236 -.0008965 .00028770 .11571621 -.0154283 -.1683986 .13715752
*  p-type ANO's (max 8 functions can be used)
   15    8
9148.796 2167.171 703.3857 268.1342 113.0078 50.91339 23.87740 11.48924
5.436884 2.533837 1.135309 0.467891 0.187156 0.074862 0.029945
.00017357 -.0000640 .00001962 -.0000429 .00004465 -.0000495 .00007492
.00152657 -.0005629 .00017312 -.0003784 .00042103 -.0005791 .00072143
.00852129 -.0031692 .00097223 -.0021280 .00221461 -.0024593 .00372753
.03513410 -.0132183 .00407438 -.0089146 .00994005 -.0137421 .01723879
.11025027 -.0428710 .01321023 -.0289804 .03007484 -.0329468 .05160920
.25168061 -.1019674 .03171293 -.0694999 .07851525 -.1129689 .13785585
.38250457 -.1659257 .05192371 -.1156346 .11657619 -.1126527 .24807384
.30893669 -.1141167 .03605129 -.0901824 .15823133 -.3393311 .26394793
.08722897 .18968805 -.0772532 .22442351 -.4693645 1.2317926 -2.464059
.00392062 .48171716 -.1941497 .59429596 -.6653167 -.1771550 3.4121318
.00153919 .40202033 -.1477233 -.1622569 1.2479905 -1.713784 -2.011472
-.0002655 .09551929 .17187531 -1.034043 .06088248 2.0981372 -.0421967
.00019937 -.0015489 .60426626 .15003199 -1.224016 -.9419235 1.5201981
-.0000909 .00258826 .35544105 .61273403 .59511470 -.5823576 -1.985317
.00002837 -.0006906 .02125057 .09486061 .50804733 .95110917 1.1789974
*  d-type ANO's (max 7 functions can be used)
   10    7
258.8667 77.49604 29.58972 12.51527 5.624468 2.551303 1.128060 0.475373
0.182128 0.072851
.00095252 -.0009261 .00123665 -.0017787 .00201937 -.0017255
.00817994 -.0079244 .01074816 -.0157175 .02331777 -.0374209
.03730818 -.0366267 .04958935 -.0727320 .08728668 -.0890363
.11328720 -.1130537 .15987740 -.2541176 .43666374 -.8372345
.23147573 -.2326325 .31923224 -.4630912 .33746420 .91659382
.31613597 -.2493503 .17919012 .36602757 -1.392160 .46290674
.31084320 -.0353269 -.4130720 .75610368 .84327465 -1.803471
.24210237 .32694740 -.4749400 -.6047182 .52596860 2.1157706
.12298386 .41969843 .17118431 -.5581049 -1.258603 -1.654463
.03516757 .31817544 .63979396 .78181900 .83751331 .78531829
*  f-type ANO's (max 6 functions can be used)
    6    6
14.2156 5.6345 2.2333 0.8852 0.3509 0.1391
.03449541 -.0779649 .15327657 -.3583346 .66710855
.16793185 -.3935911 .64450372 -.5422091 -.4195490
.42354035 -.4564942 -.2641527 1.2117554 -.3167293
.44325993 .31147596 -.6774664 -.9105044 1.0335596
.21579087 .49201071 .56328287 -.0317133 -1.439519
.05136224 .16482549 .34102044 .59642445 1.0790177
*  g-type ANO's (max 4 functions can be used)
    4    4
8.0399 3.1601 1.2421 0.4882
.06441670 .23374941 -.6226194 -.5345585
.39422643 .43638821 .07673291 .75288227
.54552056 -.1801696 .68610126 -.6639900
.26876227 -.4040997 -.7581233 .36172785
************************************************************************
/Cu.ano.Pou.21s15p10d6f4g.8s7p6d5f4g.
R. Pou-Amerigo, M. Merchan, I. Nesbot-Gil, P.-O. Widmark and B.O. Roos
Theor. Chim. Acta, 92, 149 (1995)
************************************************************************
* Cu copper atom                                                       *
* Basic primitive: 20s12p9d from                                       *
*                  H. Partridge, J. Chem. Phys., 90, 1043 (1989)       *
* Augmented: 1s even-tempered continuation with beta=0.4               *
*            3p even-tempered continuation with beta=0.4               *
*            1d even-tempered continuation with beta=0.4               *
*            6f 5 optimized with respect to MCPF energy, 1 diffuse     *
*               added as an even-tempered continuation.                *
*            4g 3 optimized with respect to MCPF energy, 1 diffuse     *
*               added as an even-tempered continuation.                *
*                                                                      *
* Contraction:   State      Field  Method  Weight                      *
*              Cu 2S(d10s)  0.000   MCPF    0.250                      *
*              Cu 2S(d10s)  0.005   MCPF    0.250                      *
*              Cu 2D(d9s2)  0.000   MCPF    0.250                      *
*              Cu+ 1S(d10)  0.000   MCPF    0.250                      *
*                                                                      *
* Contraction range: 5s3p2d   - 6s5p4d3f2g for SCF                     *
*                    5s4p3d2f - 8s7p6d5f4g for correlation             *
*                                                                      *
************************************************************************
a 29
*  s-type ANO's (max 8 functions can be used)
   21    8
9148883. 1369956. 311782.6 88318.80 28815.53 10403.46 4057.791 1682.974
733.7543 333.2677 156.4338 74.69721 33.32262 16.62237 8.208260 3.609400
1.683449 0.733757 0.110207 0.038786 0.015514
.00000446 -.0000014 .00000051 -.0000001 .00000023 -.0000004 .00000057 -.0000004
.00003469 -.0000107 .00000399 -.0000008 .00000168 -.0000029 .00000453 -.0000023
.00018239 -.0000561 .00002101 -.0000045 .00000943 -.0000154 .00002305 -.0000208
.00077001 -.0002370 .00008857 -.0000187 .00003654 -.0000634 .00010178 -.0000403
.00279764 -.0008638 .00032360 -.0000695 .00014823 -.0002388 .00035130 -.0003651
.00905596 -.0028083 .00105019 -.0002203 .00042258 -.0007463 .00122040 -.0003145
.02644076 -.0083298 .00312936 -.0006753 .00146999 -.0023287 .00335444 -.0040766
.06918041 -.0224540 .00843864 -.0017612 .00328324 -.0059489 .00999049 -.0008187
.15647987 -.0545657 .02077023 -.0045222 .01014895 -.0156905 .02190012 -.0327459
.28318803 -.1133921 .04369710 -.0090430 .01588483 -.0304429 .05407196 .01311414
.34834744 -.1851260 .07460186 -.0167018 .04068724 -.0590770 .07563410 -.1783570
.21729716 -.1587381 .06696043 -.0128842 .01192632 -.0416723 .10389402 .21183133
.03723951 .16600910 -.0794426 .01333561 .01022034 .03684613 -.1401680 -.6562555
-.0025807 .56808838 -.3848752 .09790588 -.2916877 .38295335 -.5126665 2.2531713
.00156037 .39505047 -.3724662 .07249738 -.0233203 .36386434 -1.350398 -2.365242
-.0006799 .05193438 .31938583 -.0605655 -.0655306 -.8379095 5.6933879 -.0447763
.00026190 -.0010578 .70435862 -.2971844 1.3229446 -1.332775 -6.489476 2.0200703
-.0000868 .00123941 .27996239 -.1063761 -1.055941 2.3585238 2.9509294 -1.742554
.00001768 -.0001197 .00579101 .79532714 -1.230878 -1.828465 -.3349516 1.8773472
-.0000129 .00008857 -.0026652 .30758247 1.6531394 1.2032456 -.6736226 -3.248054
.00000485 -.0000340 .00095219 .01483550 -.2015516 .04477909 .84894095 2.2829914
*  p-type ANO's (max 8 functions can be used)
   15    8
9713.253 2300.889 746.7706 284.6806 119.9999 54.07386 25.37321 12.20962
5.757421 2.673402 1.186835 0.481593 0.192637 0.077055 0.030822
.00017835 -.0000658 .00002261 -.0000470 .00004948 -.0000495 .00008517 -.0001987 -.0007302
.00156858 -.0005782 .00019824 -.0004156 .00048665 -.0005750 .00066685 .00010688 .01199792
.00875434 -.0032566 .00112044 -.0023277 .00245539 -.0024586 .00423607 -.0098429 -.0378740
.03608107 -.0135780 .00466570 -.0097925 .01150309 -.0136626 .01591961 .00266811 .29705011
.11299149 -.0439985 .01521575 -.0316589 .03321540 -.0329894 .05943582 -.1476665 -.6126158
.25664086 -.1041809 .03608110 -.0759931 .09109846 -.1116608 .12028889 .10356637 3.5320896
.38518747 -.1676802 .05925497 -.1244749 .12482896 -.1175665 .32080284 -1.174691 -6.629590
.30288080 -.1071443 .03709927 -.0955157 .19632255 -.3155263 .05813442 2.1301986 6.5710761
.08164476 .20500459 -.0933945 .27896165 -.6786917 1.3818450 -2.249675 -.7761208 -4.595282
.00338807 .48293963 -.2290024 .62767588 -.4986374 -.7132927 3.4652132 -1.559746 2.7024379
.00157696 .39022329 -.1232369 -.3261519 1.4798113 -1.109036 -2.381532 2.9462025 -1.401881
-.0002208 .09437742 .23118244 -1.000990 -.4634203 1.9212999 .45280515 -3.377708 .71170212
.00021195 -.0015448 .60241087 .33267140 -.9305540 -1.200003 1.1267670 3.3276109 -.3931350
-.0000895 .00264387 .30652419 .54404043 .69217014 -.3179660 -1.812136 -2.617140 .20357363
.00002842 -.0007274 .01307756 .05542395 .36845722 .93548985 1.1659415 1.2041812 -.0704246
*  d-type ANO's (max 7 functions can be used)
   10    7
249.3497 74.63837 28.37641 11.94893 5.317646 2.364417 1.012386 0.406773
0.147331 0.058932
.00126396 -.0015531 .00186923 -.0023354 .00250414 -.0057025 .00930261 -.0373750
.01063885 -.0131130 .01612505 -.0229071 .03579454 -.0349112 -.0067535 .10324355
.04720950 -.0589550 .07240919 -.0939470 .11182291 -.2494571 .38333144 -1.833120
.13793658 -.1778206 .23628626 -.3767594 .69073690 -.9131010 .17245148 2.9776203
.26266752 -.3271681 .38296124 -.3271353 -.4708926 2.1426159 -1.302479 -2.818200
.33241634 -.2409974 -.1679375 .95009693 -.9338754 -1.988746 2.0728802 2.0198438
.30779901 .18960651 -.6824603 -.0464879 1.6653446 .90197359 -2.255809 -1.234698
.21664096 .50340449 .08869927 -.8856022 -1.121440 .19401292 2.0769921 .69506435
.08407717 .30703593 .60278641 .54282853 .03505111 -.9173050 -1.849904 -.4017728
.00504377 .03253971 .14438102 .32722396 .52780363 .85028700 1.1691264 .19290830
*  f-type ANO's (max 6 functions can be used)
    6    6
15.4333 6.1172 2.4246 0.9610 0.3809 0.1510
.03901817 -.0843767 .16168310 -.3855035 .77156950 -1.091683
.18754340 -.4143733 .63482614 -.5020200 -.6094222 1.5665036
.44621247 -.4172357 -.3107576 1.2054355 -.1162023 -1.532486
.42647410 .35876802 -.6318876 -.9452050 .87171529 1.3863123
.19155912 .47774575 .56734018 .01430769 -1.333118 -1.150616
.04165182 .15423758 .35009788 .57235196 1.0308811 .65774709
*  g-type ANO's (max 4 functions can be used)
    4    4
8.7286 3.4308 1.3485 0.5300
.06945941 -.3791541 .74921737 -.9508429
.43698748 -.5966263 -.2169881 1.3838049
.54147510 .36137813 -.6713561 -1.278381
.21743974 .51267837 .87570242 .73274226
************************************************************************
/Zn.ano.Pou.21s15p10d6f4g.8s7p6d5f4g.
R. Pou-Amerigo, M. Merchan, I. Nesbot-Gil, P.-O. Widmark and B.O. Roos
Theor. Chim. Acta, 92, 149 (1995)
************************************************************************
* Zn Zinc atom                                                         *
* Basic primitive: 20s12p9d from                                       *
*                  H. Partridge, J. Chem. Phys., 90, 1043 (1989)       *
* Augmented: 1s even-tempered continuation with beta=0.4               *
*            3p even-tempered continuation with beta=0.4               *
*            1d even-tempered continuation with beta=0.4               *
*            6f 5 optimized with respect to MCPF energy, 1 diffuse     *
*               added as an even-tempered continuation.                *
*            4g 3 optimized with respect to MCPF energy, 1 diffuse     *
*               added as an even-tempered continuation.                *
*                                                                      *
* Contraction:   State      Field  Method  Weight                      *
*              Zn 1S(d10s2) 0.000   MCPF    0.333                      *
*              Zn 1S(d10s2) 0.020   MCPF    0.333                      *
*              Zn+ 1S(d10s) 0.000   MCPF    0.333                      *
*                                                                      *
* Contraction range: 5s3p2d   - 6s5p4d3f2g for SCF                     *
*                    5s4p3d2f - 8s7p6d5f4g for correlation             *
*                                                                      *
************************************************************************
a 30
*  s-type ANO's (max 8 functions can be used)
   21    8
5820021. 871523.4 198335.0 56176.31 18325.82 6614.955 2579.199 1068.849
465.1045 210.4130 97.61629 44.38020 21.42308 10.30891 4.553645 2.132821
0.929697 0.192147 0.087595 0.037702 0.015081
.00000855 -.0000026 .00000100 -.0000002 .00000034 -.0000007 .00000085 -.0000011
.00006647 -.0000205 .00000775 -.0000017 .00000267 -.0000059 .00000622 -.0000087
.00034950 -.0001080 .00004076 -.0000091 .00001374 -.0000301 .00003546 -.0000441
.00147383 -.0004559 .00017228 -.0000386 .00005977 -.0001330 .00013451 -.0001963
.00533833 -.0016578 .00062593 -.0001399 .00020945 -.0004566 .00055909 -.0006671
.01712708 -.0053685 .00203291 -.0004559 .00071124 -.0015896 .00153646 -.0023574
.04894085 -.0157124 .00595456 -.0013309 .00197453 -.0042814 .00550532 -.0062426
.12179340 -.0412257 .01576693 -.0035427 .00559086 -.0125846 .01138318 -.0187991
.24765887 -.0940641 .03637539 -.0081430 .01189243 -.0255662 .03591618 -.0374100
.35824324 -.1719964 .06892730 -.0156132 .02539154 -.0582753 .04414834 -.0893121
.27981702 -.1958500 .08237327 -.0185358 .02475171 -.0503483 .10815451 -.0733922
.06857579 .04532437 -.0200931 .00413203 .00312857 -.0200286 -.1056115 -.0559832
-.0013127 .52445222 -.3253008 .07898844 -.1455831 .36143707 -.1189922 .69639944
.00191627 .50060099 -.4602086 .11413160 -.1487271 .36964339 -1.305577 1.2777872
-.0008791 .08947690 .16339078 -.0486767 .03235682 -.2753528 3.0303774 -5.795351
.00037780 -.0021743 .72999364 -.2515387 .66517083 -2.098706 -1.566207 7.3501895
-.0001433 .00213747 .37667470 -.2337560 -.0966651 2.4645301 -.9562031 -4.353621
.00005411 -.0004691 .01508169 .43801715 -1.657513 -.1095107 3.6013858 2.5356755
-.0000491 .00043030 -.0082240 .55217385 .75108879 -1.761288 -4.882965 -1.742652
.00002471 -.0002165 .00344838 .16985732 .73491842 1.5307360 2.3698012 -.3852316
-.0000067 .00005905 -.0008762 .00249733 .07323193 -.0774783 -.0340590 .89112169
*  p-type ANO's (max 8 functions can be used)
   15    8
10684.58 2530.903 821.4820 313.2522 132.1094 59.58751 28.00399 13.50425
6.401881 2.985769 1.336902 0.549961 0.219984 0.087994 0.035198
.00017142 -.0000641 .00001678 -.0000360 .00004200 -.0000534 .00007282 -.0001845 -.0006845
.00150872 -.0005638 .00014822 -.0003183 .00037878 -.0005555 .00073032 -.0000545 .01166625
.00843682 -.0031804 .00083377 -.0017874 .00208761 -.0026578 .00363325 -.0091719 -.0352191
.03489609 -.0133103 .00350653 -.0075341 .00897607 -.0132177 .01751552 -.0012999 .29014919
.10993586 -.0433634 .01141348 -.0244969 .02862580 -.0362165 .05048068 -.1376917 -.5633858
.25205643 -.1037319 .02756400 -.0593045 .07089196 -.1072132 .14163669 .05776470 3.4698160
.38327840 -.1690002 .04514618 -.0983075 .11494808 -.1368465 .23802269 -1.058691 -6.634266
.30782595 -.1128672 .03039094 -.0757965 .11746305 -.2815020 .29538670 1.7007400 6.6839596
.08651147 .19638977 -.0664651 .18815812 -.3365914 1.0153917 -2.389161 .16385719 -4.754451
.00408215 .48297949 -.1615315 .46903915 -.6406425 .25916244 2.9777104 -2.717707 2.8367089
.00158570 .39676171 -.1364279 -.0399937 .74529538 -1.959082 -1.238987 3.8343505 -1.491141
-.0002323 .09411042 .11657871 -.8182209 .70157209 1.6931751 -.8640304 -3.752205 .75273604
.00019582 -.0015306 .54683596 -.2206737 -1.150284 -.0494415 2.1021802 3.2294991 -.4041951
-.0000878 .00254793 .41490791 .53820718 -.0568782 -1.235186 -2.151065 -2.274995 .20415076
.00002741 -.0006797 .07954381 .36284882 .84283006 1.0061185 1.0853729 .95568271 -.0689526
*  d-type ANO's (max 7 functions can be used)
   10    7
305.0115 91.40003 34.95829 14.83697 6.680748 3.029026 1.334839 0.558608
0.211743 0.084697
.00102503 -.0013860 .00152391 -.0017946 .00178499 -.0018256 .00657889 -.0409560
.00884669 -.0120163 .01363618 -.0175296 .02611879 -.0348588 .02260621 .14797988
.04068306 -.0559640 .06257503 -.0760590 .08325371 -.0937397 .28639078 -1.960252
.12323994 -.1760541 .21698562 -.3077546 .52970352 -.8368854 .95344745 3.0842168
.24793304 -.3491389 .40159133 -.4047826 -.0462489 1.1945554 -2.651664 -2.860555
.33086676 -.2730933 -.1695897 .86315706 -1.227310 -.1675734 3.2789231 2.0088005
.31736352 .21104719 -.7039918 .12409936 1.4455574 -1.145608 -2.838224 -1.182839
.22301484 .51804313 .13084194 -.9362263 -.4462594 1.7990238 1.9779178 .61175973
.08092209 .26108135 .59401254 .39627951 -.7216395 -1.788772 -1.216738 -.2927223
.00354324 .02024492 .18018634 .51834504 .92500468 1.0694533 .54931332 .11079499
*  f-type ANO's (max 6 functions can be used)
    6    6
16.5744 6.5695 2.6039 1.0321 .4091 .1621
.04557151 -.0941222 .18733416 -.4221838 .74333209 -1.092562
.21536031 -.4366455 .65450531 -.3961770 -.6234492 1.5736213
.46964768 -.3740533 -.4433802 1.1729704 -.0433905 -1.533064
.40406899 .42861552 -.5452492 -1.076983 .77437899 1.3715398
.16303648 .47241447 .66776628 .21013259 -1.288309 -1.134133
.02361615 .09871225 .24004604 .51814434 1.0910173 .66540201
*  g-type ANO's (max 4 functions can be used)
    4    4
9.3740 3.6844 1.4482 .5692
-.0925447 .42041748 -.7581396 .92394269
-.4764832 .55152456 .30277636 -1.372796
-.5052273 -.4297044 .60463461 1.3044875
-.1957453 -.4738866 -.8773074 -.7621937
************************************************************************

