$ Basis = apc-0

$ Elements supported
$ H C N O F Si P S Cl
$
$  REFERENCE
$ Elements                             References
$ --------                             ----------
$ H,C - F: F. Jensen, J. Chem. Phys. 115 (2001) 9113; 116 (2002) 3502.
$ H,C - F: F. Jensen, J. Chem. Phys. 117 (2002) 9234
$ Si - Cl: F. Jensen, T. Helgaker, J. Chem. Phys. 121 (2004) 3463
************************************************************************
a  1
$ HYDROGEN    (4s) -> [3s]
$ S-TYPE FUNCTIONS
    4    3    0
     4.344800000 0.079299000 0.000000000 0.000000000
     0.660490000 0.424220000 0.000000000 0.000000000
     0.136690000 0.000000000 1.000000000 0.000000000
     0.027174000 0.000000000 0.000000000 1.000000000
a  6
$ CARBON       (6s,4p) -> [4s,3p]
$ S-TYPE FUNCTIONS
    6    4    0
   446.510000000 0.019777000 0.000000000 0.000000000 0.000000000
    67.462000000 0.14304000 -0.008090900 0.000000000 0.000000000
    15.067000000 0.203900000 0.277900000 0.000000000 0.000000000
     3.938800000 0.000000000 0.589570000 0.000000000 0.000000000
     0.299910000 0.000000000 0.000000000 1.000000000 0.000000000
     0.069748000 0.000000000 0.000000000 0.000000000 1.000000000
$ P-TYPE FUNCTIONS
    4    3    0
     4.367700000 0.113500000 0.000000000 0.000000000
     0.869820000 0.470740000 0.000000000 0.000000000
     0.188930000 0.000000000 1.000000000 0.000000000
     0.039361000 0.000000000 0.000000000 1.000000000
a  7
$ NITROGEN     (6s,4p) -> [4s,3p]
$ S-TYPE FUNCTIONS
    6    4    0
   615.850000000 0.019588000 0.000000000 0.000000000 0.000000000
    93.044000000 0.14694000 -0.012052000 0.000000000 0.000000000
    20.848000000 0.155650000 0.302010000 0.000000000 0.000000000
     5.495900000 0.000000000 0.541020000 0.000000000 0.000000000
     0.426240000 0.000000000 0.000000000 1.000000000 0.000000000
     0.097986000 0.000000000 0.000000000 0.000000000 1.000000000
$ P-TYPE FUNCTIONS
    4    3    0
     6.268000000 0.121350000 0.000000000 0.000000000
     1.269000000 0.480130000 0.000000000 0.000000000
     0.273900000 0.000000000 1.000000000 0.000000000
     0.056709000 0.000000000 0.000000000 1.000000000
a  8
$ OXYGEN       (6s,4p) -> [4s,3p]
$ S-TYPE FUNCTIONS
    6    4    0
   812.120000000 0.019448000 0.000000000 0.000000000 0.000000000
   122.690000000 0.14795000 -0.013358000 0.000000000 0.000000000
    27.561000000 0.134200000 0.315650000 0.000000000 0.000000000
     7.317300000 0.000000000 0.527890000 0.000000000 0.000000000
     0.579240000 0.000000000 0.000000000 1.000000000 0.000000000
     0.131650000 0.000000000 0.000000000 0.000000000 1.000000000
$ P-TYPE FUNCTIONS
    4    3    0
     8.217800000 0.128820000 0.000000000 0.000000000
     1.675400000 0.486120000 0.000000000 0.000000000
     0.350670000 0.000000000 1.000000000 0.000000000
     0.070416000 0.000000000 0.000000000 1.000000000
a  9
$ FLUORINE     (6s,4p) -> [4s,3p]
$ S-TYPE FUNCTIONS
    6    4    0
  1035.100000000 0.019350000 0.000000000 0.000000000 0.000000000
   156.380000000 0.14900000 -0.014455000 0.000000000 0.000000000
    35.196000000 0.116130000 0.325850000 0.000000000 0.000000000
     9.392100000 0.000000000 0.515610000 0.000000000 0.000000000
     0.753420000 0.000000000 0.000000000 1.000000000 0.000000000
     0.169310000 0.000000000 0.000000000 0.000000000 1.000000000
$ P-TYPE FUNCTIONS
    4    3    0
    10.599000000 0.132580000 0.000000000 0.000000000
     2.173300000 0.489020000 0.000000000 0.000000000
     0.448710000 0.000000000 1.000000000 0.000000000
     0.089029000 0.000000000 0.000000000 1.000000000
a 14
$ SILICON      (9s,7p) -> [5s,4p]
$ S-TYPE FUNCTIONS
    9    5    0
  7743.000000000 0.004882500 0.000000000 0.000000000 0.000000000 0.000000000
  1164.700000000 0.03674100 -0.000291110 0.000000000 0.000000000 0.000000000
   264.820000000 0.16695000 -0.001412200 0.000444370 0.000000000 0.000000000
    73.968000000 0.45657000 -0.026046000 0.003806700 0.000000000 0.000000000
    22.912000000 0.49043000 -0.050933000 0.017078000 0.000000000 0.000000000
     4.374100000 0.000000000 0.10810000 -0.105690000 0.000000000 0.000000000
     1.539100000 0.000000000 0.00000000 -0.204290000 0.000000000 0.000000000
     0.167750000 0.000000000 0.000000000 0.000000000 1.000000000 0.000000000
     0.042730000 0.000000000 0.000000000 0.000000000 0.000000000 1.000000000
$ P-TYPE FUNCTIONS
    7    4    0
    96.080000000 0.028035000 0.000000000 0.000000000 0.000000000
    22.150000000 0.16819000 -0.000727970 0.000000000 0.000000000
     6.563000000 0.45197000 -0.008664400 0.000000000 0.000000000
     2.025000000 0.50132000 -0.003534400 0.000000000 0.000000000
     0.477800000 0.000000000 0.310850000 0.000000000 0.000000000
     0.128240000 0.000000000 0.000000000 1.000000000 0.000000000
     0.032666000 0.000000000 0.000000000 0.000000000 1.000000000
a 15
$ PHOSPHORUS   (9s,7p) -> [5s,4p]
$ S-TYPE FUNCTIONS
    9    5    0
  8990.800000000 0.004820600 0.000000000 0.000000000 0.000000000 0.000000000
  1352.400000000 0.03639200 -0.000289000 0.000000000 0.000000000 0.000000000
   307.500000000 0.16563000 -0.001263800 0.000545120 0.000000000 0.000000000
    85.941000000 0.46217000 -0.024790000 0.004683800 0.000000000 0.000000000
    26.671000000 0.50582000 -0.046165000 0.021160000 0.000000000 0.000000000
     5.188100000 0.000000000 0.07018000 -0.125340000 0.000000000 0.000000000
     1.877800000 0.000000000 0.00000000 -0.224270000 0.000000000 0.000000000
     0.220100000 0.000000000 0.000000000 0.000000000 1.000000000 0.000000000
     0.056069000 0.000000000 0.000000000 0.000000000 0.000000000 1.000000000
$ P-TYPE FUNCTIONS
    7    4    0
   111.640000000 0.028663000 0.000000000 0.000000000 0.000000000
    25.784000000 0.17265000 -0.000685450 0.000000000 0.000000000
     7.672500000 0.46181000 -0.011296000 0.000000000 0.000000000
     2.399600000 0.491740000 0.003296200 0.000000000 0.000000000
     0.549430000 0.000000000 0.416130000 0.000000000 0.000000000
     0.147480000 0.000000000 0.000000000 1.000000000 0.000000000
     0.037569000 0.000000000 0.000000000 0.000000000 1.000000000
a 16
$ SULFUR       (9s,7p) -> [5s,4p]
$ S-TYPE FUNCTIONS
    9    5    0
 10330.000000000 0.004768500 0.000000000 0.000000000 0.000000000 0.000000000
  1553.700000000 0.03620900 -0.000289030 0.000000000 0.000000000 0.000000000
   353.300000000 0.16491000 -0.001157500 0.000625010 0.000000000 0.000000000
    98.805000000 0.47548000 -0.023993000 0.005388100 0.000000000 0.000000000
    30.716000000 0.53319000 -0.042830000 0.024521000 0.000000000 0.000000000
     6.063300000 0.000000000 0.04206300 -0.141320000 0.000000000 0.000000000
     2.247500000 0.000000000 0.00000000 -0.239480000 0.000000000 0.000000000
     0.278530000 0.000000000 0.000000000 0.000000000 1.000000000 0.000000000
     0.070749000 0.000000000 0.000000000 0.000000000 0.000000000 1.000000000
$ P-TYPE FUNCTIONS
    7    4    0
   129.760000000 0.028706000 0.000000000 0.000000000 0.000000000
    30.025000000 0.17420000 -0.000117850 0.000000000 0.000000000
     8.973300000 0.46709000 -0.014483000 0.000000000 0.000000000
     2.844000000 0.485710000 0.015939000 0.000000000 0.000000000
     0.633610000 0.000000000 0.482570000 0.000000000 0.000000000
     0.169550000 0.000000000 0.000000000 1.000000000 0.000000000
     0.043067000 0.000000000 0.000000000 0.000000000 1.000000000
a 17
$ CHLORINE     (9s,7p) -> [5s,4p]
$ S-TYPE FUNCTIONS
    9    5    0
 11759.000000000 0.004724800 0.000000000 0.000000000 0.000000000 0.000000000
  1768.600000000 0.03654600 -0.000290530 0.000000000 0.000000000 0.000000000
   402.190000000 0.16597000 -0.001066400 0.000691970 0.000000000 0.000000000
   112.540000000 0.52530000 -0.023406000 0.005976000 0.000000000 0.000000000
    35.039000000 0.61955000 -0.039915000 0.027394000 0.000000000 0.000000000
     6.995600000 0.000000000 0.01793700 -0.155160000 0.000000000 0.000000000
     2.645500000 0.000000000 0.00000000 -0.250280000 0.000000000 0.000000000
     0.341570000 0.000000000 0.000000000 0.000000000 1.000000000 0.000000000
     0.086577000 0.000000000 0.000000000 0.000000000 0.000000000 1.000000000
$ P-TYPE FUNCTIONS
    7    4    0
   150.660000000 0.028299000 0.000000000 0.000000000 0.000000000
    34.933000000 0.173360000 0.000135980 0.000000000 0.000000000
    10.492000000 0.46812000 -0.016611000 0.000000000 0.000000000
     3.372600000 0.483210000 0.022351000 0.000000000 0.000000000
     0.759890000 0.000000000 0.511920000 0.000000000 0.000000000
     0.202890000 0.000000000 0.000000000 1.000000000 0.000000000
     0.051427000 0.000000000 0.000000000 0.000000000 1.000000000
