$ Basis = apc-2

$ Elements supported
$ H C N O F Si P S Cl
$
$  REFERENCE
$ Elements                             References
$ --------                             ----------
$ H,C - F: F. Jensen, J. Chem. Phys. 115 (2001) 9113; 116 (2002) 3502.
$ H,C - F: F. Jensen, J. Chem. Phys. 117 (2002) 9234
$ Si - Cl: F. Jensen, T. Helgaker, J. Chem. Phys. 121 (2004) 3463
************************************************************************
a  1
$ HYDROGEN    (7s,3p,2d) -> [4s,3p,2d]
$ S-TYPE FUNCTIONS
    7    4    0
    75.423000000 0.002406500 0.000000000 0.000000000 0.000000000
    11.350000000 0.018487000 0.000000000 0.000000000 0.000000000
     2.599300000 0.089742000 0.000000000 0.000000000 0.000000000
     0.735130000 0.281110000 0.000000000 0.000000000 0.000000000
     0.231670000 0.000000000 1.000000000 0.000000000 0.000000000
     0.074147000 0.000000000 0.000000000 1.000000000 0.000000000
     0.022334000 0.000000000 0.000000000 0.000000000 1.000000000
$ P-TYPE FUNCTIONS
    3    3    0
     1.600000000 1.000000000 0.000000000 0.000000000
     0.450000000 0.000000000 1.000000000 0.000000000
     0.067001000 0.000000000 0.000000000 1.000000000
$ D-TYPE FUNCTIONS
    2    2    0
     1.250000000 1.000000000 0.000000000
     0.089334000 0.000000000 1.000000000
a  6
$ CARBON       (11s,7p,3d,2f) -> [5s,4p,3d,2f]
$ S-TYPE FUNCTIONS
   11    5    0
  7857.100000000 0.000568220 0.000000000 0.000000000 0.000000000 0.000000000
  1178.700000000 0.004391200 0.000000962 0.000000000 0.000000000 0.000000000
   268.320000000 0.022503000 0.000062126 0.000000000 0.000000000 0.000000000
    75.948000000 0.086643000 0.000771250 0.000000000 0.000000000 0.000000000
    24.559000000 0.244060000 0.007321700 0.000000000 0.000000000 0.000000000
     8.621200000 0.441330000 0.039106000 0.000000000 0.000000000 0.000000000
     3.127800000 0.353420000 0.089222000 0.000000000 0.000000000 0.000000000
     0.822020000 0.00000000 -0.218590000 0.000000000 0.000000000 0.000000000
     0.330170000 0.000000000 0.000000000 1.000000000 0.000000000 0.000000000
     0.114630000 0.000000000 0.000000000 0.000000000 1.000000000 0.000000000
     0.037217000 0.000000000 0.000000000 0.000000000 0.000000000 1.000000000
$ P-TYPE FUNCTIONS
    7    4    0
    33.775000000 0.005979100 0.000000000 0.000000000 0.000000000
     7.676600000 0.043276000 0.000000000 0.000000000 0.000000000
     2.235700000 0.161250000 0.000000000 0.000000000 0.000000000
     0.764470000 0.363730000 0.000000000 0.000000000 0.000000000
     0.262320000 0.000000000 1.000000000 0.000000000 0.000000000
     0.084638000 0.000000000 0.000000000 1.000000000 0.000000000
     0.026449000 0.000000000 0.000000000 0.000000000 1.000000000
$ D-TYPE FUNCTIONS
    3    3    0
     1.400000000 1.000000000 0.000000000 0.000000000
     0.450000000 0.000000000 1.000000000 0.000000000
     0.079348000 0.000000000 0.000000000 1.000000000
$ F-TYPE FUNCTIONS
    2    2    0
     0.950000000 1.000000000 0.000000000
     0.105800000 0.000000000 1.000000000
a  7
$ NITROGEN     (11s,7p,3d,2f) -> [5s,4p,3d,2f]
$ S-TYPE FUNCTIONS
   11    5    0
 11101.000000000 0.000545700 0.000000000 0.000000000 0.000000000 0.000000000
  1665.300000000 0.004218100 0.000001501 0.000000000 0.000000000 0.000000000
   379.080000000 0.021645000 0.000058753 0.000000000 0.000000000 0.000000000
   107.300000000 0.083776000 0.000774530 0.000000000 0.000000000 0.000000000
    34.747000000 0.238810000 0.007216100 0.000000000 0.000000000 0.000000000
    12.249000000 0.439940000 0.039338000 0.000000000 0.000000000 0.000000000
     4.474300000 0.363640000 0.090611000 0.000000000 0.000000000 0.000000000
     1.240400000 0.00000000 -0.198820000 0.000000000 0.000000000 0.000000000
     0.487430000 0.000000000 0.000000000 1.000000000 0.000000000 0.000000000
     0.164840000 0.000000000 0.000000000 0.000000000 1.000000000 0.000000000
     0.052165000 0.000000000 0.000000000 0.000000000 0.000000000 1.000000000
$ P-TYPE FUNCTIONS
    7    4    0
    47.934000000 0.006170600 0.000000000 0.000000000 0.000000000
    10.999000000 0.044260000 0.000000000 0.000000000 0.000000000
     3.247200000 0.168250000 0.000000000 0.000000000 0.000000000
     1.111400000 0.368480000 0.000000000 0.000000000 0.000000000
     0.379880000 0.000000000 1.000000000 0.000000000 0.000000000
     0.120680000 0.000000000 0.000000000 1.000000000 0.000000000
     0.036023000 0.000000000 0.000000000 0.000000000 1.000000000
$ D-TYPE FUNCTIONS
    3    3    0
     1.800000000 1.000000000 0.000000000 0.000000000
     0.550000000 0.000000000 1.000000000 0.000000000
     0.108070000 0.000000000 0.000000000 1.000000000
$ F-TYPE FUNCTIONS
    2    2    0
     1.020000000 1.000000000 0.000000000
     0.144090000 0.000000000 1.000000000
a  8
$ OXYGEN       (11s,7p,3d,2f) -> [5s,4p,3d,2f]
$ S-TYPE FUNCTIONS
   11    5    0
 14782.000000000 0.000535160 0.000000000 0.000000000 0.000000000 0.000000000
  2217.300000000 0.004137300 0.000002142 0.000000000 0.000000000 0.000000000
   504.740000000 0.021244000 0.000057894 0.000000000 0.000000000 0.000000000
   142.870000000 0.082447000 0.000803140 0.000000000 0.000000000 0.000000000
    46.300000000 0.236700000 0.007314400 0.000000000 0.000000000 0.000000000
    16.337000000 0.440280000 0.040696000 0.000000000 0.000000000 0.000000000
     5.982800000 0.364730000 0.091877000 0.000000000 0.000000000 0.000000000
     1.671800000 0.00000000 -0.210570000 0.000000000 0.000000000 0.000000000
     0.646620000 0.000000000 0.000000000 1.000000000 0.000000000 0.000000000
     0.216690000 0.000000000 0.000000000 0.000000000 1.000000000 0.000000000
     0.068141000 0.000000000 0.000000000 0.000000000 0.000000000 1.000000000
$ P-TYPE FUNCTIONS
    7    4    0
    60.424000000 0.006872400 0.000000000 0.000000000 0.000000000
    13.935000000 0.049025000 0.000000000 0.000000000 0.000000000
     4.153100000 0.181890000 0.000000000 0.000000000 0.000000000
     1.415800000 0.375590000 0.000000000 0.000000000 0.000000000
     0.475490000 0.000000000 1.000000000 0.000000000 0.000000000
     0.145290000 0.000000000 0.000000000 1.000000000 0.000000000
     0.041871000 0.000000000 0.000000000 0.000000000 1.000000000
$ D-TYPE FUNCTIONS
    3    3    0
     2.200000000 1.000000000 0.000000000 0.000000000
     0.650000000 0.000000000 1.000000000 0.000000000
     0.125610000 0.000000000 0.000000000 1.000000000
$ F-TYPE FUNCTIONS
    2    2    0
     1.100000000 1.000000000 0.000000000
     0.167480000 0.000000000 1.000000000
a  9
$ FLUORINE     (11s,7p,3d,2f) -> [5s,4p,3d,2f]
$ S-TYPE FUNCTIONS
   11    5    0
 19127.000000000 0.000522470 0.000000000 0.000000000 0.000000000 0.000000000
  2868.900000000 0.004039800 0.000002370 0.000000000 0.000000000 0.000000000
   653.040000000 0.020758000 0.000056239 0.000000000 0.000000000 0.000000000
   184.850000000 0.080796000 0.000802760 0.000000000 0.000000000 0.000000000
    59.949000000 0.233600000 0.007267900 0.000000000 0.000000000 0.000000000
    21.190000000 0.439570000 0.040910000 0.000000000 0.000000000 0.000000000
     7.784600000 0.370470000 0.093109000 0.000000000 0.000000000 0.000000000
     2.230500000 0.00000000 -0.203010000 0.000000000 0.000000000 0.000000000
     0.854090000 0.000000000 0.000000000 1.000000000 0.000000000 0.000000000
     0.283360000 0.000000000 0.000000000 0.000000000 1.000000000 0.000000000
     0.088276000 0.000000000 0.000000000 0.000000000 0.000000000 1.000000000
$ P-TYPE FUNCTIONS
    7    4    0
    77.639000000 0.007019700 0.000000000 0.000000000 0.000000000
    17.965000000 0.050148000 0.000000000 0.000000000 0.000000000
     5.400500000 0.185130000 0.000000000 0.000000000 0.000000000
     1.842300000 0.375170000 0.000000000 0.000000000 0.000000000
     0.615320000 0.000000000 1.000000000 0.000000000 0.000000000
     0.184890000 0.000000000 0.000000000 1.000000000 0.000000000
     0.052376000 0.000000000 0.000000000 0.000000000 1.000000000
$ D-TYPE FUNCTIONS
    3    3    0
     2.800000000 1.000000000 0.000000000 0.000000000
     0.800000000 0.000000000 1.000000000 0.000000000
     0.157130000 0.000000000 0.000000000 1.000000000
$ F-TYPE FUNCTIONS
    2    2    0
     1.200000000 1.000000000 0.000000000
     0.209510000 0.000000000 1.000000000
a 14
$ SILICON      (14s,11p,3d,2f) -> [6s,5p,3d,2f]
$ S-TYPE FUNCTIONS
   14    6    0
  120040.0000000 0.000160750 0.000000000 0.000000000 0.000000000 0.000000000 0.000000000
 17991.000000000 0.001247200 0.000000000 0.000000000 0.000000000 0.000000000 0.000000000
  4094.800000000 0.00650400 -0.000002112 0.000003990 0.000000000 0.000000000 0.000000000
  1159.600000000 0.02666500 -0.000069157 0.000050203 0.000000000 0.000000000 0.000000000
   378.000000000 0.08881600 -0.000480800 0.000575530 0.000000000 0.000000000 0.000000000
   135.930000000 0.22932000 -0.004169400 0.004152400 0.000000000 0.000000000 0.000000000
    52.411000000 0.40025000 -0.017674000 0.020437000 0.000000000 0.000000000 0.000000000
    20.927000000 0.33828000 -0.042891000 0.046998000 0.000000000 0.000000000 0.000000000
     7.713000000 0.065512000 0.04536800 -0.043986000 0.000000000 0.000000000 0.000000000
     3.160400000 0.000000000 0.13904000 -0.339570000 0.000000000 0.000000000 0.000000000
     1.234800000 0.000000000 0.00000000 -0.350380000 0.000000000 0.000000000 0.000000000
     0.267750000 0.000000000 0.000000000 0.000000000 1.000000000 0.000000000 0.000000000
     0.094067000 0.000000000 0.000000000 0.000000000 0.000000000 1.000000000 0.000000000
     0.030878000 0.000000000 0.000000000 0.000000000 0.000000000 0.000000000 1.000000000
$ P-TYPE FUNCTIONS
   11    5    0
   677.130000000 0.001092500 0.000000000 0.000000000 0.000000000 0.000000000
   160.670000000 0.008960100 0.000007901 0.000000000 0.000000000 0.000000000
    51.585000000 0.04474400 -0.000136130 0.000000000 0.000000000 0.000000000
    18.948000000 0.14748000 -0.000903780 0.000000000 0.000000000 0.000000000
     7.616300000 0.31480000 -0.005586300 0.000000000 0.000000000 0.000000000
     3.131700000 0.41339000 -0.010141000 0.000000000 0.000000000 0.000000000
     1.270300000 0.264400000 0.018661000 0.000000000 0.000000000 0.000000000
     0.433320000 0.000000000 0.288900000 0.000000000 0.000000000 0.000000000
     0.160880000 0.000000000 0.000000000 1.000000000 0.000000000 0.000000000
     0.054883000 0.000000000 0.000000000 0.000000000 1.000000000 0.000000000
     0.017527000 0.000000000 0.000000000 0.000000000 0.000000000 1.000000000
$ D-TYPE FUNCTIONS
    3    3    0
     1.680000000 1.000000000 0.000000000 0.000000000
     0.380000000 0.000000000 1.000000000 0.000000000
     0.052580000 0.000000000 0.000000000 1.000000000
$ F-TYPE FUNCTIONS
    2    2    0
     0.540000000 1.000000000 0.000000000
     0.070107000 0.000000000 1.000000000
a 15
$ PHOSPHORUS   (14s,11p,3d,2f) -> [6s,5p,3d,2f]
$ S-TYPE FUNCTIONS
   14    6    0
  145680.0000000 0.000150160 0.000000000 0.000000000 0.000000000 0.000000000 0.000000000
 21836.000000000 0.001165000 0.000000000 0.000000000 0.000000000 0.000000000 0.000000000
  4969.900000000 0.006079800 0.000000000 0.000000000 0.000000000 0.000000000 0.000000000
  1407.300000000 0.02496800 -0.000087601 0.000030955 0.000000000 0.000000000 0.000000000
   458.780000000 0.08363700 -0.000527450 0.000357760 0.000000000 0.000000000 0.000000000
   165.080000000 0.21863000 -0.004957500 0.002612300 0.000000000 0.000000000 0.000000000
    63.744000000 0.39234000 -0.020535000 0.013204000 0.000000000 0.000000000 0.000000000
    25.598000000 0.35038000 -0.055030000 0.032848000 0.000000000 0.000000000 0.000000000
     9.930700000 0.077287000 0.04158300 -0.018182000 0.000000000 0.000000000 0.000000000
     3.968600000 0.000000000 0.17029000 -0.257220000 0.000000000 0.000000000 0.000000000
     1.556500000 0.000000000 0.00000000 -0.306820000 0.000000000 0.000000000 0.000000000
     0.354040000 0.000000000 0.000000000 0.000000000 1.000000000 0.000000000 0.000000000
     0.123940000 0.000000000 0.000000000 0.000000000 0.000000000 1.000000000 0.000000000
     0.040548000 0.000000000 0.000000000 0.000000000 0.000000000 0.000000000 1.000000000
$ P-TYPE FUNCTIONS
   11    5    0
   826.230000000 0.001022500 0.000000000 0.000000000 0.000000000 0.000000000
   196.020000000 0.008447200 0.000004108 0.000000000 0.000000000 0.000000000
    62.951000000 0.04266400 -0.000150570 0.000000000 0.000000000 0.000000000
    23.222000000 0.14239000 -0.001114100 0.000000000 0.000000000 0.000000000
     9.388500000 0.31059000 -0.006494200 0.000000000 0.000000000 0.000000000
     3.899700000 0.41672000 -0.012469000 0.000000000 0.000000000 0.000000000
     1.604800000 0.266180000 0.023458000 0.000000000 0.000000000 0.000000000
     0.560530000 0.000000000 0.322700000 0.000000000 0.000000000 0.000000000
     0.211750000 0.000000000 0.000000000 1.000000000 0.000000000 0.000000000
     0.073486000 0.000000000 0.000000000 0.000000000 1.000000000 0.000000000
     0.023848000 0.000000000 0.000000000 0.000000000 0.000000000 1.000000000
$ D-TYPE FUNCTIONS
    3    3    0
     1.890000000 1.000000000 0.000000000 0.000000000
     0.430000000 0.000000000 1.000000000 0.000000000
     0.071543000 0.000000000 0.000000000 1.000000000
$ F-TYPE FUNCTIONS
    2    2    0
     0.600000000 1.000000000 0.000000000
     0.095390000 0.000000000 1.000000000
a 16
$ SULFUR       (14s,11p,3d,2f) -> [6s,5p,3d,2f]
$ S-TYPE FUNCTIONS
   14    6    0
  172030.0000000 0.000143530 0.000000000 0.000000000 0.000000000 0.000000000 0.000000000
 25783.000000000 0.001113700 0.000000000 0.000000000 0.000000000 0.000000000 0.000000000
  5868.200000000 0.005814300 0.000000000 0.000000000 0.000000000 0.000000000 0.000000000
  1661.700000000 0.02390300 -0.000090480 0.000028367 0.000000000 0.000000000 0.000000000
   541.750000000 0.08035400 -0.000501050 0.000325910 0.000000000 0.000000000 0.000000000
   195.010000000 0.21175000 -0.004951000 0.002413100 0.000000000 0.000000000 0.000000000
    75.396000000 0.38664000 -0.020252000 0.012352000 0.000000000 0.000000000 0.000000000
    30.407000000 0.35747000 -0.057388000 0.032119000 0.000000000 0.000000000 0.000000000
    12.121000000 0.086131000 0.03484700 -0.011611000 0.000000000 0.000000000 0.000000000
     4.777700000 0.000000000 0.16833000 -0.255420000 0.000000000 0.000000000 0.000000000
     1.890600000 0.000000000 0.00000000 -0.313840000 0.000000000 0.000000000 0.000000000
     0.446860000 0.000000000 0.000000000 0.000000000 1.000000000 0.000000000 0.000000000
     0.156210000 0.000000000 0.000000000 0.000000000 0.000000000 1.000000000 0.000000000
     0.051037000 0.000000000 0.000000000 0.000000000 0.000000000 0.000000000 1.000000000
$ P-TYPE FUNCTIONS
   11    5    0
   968.120000000 0.001004800 0.000000000 0.000000000 0.000000000 0.000000000
   229.700000000 0.00833130 -0.000008069 0.000000000 0.000000000 0.000000000
    73.833000000 0.04226000 -0.000169430 0.000000000 0.000000000 0.000000000
    27.312000000 0.14206000 -0.001524300 0.000000000 0.000000000 0.000000000
    11.074000000 0.31256000 -0.007199300 0.000000000 0.000000000 0.000000000
     4.630700000 0.41933000 -0.016113000 0.000000000 0.000000000 0.000000000
     1.929900000 0.259240000 0.034234000 0.000000000 0.000000000 0.000000000
     0.687830000 0.000000000 0.355180000 0.000000000 0.000000000 0.000000000
     0.256630000 0.000000000 0.000000000 1.000000000 0.000000000 0.000000000
     0.087251000 0.000000000 0.000000000 0.000000000 1.000000000 0.000000000
     0.027776000 0.000000000 0.000000000 0.000000000 0.000000000 1.000000000
$ D-TYPE FUNCTIONS
    3    3    0
     2.100000000 1.000000000 0.000000000 0.000000000
     0.480000000 0.000000000 1.000000000 0.000000000
     0.083327000 0.000000000 0.000000000 1.000000000
$ F-TYPE FUNCTIONS
    2    2    0
     0.660000000 1.000000000 0.000000000
     0.111100000 0.000000000 1.000000000
a 17
$ CHLORINE     (14s,11p,3d,2f) -> [6s,5p,3d,2f]
$ S-TYPE FUNCTIONS
   14    6    0
  201150.0000000 0.000137530 0.000000000 0.000000000 0.000000000 0.000000000 0.000000000
 30146.000000000 0.001067100 0.000000000 0.000000000 0.000000000 0.000000000 0.000000000
  6861.000000000 0.005573700 0.000000000 0.000000000 0.000000000 0.000000000 0.000000000
  1942.800000000 0.02293500 -0.000094653 0.000024868 0.000000000 0.000000000 0.000000000
   633.420000000 0.07735400 -0.000483370 0.000289670 0.000000000 0.000000000 0.000000000
   228.100000000 0.20534000 -0.005000900 0.002151300 0.000000000 0.000000000 0.000000000
    88.288000000 0.38093000 -0.020230000 0.011195000 0.000000000 0.000000000 0.000000000
    35.750000000 0.36361000 -0.060209000 0.030180000 0.000000000 0.000000000 0.000000000
    14.571000000 0.095182000 0.02919500 -0.005945600 0.000000000 0.000000000 0.000000000
     5.658000000 0.000000000 0.16993000 -0.247020000 0.000000000 0.000000000 0.000000000
     2.255400000 0.000000000 0.00000000 -0.314120000 0.000000000 0.000000000 0.000000000
     0.549470000 0.000000000 0.000000000 0.000000000 1.000000000 0.000000000 0.000000000
     0.191260000 0.000000000 0.000000000 0.000000000 0.000000000 1.000000000 0.000000000
     0.062241000 0.000000000 0.000000000 0.000000000 0.000000000 0.000000000 1.000000000
$ P-TYPE FUNCTIONS
   11    5    0
  1129.900000000 0.000976210 0.000000000 0.000000000 0.000000000 0.000000000
   268.060000000 0.00812600 -0.000011596 0.000000000 0.000000000 0.000000000
    86.222000000 0.04143300 -0.000182890 0.000000000 0.000000000 0.000000000
    31.979000000 0.14035000 -0.001717000 0.000000000 0.000000000 0.000000000
    13.008000000 0.31207000 -0.007897400 0.000000000 0.000000000 0.000000000
     5.476600000 0.42099000 -0.018237000 0.000000000 0.000000000 0.000000000
     2.309000000 0.256640000 0.040035000 0.000000000 0.000000000 0.000000000
     0.846010000 0.000000000 0.367170000 0.000000000 0.000000000 0.000000000
     0.316590000 0.000000000 0.000000000 1.000000000 0.000000000 0.000000000
     0.107160000 0.000000000 0.000000000 0.000000000 1.000000000 0.000000000
     0.033970000 0.000000000 0.000000000 0.000000000 0.000000000 1.000000000
$ D-TYPE FUNCTIONS
    3    3    0
     2.310000000 1.000000000 0.000000000 0.000000000
     0.520000000 0.000000000 1.000000000 0.000000000
     0.101910000 0.000000000 0.000000000 1.000000000
$ F-TYPE FUNCTIONS
    2    2    0
     0.720000000 1.000000000 0.000000000
     0.135880000 0.000000000 1.000000000
