$Basis = aug-cc-pCVTZ-CTOCD-uc
$
$ Elements supported
$ H C N O F
$
$  REFERENCE   
$    A. Ligabue, S. P. A. Sauer and P. Lazzeretti, J. Chem. Phys. 118, 6830-6845 (2003)
$    T. H. Dunning, Jr. J. Chem. Phys. 90, 1007 (1989)
$    R. A. Kendall, T. H. Dunning, Jr. and R. J. Harrison, J. Chem. Phys. 96, 6769 (1992).
$    D. E. Woon and T. H. Dunning, Jr. J. Chem. Phys. 103, 4572 (1995).
$***********************************************************************
a 1
$ HYDROGEN     (6s,4p,1d) -> [4s,4p,1d]
$ HYDROGEN     Diffuse (1s,1p)
$ S-TYPE FUNCTIONS
    6    4    0
     33.8700000  0.00606800  0.00000000  0.00000000  0.00000000
      5.0950000  0.04530800  0.00000000  0.00000000  0.00000000
      1.1590000  0.20282200  0.00000000  0.00000000  0.00000000
      0.3258000  0.50390300  1.00000000  0.00000000  0.00000000
      0.1027000  0.38342100  0.00000000  1.00000000  0.00000000
      0.0252600  0.00000000  0.00000000  0.00000000  1.00000000
$ P-TYPE FUNCTIONS
    5    5    0
     18.5020000  1.00000000  0.00000000  0.00000000  0.00000000  0.00000000
      5.1020000  0.00000000  1.00000000  0.00000000  0.00000000  0.00000000
      1.4070000  0.00000000  0.00000000  1.00000000  0.00000000  0.00000000
      0.3880000  0.00000000  0.00000000  0.00000000  1.00000000  0.00000000
      0.1020000  0.00000000  0.00000000  0.00000000  0.00000000  1.00000000
$ D-TYPE FUNCTIONS
    2    2    0
      1.0570000  1.00000000  0.00000000
      0.2470000  0.00000000  1.00000000
a 6
$ CARBON       (11s,10p,5d,1f) -> [5s,10p,5d,1f]
$ CARBON       Diffuse (1s,1p,1d)
$ S-TYPE FUNCTIONS
   11    5    0
   8236.0000000  0.0005310  -0.00011300  0.00000000  0.00000000  0.00000000
   1235.0000000  0.0041080  -0.00087800  0.00000000  0.00000000  0.00000000
    280.8000000  0.0210870  -0.00454000  0.00000000  0.00000000  0.00000000
     79.2700000  0.0818530  -0.01813300  0.00000000  0.00000000  0.00000000
     25.5900000  0.2348170  -0.05576000  0.00000000  0.00000000  0.00000000
      8.9970000  0.4344010  -0.12689500  0.00000000  0.00000000  0.00000000
      3.3190000  0.3461290  -0.17035200  0.00000000  0.00000000  0.00000000
      0.9059000  0.0393780   0.14038200  1.00000000  0.00000000  0.00000000
      0.3643000 -0.0089830   0.59868400  0.00000000  0.00000000  0.00000000
      0.1285000  0.0023850   0.39538900  0.00000000  1.00000000  0.00000000
      0.0440200  0.0000000   0.00000000  0.00000000  0.00000000  1.00000000
$ P-TYPE FUNCTIONS
   11   11    0
   1736.0000000  1.00000000  0.00000000  0.00000000  0.00000000  0.00000000  0.00000000
      0.0000000  0.00000000  0.00000000  0.00000000  0.00000000
    383.4000000  0.00000000  1.00000000  0.00000000  0.00000000  0.00000000  0.00000000
      0.0000000  0.00000000  0.00000000  0.00000000  0.00000000
     84.7000000  0.00000000  0.00000000  1.00000000  0.00000000  0.00000000  0.00000000
      0.0000000  0.00000000  0.00000000  0.00000000  0.00000000
     33.1900000  0.00000000  0.00000000  0.00000000  1.00000000  0.00000000  0.00000000
      0.0000000  0.00000000  0.00000000  0.00000000  0.00000000
     18.7100000  0.00000000  0.00000000  0.00000000  0.00000000  1.00000000  0.00000000
      0.0000000  0.00000000  0.00000000  0.00000000  0.00000000
      8.7780000  0.00000000  0.00000000  0.00000000  0.00000000  0.00000000  1.00000000
      0.0000000  0.00000000  0.00000000  0.00000000  0.00000000
      4.1330000  0.00000000  0.00000000  0.00000000  0.00000000  0.00000000  0.00000000
      1.0000000  0.00000000  0.00000000  0.00000000  0.00000000
      1.2000000  0.00000000  0.00000000  0.00000000  0.00000000  0.00000000  0.00000000
      0.0000000  1.00000000  0.00000000  0.00000000  0.00000000
      0.3827000  0.00000000  0.00000000  0.00000000  0.00000000  0.00000000  0.00000000
      0.0000000  0.00000000  1.00000000  0.00000000  0.00000000
      0.1209000  0.00000000  0.00000000  0.00000000  0.00000000  0.00000000  0.00000000
      0.0000000  0.00000000  0.00000000  1.00000000  0.00000000
      0.0356900  0.00000000  0.00000000  0.00000000  0.00000000  0.00000000  0.00000000
      0.0000000  0.00000000  0.00000000  0.00000000  1.00000000
$ D-TYPE FUNCTIONS
    6    6    0
    45.03000000  1.00000000  0.00000000  0.00000000  0.00000000  0.00000000  0.00000000
    14.83900000  0.00000000  1.00000000  0.00000000  0.00000000  0.00000000  0.00000000
     3.78400000  0.00000000  0.00000000  1.00000000  0.00000000  0.00000000  0.00000000
      1.0970000  0.00000000  0.00000000  0.00000000  1.00000000  0.00000000  0.00000000
      0.3180000  0.00000000  0.00000000  0.00000000  0.00000000  1.00000000  0.00000000
      0.1000000  0.00000000  0.00000000  0.00000000  0.00000000  0.00000000  1.00000000
$ F-TYPE FUNCTIONS
    2    2    0
      0.7610000  1.00000000  0.00000000
      0.2680000  0.00000000  1.00000000
a 7
$ NITROGEN     (11s,10p,5d,1f) -> [5s,10p,5d,1f]
$ NITROGEN     Diffuse (1s,1p,1d)
$ S-TYPE FUNCTIONS
   11    5    0
  11420.0000000  0.00052300 -0.00011500  0.00000000  0.00000000  0.00000000
   1712.0000000  0.00404500 -0.00089500  0.00000000  0.00000000  0.00000000
    389.3000000  0.02077500 -0.00462400  0.00000000  0.00000000  0.00000000
    110.0000000  0.08072700 -0.01852800  0.00000000  0.00000000  0.00000000
     35.5700000  0.23307400 -0.05733900  0.00000000  0.00000000  0.00000000
     12.5400000  0.43350100 -0.13207600  0.00000000  0.00000000  0.00000000
      4.6440000  0.34747200 -0.17251000  0.00000000  0.00000000  0.00000000
      1.2930000  0.04126200  0.15181400  1.00000000  0.00000000  0.00000000
      0.5118000 -0.00850800  0.59994400  0.00000000  0.00000000  0.00000000
      0.1787000  0.00238400  0.38746200  0.00000000  1.00000000  0.00000000
      0.0576000  0.00000000  0.00000000  0.00000000  0.00000000  1.00000000
$ P-TYPE FUNCTIONS
   11   11    0
   2390.0000000  1.00000000  0.00000000  0.00000000  0.00000000  0.00000000  0.00000000
      0.0000000  0.00000000  0.00000000  0.00000000  0.00000000
    533.8000000  0.00000000  1.00000000  0.00000000  0.00000000  0.00000000  0.00000000
      0.0000000  0.00000000  0.00000000  0.00000000  0.00000000
    119.2000000  0.00000000  0.00000000  1.00000000  0.00000000  0.00000000  0.00000000
      0.0000000  0.00000000  0.00000000  0.00000000  0.00000000
     44.8490000  0.00000000  0.00000000  0.00000000  1.00000000  0.00000000  0.00000000
      0.0000000  0.00000000  0.00000000  0.00000000  0.00000000
     26.6300000  0.00000000  0.00000000  0.00000000  0.00000000  1.00000000  0.00000000
      0.0000000  0.00000000  0.00000000  0.00000000  0.00000000
     11.8710000  0.00000000  0.00000000  0.00000000  0.00000000  0.00000000  1.00000000
      0.0000000  0.00000000  0.00000000  0.00000000  0.00000000
      5.9480000  0.00000000  0.00000000  0.00000000  0.00000000  0.00000000  0.00000000
      1.0000000  0.00000000  0.00000000  0.00000000  0.00000000
      1.7420000  0.00000000  0.00000000  0.00000000  0.00000000  0.00000000  0.00000000
      0.0000000  1.00000000  0.00000000  0.00000000  0.00000000
      0.5550000  0.00000000  0.00000000  0.00000000  0.00000000  0.00000000  0.00000000
      0.0000000  0.00000000  1.00000000  0.00000000  0.00000000
      0.1725000  0.00000000  0.00000000  0.00000000  0.00000000  0.00000000  0.00000000
      0.0000000  0.00000000  0.00000000  1.00000000  0.00000000
      0.0491000  0.00000000  0.00000000  0.00000000  0.00000000  0.00000000  0.00000000
      0.0000000  0.00000000  0.00000000  0.00000000  1.00000000
$ D-TYPE FUNCTIONS
    6    6    0
    72.55000000  1.00000000  0.00000000  0.00000000  0.00000000  0.00000000  0.00000000
    14.20000000  0.00000000  1.00000000  0.00000000  0.00000000  0.00000000  0.00000000
     5.83300000  0.00000000  0.00000000  1.00000000  0.00000000  0.00000000  0.00000000
      1.6540000  0.00000000  0.00000000  0.00000000  1.00000000  0.00000000  0.00000000
      0.4690000  0.00000000  0.00000000  0.00000000  0.00000000  1.00000000  0.00000000
      0.1510000  0.00000000  0.00000000  0.00000000  0.00000000  0.00000000  1.00000000
$ F-TYPE FUNCTIONS
    2    2    0
      1.0930000  1.00000000  0.00000000
      0.3640000  0.00000000  1.00000000
a 8
$ OXYGEN       (11s,10p,5d,1f) -> [5s,10p,5d,1f]
$ OXYGEN       Diffuse (1s,1p,1d)
$ S-TYPE FUNCTIONS
   11    5    0
  15330.0000000  0.00050800 -0.00011500  0.00000000  0.00000000  0.00000000
   2299.0000000  0.00392900 -0.00089500  0.00000000  0.00000000  0.00000000
    522.4000000  0.02024300 -0.00463600  0.00000000  0.00000000  0.00000000
    147.3000000  0.07918100 -0.01872400  0.00000000  0.00000000  0.00000000
     47.5500000  0.23068700 -0.05846300  0.00000000  0.00000000  0.00000000
     16.7600000  0.43311800 -0.13646300  0.00000000  0.00000000  0.00000000
      6.2070000  0.35026000 -0.17574000  0.00000000  0.00000000  0.00000000
      1.7520000  0.04272800  0.16093400  1.00000000  0.00000000  0.00000000
      0.6882000 -0.00815400  0.60341800  0.00000000  0.00000000  0.00000000
      0.2384000  0.00238100  0.37876500  0.00000000  1.00000000  0.00000000
      0.0737600  0.00000000  0.00000000  0.00000000  0.00000000  1.00000000
$ P-TYPE FUNCTIONS
   11   11    0
   3031.0000000  1.00000000  0.00000000  0.00000000  0.00000000  0.00000000  0.00000000
     0.00000000  0.00000000  0.00000000  0.00000000  0.00000000
    681.5000000  0.00000000  1.00000000  0.00000000  0.00000000  0.00000000  0.00000000
     0.00000000  0.00000000  0.00000000  0.00000000  0.00000000
    153.2000000  0.00000000  0.00000000  1.00000000  0.00000000  0.00000000  0.00000000
     0.00000000  0.00000000  0.00000000  0.00000000  0.00000000
     57.4370000  0.00000000  0.00000000  0.00000000  1.00000000  0.00000000  0.00000000
     0.00000000  0.00000000  0.00000000  0.00000000  0.00000000
     34.4600000  0.00000000  0.00000000  0.00000000  0.00000000  1.00000000  0.00000000
     0.00000000  0.00000000  0.00000000  0.00000000  0.00000000
     15.1590000  0.00000000  0.00000000  0.00000000  0.00000000  0.00000000  1.00000000
     0.00000000  0.00000000  0.00000000  0.00000000  0.00000000
      7.7490000  0.00000000  0.00000000  0.00000000  0.00000000  0.00000000  0.00000000
     1.00000000  0.00000000  0.00000000  0.00000000  0.00000000
      2.2800000  0.00000000  0.00000000  0.00000000  0.00000000  0.00000000  0.00000000
     0.00000000  1.00000000  0.00000000  0.00000000  0.00000000
      0.7156000  0.00000000  0.00000000  0.00000000  0.00000000  0.00000000  0.00000000
     0.00000000  0.00000000  1.00000000  0.00000000  0.00000000
      0.2140000  0.00000000  0.00000000  0.00000000  0.00000000  0.00000000  0.00000000
     0.00000000  0.00000000  0.00000000  1.00000000  0.00000000
      0.0597400  0.00000000  0.00000000  0.00000000  0.00000000  0.00000000  0.00000000
     0.00000000  0.00000000  0.00000000  0.00000000  1.00000000
$ D-TYPE FUNCTIONS
    6    6    0
    106.8000000  1.00000000  0.00000000  0.00000000  0.00000000  0.00000000  0.00000000
    15.85800000  0.00000000  1.00000000  0.00000000  0.00000000  0.00000000  0.00000000
     8.30200000  0.00000000  0.00000000  1.00000000  0.00000000  0.00000000  0.00000000
      2.3140000  0.00000000  0.00000000  0.00000000  1.00000000  0.00000000  0.00000000
      0.6450000  0.00000000  0.00000000  0.00000000  0.00000000  1.00000000  0.00000000
      0.2140000  0.00000000  0.00000000  0.00000000  0.00000000  0.00000000  1.00000000
$ F-TYPE FUNCTIONS
    2    2    0
      1.4280000  1.00000000  0.00000000
      0.5000000  0.00000000  1.00000000
a 9
$ FLUORINE     (11s,10p,5d,1f) -> [5s,10p,5d,1f]
$ FLUORINE     Diffuse (1s,1p,1d)
$ S-TYPE FUNCTIONS
   11    5    0
  19500.0000000  0.00050700 -0.00011700  0.00000000  0.00000000  0.00000000
   2923.0000000  0.00392300 -0.00091200  0.00000000  0.00000000  0.00000000
    664.5000000  0.02020000 -0.00471700  0.00000000  0.00000000  0.00000000
    187.5000000  0.07901000 -0.01908600  0.00000000  0.00000000  0.00000000
     60.6200000  0.23043900 -0.05965500  0.00000000  0.00000000  0.00000000
     21.4200000  0.43287200 -0.14001000  0.00000000  0.00000000  0.00000000
      7.9500000  0.34996400 -0.17678200  0.00000000  0.00000000  0.00000000
      2.2570000  0.04323300  0.17162500  1.00000000  0.00000000  0.00000000
      0.8815000 -0.00789200  0.60504300  0.00000000  0.00000000  0.00000000
      0.3041000  0.00238400  0.36951200  0.00000000  1.00000000  0.00000000
      0.0915800  0.00000000  0.00000000  0.00000000  0.00000000  1.00000000
$ P-TYPE FUNCTIONS
   11   11    0
   3791.0000000  1.00000000  0.00000000  0.00000000  0.00000000  0.00000000  0.00000000
      0.0000000  0.00000000  0.00000000  0.00000000  0.00000000
    857.5000000  0.00000000  1.00000000  0.00000000  0.00000000  0.00000000  0.00000000
      0.0000000  0.00000000  0.00000000  0.00000000  0.00000000
    194.0000000  0.00000000  0.00000000  1.00000000  0.00000000  0.00000000  0.00000000
      0.0000000  0.00000000  0.00000000  0.00000000  0.00000000
     71.3480000  0.00000000  0.00000000  0.00000000  1.00000000  0.00000000  0.00000000
      0.0000000  0.00000000  0.00000000  0.00000000  0.00000000
     43.8800000  0.00000000  0.00000000  0.00000000  0.00000000  1.00000000  0.00000000
      0.0000000  0.00000000  0.00000000  0.00000000  0.00000000
     18.7560000  0.00000000  0.00000000  0.00000000  0.00000000  0.00000000  1.00000000
      0.0000000  0.00000000  0.00000000  0.00000000  0.00000000
      9.9260000  0.00000000  0.00000000  0.00000000  0.00000000  0.00000000  0.00000000
      1.0000000  0.00000000  0.00000000  0.00000000  0.00000000
      2.9300000  0.00000000  0.00000000  0.00000000  0.00000000  0.00000000  0.00000000
      0.0000000  1.00000000  0.00000000  0.00000000  0.00000000
      0.9132000  0.00000000  0.00000000  0.00000000  0.00000000  0.00000000  0.00000000
      0.0000000  0.00000000  1.00000000  0.00000000  0.00000000
      0.2672000  0.00000000  0.00000000  0.00000000  0.00000000  0.00000000  0.00000000
      0.0000000  0.00000000  0.00000000  1.00000000  0.00000000
      0.0736100  0.00000000  0.00000000  0.00000000  0.00000000  0.00000000  0.00000000
      0.0000000  0.00000000  0.00000000  0.00000000  1.00000000
$ D-TYPE FUNCTIONS
    6    6    0
    149.0000000  1.00000000  0.00000000  0.00000000  0.00000000  0.00000000  0.00000000
    19.10800000  0.00000000  1.00000000  0.00000000  0.00000000  0.00000000  0.00000000
     11.2900000  0.00000000  0.00000000  1.00000000  0.00000000  0.00000000  0.00000000
      3.1070000  0.00000000  0.00000000  0.00000000  1.00000000  0.00000000  0.00000000
      0.8550000  0.00000000  0.00000000  0.00000000  0.00000000  1.00000000  0.00000000
      0.2920000  0.00000000  0.00000000  0.00000000  0.00000000  0.00000000  1.00000000
$ F-TYPE FUNCTIONS
    2    2    0
      1.9170000  1.00000000  0.00000000
      0.7240000  0.00000000  1.00000000



