$Basis = cc-pV6Z
$
$ Elements supported
$ H He B C N O F Ne Al Si P S Cl Ar
$
$  REFERENCES
$ Elements  References
$ H - He:   K.A. Peterson, D.E. Woon and T.H. Dunning, Jr.,J. Chem. Phys. 100, 7410 (1994).
$           K.A. Peterson, to be published.
$ B - Ne:   A.K. Wilson, T. van Mourik and T.H. Dunning, Jr.,J. Mol. Struct. (THEOCHEM) 388, 339 (1997).
$ Al- Ar:   T. van Mourik and T.H. Dunning, Jr., Int. J. Quantum Chem. 76, 205 (2000)
$***********************************************************************
a 1
$ HYDROGEN     (10s,5p,4d,3f,2g,1h) -> [6s,5p,4d,3f,2g,1h]
$ S-TYPE FUNCTIONS
   10    6    0
     1776.775560  0.00004400  0.00000000  0.00000000  0.00000000  0.00000000  0.00000000
      254.017712  0.00037200  0.00000000  0.00000000  0.00000000  0.00000000  0.00000000
       54.698039  0.00209400  0.00000000  0.00000000  0.00000000  0.00000000  0.00000000
       15.018344  0.00886300  0.00000000  0.00000000  0.00000000  0.00000000  0.00000000
        4.915078  0.03054000  0.00000000  0.00000000  0.00000000  0.00000000  0.00000000
        1.794924  0.09034200  1.00000000  0.00000000  0.00000000  0.00000000  0.00000000
        0.710716  0.21323900  0.00000000  1.00000000  0.00000000  0.00000000  0.00000000
        0.304802  0.35235000  0.00000000  0.00000000  1.00000000  0.00000000  0.00000000
        0.138046  0.33965700  0.00000000  0.00000000  0.00000000  1.00000000  0.00000000
        0.062157  0.10733000  0.00000000  0.00000000  0.00000000  0.00000000  1.00000000
$ P-TYPE FUNCTIONS
    5    5    0
        8.649000  1.00000000  0.00000000  0.00000000  0.00000000  0.00000000
        3.430000  0.00000000  1.00000000  0.00000000  0.00000000  0.00000000
        1.360000  0.00000000  0.00000000  1.00000000  0.00000000  0.00000000
        0.539000  0.00000000  0.00000000  0.00000000  1.00000000  0.00000000
        0.214000  0.00000000  0.00000000  0.00000000  0.00000000  1.00000000
$ D-TYPE FUNCTIONS
    4    4    0
        4.453000  1.00000000  0.00000000  0.00000000  0.00000000
        1.958000  0.00000000  1.00000000  0.00000000  0.00000000
        0.861000  0.00000000  0.00000000  1.00000000  0.00000000
        0.378000  0.00000000  0.00000000  0.00000000  1.00000000
$ F-TYPE FUNCTIONS
    3    3    0
        4.100000  1.00000000  0.00000000  0.00000000
        1.780000  0.00000000  1.00000000  0.00000000
        0.773000  0.00000000  0.00000000  1.00000000
$ G-TYPE FUNCTIONS
    2    2    0
        3.199000  1.00000000  0.00000000
        1.326000  0.00000000  1.00000000
$ H-TYPE FUNCTIONS
    1    1    0
        2.653000  1.00000000
a 2
$ HELIUM       (10s,5p,4d,3f,2g,1h) -> [6s,5p,4d,3f,2g,1h]
$ S-TYPE FUNCTIONS
   10    6    0
     4785.000000  0.00000060  0.00000000  0.00000000  0.00000000  0.00000000  0.00000000
      717.000000  0.00000470  0.00000000  0.00000000  0.00000000  0.00000000  0.00000000
      163.200000  0.00002440  0.00000000  0.00000000  0.00000000  0.00000000  0.00000000
       46.260000  0.00010120  0.00000000  0.00000000  0.00000000  0.00000000  0.00000000
       15.100000  0.00034860  0.00000000  0.00000000  0.00000000  0.00000000  0.00000000
        5.437000  0.00098410  1.00000000  0.00000000  0.00000000  0.00000000  0.00000000
        2.088000  0.00216310  0.00000000  1.00000000  0.00000000  0.00000000  0.00000000
        0.829700  0.00349050  0.00000000  0.00000000  1.00000000  0.00000000  0.00000000
        0.336600  0.00346600  0.00000000  0.00000000  0.00000000  1.00000000  0.00000000
        0.136900  0.00115190  0.00000000  0.00000000  0.00000000  0.00000000  1.00000000
$ P-TYPE FUNCTIONS
    5    5    0
        0.387000  1.00000000  0.00000000  0.00000000  0.00000000  0.00000000
        0.984000  0.00000000  1.00000000  0.00000000  0.00000000  0.00000000
        2.498000  0.00000000  0.00000000  1.00000000  0.00000000  0.00000000
        6.342000  0.00000000  0.00000000  0.00000000  1.00000000  0.00000000
       16.104000  0.00000000  0.00000000  0.00000000  0.00000000  1.00000000
$ D-TYPE FUNCTIONS
    4    4    0
        0.747000  1.00000000  0.00000000  0.00000000  0.00000000
        1.910000  0.00000000  1.00000000  0.00000000  0.00000000
        4.886000  0.00000000  0.00000000  1.00000000  0.00000000
       12.498000  0.00000000  0.00000000  0.00000000  1.00000000
$ F-TYPE FUNCTIONS
    3    3    0
        1.292000  1.00000000  0.00000000  0.00000000
        3.462000  0.00000000  1.00000000  0.00000000
        9.276000  0.00000000  0.00000000  1.00000000
$ G-TYPE FUNCTIONS
    2    2    0
        2.236000  1.00000000  0.00000000
        6.586000  0.00000000  1.00000000
$ H-TYPE FUNCTIONS
    1    1    0
        4.159000  1.00000000
a 5
$ BORON        (16s,10p,5d,4f,3g,2h,1i) -> [7s,6p,5d,4f,3g,2h,1i]
$ S-TYPE FUNCTIONS
   16    7    0
   210400.000000  0.00000583 -0.00000118  0.00000000  0.00000000  0.00000000  0.00000000
        0.000000
    31500.000000  0.00004532 -0.00000915  0.00000000  0.00000000  0.00000000  0.00000000
        0.000000
     7169.000000  0.00023838 -0.00004819  0.00000000  0.00000000  0.00000000  0.00000000
        0.000000
     2030.000000  0.00100570 -0.00020306  0.00000000  0.00000000  0.00000000  0.00000000
        0.000000
      662.500000  0.00364496 -0.00073917  0.00000000  0.00000000  0.00000000  0.00000000
        0.000000
      239.200000  0.01173628 -0.00238603  0.00000000  0.00000000  0.00000000  0.00000000
        0.000000
       93.260000  0.03380702 -0.00698654  0.00000000  0.00000000  0.00000000  0.00000000
        0.000000
       38.640000  0.08556593 -0.01811594  0.00000000  0.00000000  0.00000000  0.00000000
        0.000000
       16.780000  0.18260322 -0.04123129  0.00000000  0.00000000  0.00000000  0.00000000
        0.000000
        7.541000  0.30583760 -0.07781353  0.00000000  0.00000000  0.00000000  0.00000000
        0.000000
        3.482000  0.34080347 -0.12123181  0.00000000  0.00000000  0.00000000  0.00000000
        0.000000
        1.618000  0.17535036 -0.10843020  1.00000000  0.00000000  0.00000000  0.00000000
        0.000000
        0.627000  0.01721834  0.11016510  0.00000000  1.00000000  0.00000000  0.00000000
        0.000000
        0.293400 -0.00231977  0.41921850  0.00000000  0.00000000  1.00000000  0.00000000
        0.000000
        0.131000  0.00101748  0.47252922  0.00000000  0.00000000  0.00000000  1.00000000
        0.000000
        0.058150 -0.00018483  0.14294499  0.00000000  0.00000000  0.00000000  0.00000000
        1.000000
$ P-TYPE FUNCTIONS
   10    6    0
      192.500000  0.00013490  0.00000000  0.00000000  0.00000000  0.00000000  0.00000000
       45.640000  0.00114741  0.00000000  0.00000000  0.00000000  0.00000000  0.00000000
       14.750000  0.00584793  0.00000000  0.00000000  0.00000000  0.00000000  0.00000000
        5.503000  0.02117091  0.00000000  0.00000000  0.00000000  0.00000000  0.00000000
        2.222000  0.06266872  0.00000000  0.00000000  0.00000000  0.00000000  0.00000000
        0.959000  0.15302764  1.00000000  0.00000000  0.00000000  0.00000000  0.00000000
        0.431400  0.27797889  0.00000000  1.00000000  0.00000000  0.00000000  0.00000000
        0.196900  0.35888912  0.00000000  0.00000000  1.00000000  0.00000000  0.00000000
        0.090330  0.27950147  0.00000000  0.00000000  0.00000000  1.00000000  0.00000000
        0.040660  0.07532647  0.00000000  0.00000000  0.00000000  0.00000000  1.00000000
$ D-TYPE FUNCTIONS
    5    5    0
        2.886000  1.00000000  0.00000000  0.00000000  0.00000000  0.00000000
        1.267000  0.00000000  1.00000000  0.00000000  0.00000000  0.00000000
        0.556000  0.00000000  0.00000000  1.00000000  0.00000000  0.00000000
        0.244000  0.00000000  0.00000000  0.00000000  1.00000000  0.00000000
        0.107000  0.00000000  0.00000000  0.00000000  0.00000000  1.00000000
$ F-TYPE FUNCTIONS
    4    4    0
        1.651000  1.00000000  0.00000000  0.00000000  0.00000000
        0.800200  0.00000000  1.00000000  0.00000000  0.00000000
        0.387800  0.00000000  0.00000000  1.00000000  0.00000000
        0.188000  0.00000000  0.00000000  0.00000000  1.00000000
$ G-TYPE FUNCTIONS
    3    3    0
        1.646900  1.00000000  0.00000000  0.00000000
        0.788900  0.00000000  1.00000000  0.00000000
        0.377900  0.00000000  0.00000000  1.00000000
$ H-TYPE FUNCTIONS
    2    2    0
        1.312000  1.00000000  0.00000000
        0.580600  0.00000000  1.00000000
$ I-TYPE FUNCTIONS
    1    1    0
        0.984700  1.00000000
a 6
$ CARBON       (16s,10p,5d,4f,3g,2h,1i) -> [7s,6p,5d,4f,3g,2h,1i]
$ S-TYPE FUNCTIONS
   16    7    0
   312100.000000  0.00000567 -0.00000121  0.00000000  0.00000000  0.00000000  0.00000000
        0.000000
    46740.000000  0.00004410 -0.00000939  0.00000000  0.00000000  0.00000000  0.00000000
        0.000000
    10640.000000  0.00023190 -0.00004947  0.00000000  0.00000000  0.00000000  0.00000000
        0.000000
     3013.000000  0.00097897 -0.00020857  0.00000000  0.00000000  0.00000000  0.00000000
        0.000000
      982.800000  0.00355163 -0.00076015  0.00000000  0.00000000  0.00000000  0.00000000
        0.000000
      354.800000  0.01144061 -0.00245469  0.00000000  0.00000000  0.00000000  0.00000000
        0.000000
      138.400000  0.03299855 -0.00720153  0.00000000  0.00000000  0.00000000  0.00000000
        0.000000
       57.350000  0.08405347 -0.01880742  0.00000000  0.00000000  0.00000000  0.00000000
        0.000000
       24.920000  0.18067613 -0.04325001  0.00000000  0.00000000  0.00000000  0.00000000
        0.000000
       11.230000  0.30491140 -0.08259733  0.00000000  0.00000000  0.00000000  0.00000000
        0.000000
        5.201000  0.34141570 -0.12857592  0.00000000  0.00000000  0.00000000  0.00000000
        0.000000
        2.426000  0.17717867 -0.10760284  1.00000000  0.00000000  0.00000000  0.00000000
        0.000000
        0.967300  0.01892227  0.12407734  0.00000000  1.00000000  0.00000000  0.00000000
        0.000000
        0.445600 -0.00171121  0.42851768  0.00000000  0.00000000  1.00000000  0.00000000
        0.000000
        0.197100  0.00103578  0.46123320  0.00000000  0.00000000  0.00000000  1.00000000
        0.000000
        0.086350 -0.00015204  0.13761657  0.00000000  0.00000000  0.00000000  0.00000000
        1.000000
$ P-TYPE FUNCTIONS
   10    6    0
      295.200000  0.00014249  0.00000000  0.00000000  0.00000000  0.00000000  0.00000000
       69.980000  0.00122010  0.00000000  0.00000000  0.00000000  0.00000000  0.00000000
       22.640000  0.00633696  0.00000000  0.00000000  0.00000000  0.00000000  0.00000000
        8.485000  0.02351875  0.00000000  0.00000000  0.00000000  0.00000000  0.00000000
        3.459000  0.06990447  0.00000000  0.00000000  0.00000000  0.00000000  0.00000000
        1.504000  0.16546049  1.00000000  0.00000000  0.00000000  0.00000000  0.00000000
        0.678300  0.28710436  0.00000000  1.00000000  0.00000000  0.00000000  0.00000000
        0.308700  0.35280269  0.00000000  0.00000000  1.00000000  0.00000000  0.00000000
        0.140000  0.26533663  0.00000000  0.00000000  0.00000000  1.00000000  0.00000000
        0.061780  0.07173361  0.00000000  0.00000000  0.00000000  0.00000000  1.00000000
$ D-TYPE FUNCTIONS
    5    5    0
        4.542000  1.00000000  0.00000000  0.00000000  0.00000000  0.00000000
        1.979000  0.00000000  1.00000000  0.00000000  0.00000000  0.00000000
        0.862100  0.00000000  0.00000000  1.00000000  0.00000000  0.00000000
        0.375600  0.00000000  0.00000000  0.00000000  1.00000000  0.00000000
        0.163600  0.00000000  0.00000000  0.00000000  0.00000000  1.00000000
$ F-TYPE FUNCTIONS
    4    4    0
        2.631000  1.00000000  0.00000000  0.00000000  0.00000000
        1.255000  0.00000000  1.00000000  0.00000000  0.00000000
        0.598800  0.00000000  0.00000000  1.00000000  0.00000000
        0.285700  0.00000000  0.00000000  0.00000000  1.00000000
$ G-TYPE FUNCTIONS
    3    3    0
        2.652000  1.00000000  0.00000000  0.00000000
        1.204000  0.00000000  1.00000000  0.00000000
        0.547000  0.00000000  0.00000000  1.00000000
$ H-TYPE FUNCTIONS
    2    2    0
        2.030000  1.00000000  0.00000000
        0.851100  0.00000000  1.00000000
$ I-TYPE FUNCTIONS
    1    1    0
        1.491000  1.00000000
a 7
$ NITROGEN     (16s,10p,5d,4f,3g,2h,1i) -> [7s,6p,5d,4f,3g,2h,1i]
$ S-TYPE FUNCTIONS
   16    7    0
   432300.000000  0.00000559 -0.00000123  0.00000000  0.00000000  0.00000000  0.00000000
        0.000000
    64700.000000  0.00004351 -0.00000958  0.00000000  0.00000000  0.00000000  0.00000000
        0.000000
    14720.000000  0.00022893 -0.00005051  0.00000000  0.00000000  0.00000000  0.00000000
        0.000000
     4170.000000  0.00096502 -0.00021264  0.00000000  0.00000000  0.00000000  0.00000000
        0.000000
     1361.000000  0.00350219 -0.00077534  0.00000000  0.00000000  0.00000000  0.00000000
        0.000000
      491.200000  0.01129212 -0.00250624  0.00000000  0.00000000  0.00000000  0.00000000
        0.000000
      191.600000  0.03261283 -0.00736529  0.00000000  0.00000000  0.00000000  0.00000000
        0.000000
       79.410000  0.08329727 -0.01930167  0.00000000  0.00000000  0.00000000  0.00000000
        0.000000
       34.530000  0.17998566 -0.04471738  0.00000000  0.00000000  0.00000000  0.00000000
        0.000000
       15.580000  0.30500351 -0.08606647  0.00000000  0.00000000  0.00000000  0.00000000
        0.000000
        7.232000  0.34115932 -0.13329627  0.00000000  0.00000000  0.00000000  0.00000000
        0.000000
        3.382000  0.17748269 -0.10596548  1.00000000  0.00000000  0.00000000  0.00000000
        0.000000
        1.369000  0.01988409  0.13466734  0.00000000  1.00000000  0.00000000  0.00000000
        0.000000
        0.624800 -0.00124663  0.43394007  0.00000000  0.00000000  1.00000000  0.00000000
        0.000000
        0.274700  0.00104011  0.45294902  0.00000000  0.00000000  0.00000000  1.00000000
        0.000000
        0.119200 -0.00012659  0.13402164  0.00000000  0.00000000  0.00000000  0.00000000
        1.000000
$ P-TYPE FUNCTIONS
   10    6    0
      415.900000  0.00014841  0.00000000  0.00000000  0.00000000  0.00000000  0.00000000
       98.610000  0.00127634  0.00000000  0.00000000  0.00000000  0.00000000  0.00000000
       31.920000  0.00670242  0.00000000  0.00000000  0.00000000  0.00000000  0.00000000
       12.000000  0.02526170  0.00000000  0.00000000  0.00000000  0.00000000  0.00000000
        4.919000  0.07518943  0.00000000  0.00000000  0.00000000  0.00000000  0.00000000
        2.148000  0.17401505  1.00000000  0.00000000  0.00000000  0.00000000  0.00000000
        0.969600  0.29279209  0.00000000  1.00000000  0.00000000  0.00000000  0.00000000
        0.439900  0.34826478  0.00000000  0.00000000  1.00000000  0.00000000  0.00000000
        0.197800  0.25593655  0.00000000  0.00000000  0.00000000  1.00000000  0.00000000
        0.086030  0.06947929  0.00000000  0.00000000  0.00000000  0.00000000  1.00000000
$ D-TYPE FUNCTIONS
    5    5    0
        6.717000  1.00000000  0.00000000  0.00000000  0.00000000  0.00000000
        2.896000  0.00000000  1.00000000  0.00000000  0.00000000  0.00000000
        1.249000  0.00000000  0.00000000  1.00000000  0.00000000  0.00000000
        0.538000  0.00000000  0.00000000  0.00000000  1.00000000  0.00000000
        0.232000  0.00000000  0.00000000  0.00000000  0.00000000  1.00000000
$ F-TYPE FUNCTIONS
    4    4    0
        3.829000  1.00000000  0.00000000  0.00000000  0.00000000
        1.795000  0.00000000  1.00000000  0.00000000  0.00000000
        0.841000  0.00000000  0.00000000  1.00000000  0.00000000
        0.394000  0.00000000  0.00000000  0.00000000  1.00000000
$ G-TYPE FUNCTIONS
    3    3    0
        3.856000  1.00000000  0.00000000  0.00000000
        1.702000  0.00000000  1.00000000  0.00000000
        0.751000  0.00000000  0.00000000  1.00000000
$ H-TYPE FUNCTIONS
    2    2    0
        2.875000  1.00000000  0.00000000
        1.170000  0.00000000  1.00000000
$ I-TYPE FUNCTIONS
    1    1    0
        2.099000  1.00000000
a 8
$ OXYGEN       (16s,10p,5d,4f,3g,2h,1i) -> [7s,6p,5d,4f,3g,2h,1i]
$ S-TYPE FUNCTIONS
   16    7    0
   570800.000000  0.00000555 -0.00000126  0.00000000  0.00000000  0.00000000  0.00000000
        0.000000
    85480.000000  0.00004311 -0.00000977  0.00000000  0.00000000  0.00000000  0.00000000
        0.000000
    19460.000000  0.00022667 -0.00005148  0.00000000  0.00000000  0.00000000  0.00000000
        0.000000
     5512.000000  0.00095637 -0.00021696  0.00000000  0.00000000  0.00000000  0.00000000
        0.000000
     1798.000000  0.00347320 -0.00079162  0.00000000  0.00000000  0.00000000  0.00000000
        0.000000
      648.900000  0.01119778 -0.00255900  0.00000000  0.00000000  0.00000000  0.00000000
        0.000000
      253.100000  0.03238766 -0.00753313  0.00000000  0.00000000  0.00000000  0.00000000
        0.000000
      104.900000  0.08285977 -0.01978897  0.00000000  0.00000000  0.00000000  0.00000000
        0.000000
       45.650000  0.17958381 -0.04606288  0.00000000  0.00000000  0.00000000  0.00000000
        0.000000
       20.620000  0.30522110 -0.08919560  0.00000000  0.00000000  0.00000000  0.00000000
        0.000000
        9.587000  0.34089349 -0.13754216  0.00000000  0.00000000  0.00000000  0.00000000
        0.000000
        4.493000  0.17742611 -0.10511948  1.00000000  0.00000000  0.00000000  0.00000000
        0.000000
        1.837000  0.02049107  0.14477143  0.00000000  1.00000000  0.00000000  0.00000000
        0.000000
        0.834900 -0.00096807  0.44146336  0.00000000  0.00000000  1.00000000  0.00000000
        0.000000
        0.365800  0.00105715  0.44468145  0.00000000  0.00000000  0.00000000  1.00000000
        0.000000
        0.157000 -0.00009721  0.12824259  0.00000000  0.00000000  0.00000000  0.00000000
        1.000000
$ P-TYPE FUNCTIONS
   10    6    0
      525.600000  0.00016664  0.00000000  0.00000000  0.00000000  0.00000000  0.00000000
      124.600000  0.00143336  0.00000000  0.00000000  0.00000000  0.00000000  0.00000000
       40.340000  0.00754762  0.00000000  0.00000000  0.00000000  0.00000000  0.00000000
       15.180000  0.02859456  0.00000000  0.00000000  0.00000000  0.00000000  0.00000000
        6.245000  0.08438858  0.00000000  0.00000000  0.00000000  0.00000000  0.00000000
        2.732000  0.18748342  1.00000000  0.00000000  0.00000000  0.00000000  0.00000000
        1.227000  0.29790579  0.00000000  1.00000000  0.00000000  0.00000000  0.00000000
        0.549200  0.33855755  0.00000000  0.00000000  1.00000000  0.00000000  0.00000000
        0.241800  0.24726093  0.00000000  0.00000000  0.00000000  1.00000000  0.00000000
        0.102500  0.07003350  0.00000000  0.00000000  0.00000000  0.00000000  1.00000000
$ D-TYPE FUNCTIONS
    5    5    0
        8.253000  1.00000000  0.00000000  0.00000000  0.00000000  0.00000000
        3.597000  0.00000000  1.00000000  0.00000000  0.00000000  0.00000000
        1.568000  0.00000000  0.00000000  1.00000000  0.00000000  0.00000000
        0.684000  0.00000000  0.00000000  0.00000000  1.00000000  0.00000000
        0.298000  0.00000000  0.00000000  0.00000000  0.00000000  1.00000000
$ F-TYPE FUNCTIONS
    4    4    0
        5.430000  1.00000000  0.00000000  0.00000000  0.00000000
        2.416000  0.00000000  1.00000000  0.00000000  0.00000000
        1.075000  0.00000000  0.00000000  1.00000000  0.00000000
        0.478000  0.00000000  0.00000000  0.00000000  1.00000000
$ G-TYPE FUNCTIONS
    3    3    0
        5.211000  1.00000000  0.00000000  0.00000000
        2.190000  0.00000000  1.00000000  0.00000000
        0.920000  0.00000000  0.00000000  1.00000000
$ H-TYPE FUNCTIONS
    2    2    0
        3.872000  1.00000000  0.00000000
        1.505000  0.00000000  1.00000000
$ I-TYPE FUNCTIONS
    1    1    0
        2.773000  1.00000000
a 9
$ FLUORINE     (16s,10p,5d,4f,3g,2h,1i) -> [7s,6p,5d,4f,3g,2h,1i]
$ S-TYPE FUNCTIONS
   16    7    0
   723500.000000  0.00000556 -0.00000129  0.00000000  0.00000000  0.00000000  0.00000000
        0.000000
   108400.000000  0.00004318 -0.00000999  0.00000000  0.00000000  0.00000000  0.00000000
        0.000000
    24680.000000  0.00022700 -0.00005260  0.00000000  0.00000000  0.00000000  0.00000000
        0.000000
     6990.000000  0.00095803 -0.00022172  0.00000000  0.00000000  0.00000000  0.00000000
        0.000000
     2282.000000  0.00347015 -0.00080692  0.00000000  0.00000000  0.00000000  0.00000000
        0.000000
      824.600000  0.01118526 -0.00260817  0.00000000  0.00000000  0.00000000  0.00000000
        0.000000
      321.800000  0.03232880 -0.00767402  0.00000000  0.00000000  0.00000000  0.00000000
        0.000000
      133.500000  0.08279545 -0.02019353  0.00000000  0.00000000  0.00000000  0.00000000
        0.000000
       58.110000  0.17988024 -0.04718752  0.00000000  0.00000000  0.00000000  0.00000000
        0.000000
       26.280000  0.30557831 -0.09158009  0.00000000  0.00000000  0.00000000  0.00000000
        0.000000
       12.240000  0.34026839 -0.14048558  0.00000000  0.00000000  0.00000000  0.00000000
        0.000000
        5.747000  0.17668240 -0.10367094  1.00000000  0.00000000  0.00000000  0.00000000
        0.000000
        2.365000  0.02085475  0.15282048  0.00000000  1.00000000  0.00000000  0.00000000
        0.000000
        1.071000 -0.00075322  0.44614578  0.00000000  0.00000000  1.00000000  0.00000000
        0.000000
        0.468100  0.00107444  0.43811811  0.00000000  0.00000000  0.00000000  1.00000000
        0.000000
        0.199400 -0.00007951  0.12447048  0.00000000  0.00000000  0.00000000  0.00000000
        1.000000
$ P-TYPE FUNCTIONS
   10    6    0
      660.000000  0.00017721  0.00000000  0.00000000  0.00000000  0.00000000  0.00000000
      156.400000  0.00152691  0.00000000  0.00000000  0.00000000  0.00000000  0.00000000
       50.640000  0.00807207  0.00000000  0.00000000  0.00000000  0.00000000  0.00000000
       19.080000  0.03074021  0.00000000  0.00000000  0.00000000  0.00000000  0.00000000
        7.872000  0.09011914  0.00000000  0.00000000  0.00000000  0.00000000  0.00000000
        3.449000  0.19528789  1.00000000  0.00000000  0.00000000  0.00000000  0.00000000
        1.545000  0.30107685  0.00000000  1.00000000  0.00000000  0.00000000  0.00000000
        0.686400  0.33322071  0.00000000  0.00000000  1.00000000  0.00000000  0.00000000
        0.298600  0.24114678  0.00000000  0.00000000  0.00000000  1.00000000  0.00000000
        0.124500  0.06967220  0.00000000  0.00000000  0.00000000  0.00000000  1.00000000
$ D-TYPE FUNCTIONS
    5    5    0
       10.573000  1.00000000  0.00000000  0.00000000  0.00000000  0.00000000
        4.613000  0.00000000  1.00000000  0.00000000  0.00000000  0.00000000
        2.013000  0.00000000  0.00000000  1.00000000  0.00000000  0.00000000
        0.878000  0.00000000  0.00000000  0.00000000  1.00000000  0.00000000
        0.383000  0.00000000  0.00000000  0.00000000  0.00000000  1.00000000
$ F-TYPE FUNCTIONS
    4    4    0
        7.563000  1.00000000  0.00000000  0.00000000  0.00000000
        3.330000  0.00000000  1.00000000  0.00000000  0.00000000
        1.466000  0.00000000  0.00000000  1.00000000  0.00000000
        0.645000  0.00000000  0.00000000  0.00000000  1.00000000
$ G-TYPE FUNCTIONS
    3    3    0
        6.735000  1.00000000  0.00000000  0.00000000
        2.783000  0.00000000  1.00000000  0.00000000
        1.150000  0.00000000  0.00000000  1.00000000
$ H-TYPE FUNCTIONS
    2    2    0
        5.088000  1.00000000  0.00000000
        1.937000  0.00000000  1.00000000
$ I-TYPE FUNCTIONS
    1    1    0
        3.581000  1.00000000
a 10
$ NEON         (16s,10p,5d,4f,3g,2h,1i) -> [7s,6p,5d,4f,3g,2h,1i]
$ S-TYPE FUNCTIONS
   16    7    0
   902400.000000  0.00000551 -0.00000129  0.00000000  0.00000000  0.00000000  0.00000000
        0.000000
   135100.000000  0.00004282 -0.00001005  0.00000000  0.00000000  0.00000000  0.00000000
        0.000000
    30750.000000  0.00022514 -0.00005293  0.00000000  0.00000000  0.00000000  0.00000000
        0.000000
     8710.000000  0.00095016 -0.00022312  0.00000000  0.00000000  0.00000000  0.00000000
        0.000000
     2842.000000  0.00344719 -0.00081338  0.00000000  0.00000000  0.00000000  0.00000000
        0.000000
     1026.000000  0.01112545 -0.00263230  0.00000000  0.00000000  0.00000000  0.00000000
        0.000000
      400.100000  0.03220568 -0.00775910  0.00000000  0.00000000  0.00000000  0.00000000
        0.000000
      165.900000  0.08259891 -0.02045277  0.00000000  0.00000000  0.00000000  0.00000000
        0.000000
       72.210000  0.17990564 -0.04797505  0.00000000  0.00000000  0.00000000  0.00000000
        0.000000
       32.660000  0.30605208 -0.09340086  0.00000000  0.00000000  0.00000000  0.00000000
        0.000000
       15.220000  0.34012559 -0.14277215  0.00000000  0.00000000  0.00000000  0.00000000
        0.000000
        7.149000  0.17616823 -0.10229083  1.00000000  0.00000000  0.00000000  0.00000000
        0.000000
        2.957000  0.02101527  0.15878576  0.00000000  1.00000000  0.00000000  0.00000000
        0.000000
        1.335000 -0.00050745  0.44940789  0.00000000  0.00000000  1.00000000  0.00000000
        0.000000
        0.581600  0.00105785  0.43348545  0.00000000  0.00000000  0.00000000  1.00000000
        0.000000
        0.246300 -0.00005988  0.12157570  0.00000000  0.00000000  0.00000000  0.00000000
        1.000000
$ P-TYPE FUNCTIONS
   10    6    0
      815.600000  0.00018376  0.00000000  0.00000000  0.00000000  0.00000000  0.00000000
      193.300000  0.00158509  0.00000000  0.00000000  0.00000000  0.00000000  0.00000000
       62.600000  0.00841464  0.00000000  0.00000000  0.00000000  0.00000000  0.00000000
       23.610000  0.03220033  0.00000000  0.00000000  0.00000000  0.00000000  0.00000000
        9.762000  0.09396390  0.00000000  0.00000000  0.00000000  0.00000000  0.00000000
        4.281000  0.20048077  1.00000000  0.00000000  0.00000000  0.00000000  0.00000000
        1.915000  0.30311365  0.00000000  1.00000000  0.00000000  0.00000000  0.00000000
        0.847600  0.32975784  0.00000000  0.00000000  1.00000000  0.00000000  0.00000000
        0.366000  0.23667427  0.00000000  0.00000000  0.00000000  1.00000000  0.00000000
        0.151000  0.06911689  0.00000000  0.00000000  0.00000000  0.00000000  1.00000000
$ D-TYPE FUNCTIONS
    5    5    0
       13.317000  1.00000000  0.00000000  0.00000000  0.00000000  0.00000000
        5.803000  0.00000000  1.00000000  0.00000000  0.00000000  0.00000000
        2.529000  0.00000000  0.00000000  1.00000000  0.00000000  0.00000000
        1.102000  0.00000000  0.00000000  0.00000000  1.00000000  0.00000000
        0.480000  0.00000000  0.00000000  0.00000000  0.00000000  1.00000000
$ F-TYPE FUNCTIONS
    4    4    0
       10.356000  1.00000000  0.00000000  0.00000000  0.00000000
        4.538000  0.00000000  1.00000000  0.00000000  0.00000000
        1.989000  0.00000000  0.00000000  1.00000000  0.00000000
        0.871000  0.00000000  0.00000000  0.00000000  1.00000000
$ G-TYPE FUNCTIONS
    3    3    0
        8.345000  1.00000000  0.00000000  0.00000000
        3.417000  0.00000000  1.00000000  0.00000000
        1.399000  0.00000000  0.00000000  1.00000000
$ H-TYPE FUNCTIONS
    2    2    0
        6.519000  1.00000000  0.00000000
        2.447000  0.00000000  1.00000000
$ I-TYPE FUNCTIONS
    1    1    0
        4.489000  1.00000000
a 13
$ ALUMINUM     (21s,14p,5d,4f,3g,2h,1i) -> [8s,7p,5d,4f,3g,2h,1i]
$ S-TYPE FUNCTIONS
   21    8    0
  3652000.000000  0.00000190 -0.00000050  0.00000010  0.00000000  0.00000000  0.00000000
        0.000000  0.00000000
   546800.000000  0.00001450 -0.00000380  0.00000090  0.00000000  0.00000000  0.00000000
        0.000000  0.00000000
   124500.000000  0.00007620 -0.00001980  0.00000460  0.00000000  0.00000000  0.00000000
        0.000000  0.00000000
    35440.000000  0.00031580 -0.00008210  0.00001900  0.00000000  0.00000000  0.00000000
        0.000000  0.00000000
    11840.000000  0.00109740 -0.00028580  0.00006590  0.00000000  0.00000000  0.00000000
        0.000000  0.00000000
     4434.000000  0.00336970 -0.00087850  0.00020310  0.00000000  0.00000000  0.00000000
        0.000000  0.00000000
     1812.000000  0.00932220 -0.00244820  0.00056470  0.00000000  0.00000000  0.00000000
        0.000000  0.00000000
      791.500000  0.02379920 -0.00631000  0.00146200  0.00000000  0.00000000  0.00000000
        0.000000  0.00000000
      361.000000  0.05681910 -0.01548540  0.00357940  0.00000000  0.00000000  0.00000000
        0.000000  0.00000000
      169.500000  0.12246800 -0.03495890  0.00815160  0.00000000  0.00000000  0.00000000
        0.000000  0.00000000
       81.680000  0.22389700 -0.07077290  0.01652760  0.00000000  0.00000000  0.00000000
        0.000000  0.00000000
       40.280000  0.31344600 -0.11942300  0.02854670  0.00000000  0.00000000  0.00000000
        0.000000  0.00000000
       20.250000  0.27497500 -0.14884200  0.03614840  0.00000000  0.00000000  0.00000000
        0.000000  0.00000000
       10.230000  0.11056400 -0.05904650  0.01538040  0.00000000  0.00000000  0.00000000
        0.000000  0.00000000
        4.802000  0.01192150  0.21669300 -0.06121410  0.00000000  0.00000000  0.00000000
        0.000000  0.00000000
        2.339000  0.00065280  0.47655700 -0.15126300  0.00000000  0.00000000  0.00000000
        0.000000  0.00000000
        1.163000  0.00047350  0.37559000 -0.22301200  1.00000000  0.00000000  0.00000000
        0.000000  0.00000000
        0.588200 -0.00002700  0.08665810 -0.08328640  0.00000000  1.00000000  0.00000000
        0.000000  0.00000000
        0.231100  0.00001760  0.00243370  0.38683000  0.00000000  0.00000000  1.00000000
        0.000000  0.00000000
        0.102700 -0.00001030 -0.00023910  0.59043200  0.00000000  0.00000000  0.00000000
        1.000000  0.00000000
        0.045210  0.00000190  0.00011980  0.21007500  0.00000000  0.00000000  0.00000000
        0.000000  1.00000000
$ P-TYPE FUNCTIONS
   14    7    0
     2884.000000  0.00006380 -0.00000800  0.00000000  0.00000000  0.00000000  0.00000000
        0.000000
      683.200000  0.00056310 -0.00006510  0.00000000  0.00000000  0.00000000  0.00000000
        0.000000
      222.000000  0.00316910 -0.00039990  0.00000000  0.00000000  0.00000000  0.00000000
        0.000000
       84.820000  0.01324010 -0.00153690  0.00000000  0.00000000  0.00000000  0.00000000
        0.000000
       35.810000  0.04334030 -0.00556440  0.00000000  0.00000000  0.00000000  0.00000000
        0.000000
       16.220000  0.11195000 -0.01311060  0.00000000  0.00000000  0.00000000  0.00000000
        0.000000
        7.702000  0.21779600 -0.02972000  0.00000000  0.00000000  0.00000000  0.00000000
        0.000000
        3.741000  0.31167500 -0.03471950  0.00000000  0.00000000  0.00000000  0.00000000
        0.000000
        1.831000  0.31672200 -0.05516210  0.00000000  0.00000000  0.00000000  0.00000000
        0.000000
        0.887800  0.17961300 -0.00216990  1.00000000  0.00000000  0.00000000  0.00000000
        0.000000
        0.398900  0.03151090  0.02515620  0.00000000  1.00000000  0.00000000  0.00000000
        0.000000
        0.171800  0.00007280  0.31722700  0.00000000  0.00000000  1.00000000  0.00000000
        0.000000
        0.072980  0.00065930  0.09778030  0.00000000  0.00000000  0.00000000  1.00000000
        0.000000
        0.030690 -0.00014140  0.71634400  0.00000000  0.00000000  0.00000000  0.00000000
        1.000000
$ D-TYPE FUNCTIONS
    5    5    0
        2.214300  1.00000000  0.00000000  0.00000000  0.00000000  0.00000000
        0.944900  0.00000000  1.00000000  0.00000000  0.00000000  0.00000000
        0.403200  0.00000000  0.00000000  1.00000000  0.00000000  0.00000000
        0.172100  0.00000000  0.00000000  0.00000000  1.00000000  0.00000000
        0.073430  0.00000000  0.00000000  0.00000000  0.00000000  1.00000000
$ F-TYPE FUNCTIONS
    4    4    0
        0.875600  1.00000000  0.00000000  0.00000000  0.00000000
        0.447200  0.00000000  1.00000000  0.00000000  0.00000000
        0.228400  0.00000000  0.00000000  1.00000000  0.00000000
        0.116700  0.00000000  0.00000000  0.00000000  1.00000000
$ G-TYPE FUNCTIONS
    3    3    0
        0.695200  1.00000000  0.00000000  0.00000000
        0.377100  0.00000000  1.00000000  0.00000000
        0.204600  0.00000000  0.00000000  1.00000000
$ H-TYPE FUNCTIONS
    2    2    0
        0.656000  1.00000000  0.00000000
        0.330000  0.00000000  1.00000000
$ I-TYPE FUNCTIONS
    1    1    0
        0.530200  1.00000000
a 14
$ SILICON      (21s,14p,5d,4f,3g,2h,1i) -> [8s,7p,5d,4f,3g,2h,1i]
$ S-TYPE FUNCTIONS
   21    8    0
  4465000.000000  0.00000170 -0.00000050  0.00000010  0.00000000  0.00000000  0.00000000
        0.000000  0.00000000
   668500.000000  0.00001360 -0.00000360  0.00000090  0.00000000  0.00000000  0.00000000
        0.000000  0.00000000
   152200.000000  0.00007140 -0.00001900  0.00000490  0.00000000  0.00000000  0.00000000
        0.000000  0.00000000
    43300.000000  0.00029730 -0.00007910  0.00002030  0.00000000  0.00000000  0.00000000
        0.000000  0.00000000
    14410.000000  0.00103830 -0.00027690  0.00007090  0.00000000  0.00000000  0.00000000
        0.000000  0.00000000
     5394.000000  0.00317470 -0.00084720  0.00021720  0.00000000  0.00000000  0.00000000
        0.000000  0.00000000
     2212.000000  0.00873240 -0.00234780  0.00060130  0.00000000  0.00000000  0.00000000
        0.000000  0.00000000
      968.100000  0.02238300 -0.00607050  0.00155910  0.00000000  0.00000000  0.00000000
        0.000000  0.00000000
      441.200000  0.05372730 -0.01497110  0.00384430  0.00000000  0.00000000  0.00000000
        0.000000  0.00000000
      207.100000  0.11664900 -0.03397290  0.00877970  0.00000000  0.00000000  0.00000000
        0.000000  0.00000000
       99.800000  0.21597800 -0.06945840  0.01803880  0.00000000  0.00000000  0.00000000
        0.000000  0.00000000
       49.240000  0.30956600 -0.11900100  0.03152240  0.00000000  0.00000000  0.00000000
        0.000000  0.00000000
       24.740000  0.28394500 -0.15364500  0.04169050  0.00000000  0.00000000  0.00000000
        0.000000  0.00000000
       12.470000  0.12223200 -0.07046840  0.02009730  0.00000000  0.00000000  0.00000000
        0.000000  0.00000000
        5.795000  0.01419520  0.21314900 -0.06674840  0.00000000  0.00000000  0.00000000
        0.000000  0.00000000
        2.830000  0.00031210  0.49159600 -0.18190600  0.00000000  0.00000000  0.00000000
        0.000000  0.00000000
        1.407000  0.00061900  0.37831000 -0.26029500  1.00000000  0.00000000  0.00000000
        0.000000  0.00000000
        0.699500 -0.00012750  0.07575240 -0.05442000  0.00000000  1.00000000  0.00000000
        0.000000  0.00000000
        0.308300  0.00005060  0.00158400  0.42984500  0.00000000  0.00000000  1.00000000
        0.000000  0.00000000
        0.138500 -0.00002790  0.00034350  0.57876300  0.00000000  0.00000000  0.00000000
        1.000000  0.00000000
        0.061450  0.00000540  0.00005930  0.18973500  0.00000000  0.00000000  0.00000000
        0.000000  1.00000000
$ P-TYPE FUNCTIONS
   14    7    0
     3572.000000  0.00005990 -0.00001280  0.00000000  0.00000000  0.00000000  0.00000000
        0.000000
      846.000000  0.00052960 -0.00011260  0.00000000  0.00000000  0.00000000  0.00000000
        0.000000
      274.800000  0.00299580 -0.00064020  0.00000000  0.00000000  0.00000000  0.00000000
        0.000000
      105.000000  0.01263350 -0.00270290  0.00000000  0.00000000  0.00000000  0.00000000
        0.000000
       44.350000  0.04190440 -0.00907890  0.00000000  0.00000000  0.00000000  0.00000000
        0.000000
       20.080000  0.11025900 -0.02423480  0.00000000  0.00000000  0.00000000  0.00000000
        0.000000
        9.530000  0.21883100 -0.04934600  0.00000000  0.00000000  0.00000000  0.00000000
        0.000000
        4.634000  0.31782800 -0.07258590  0.00000000  0.00000000  0.00000000  0.00000000
        0.000000
        2.280000  0.31942500 -0.08042580  0.00000000  0.00000000  0.00000000  0.00000000
        0.000000
        1.116000  0.17063400 -0.02760760  1.00000000  0.00000000  0.00000000  0.00000000
        0.000000
        0.499100  0.02683420  0.17014800  0.00000000  1.00000000  0.00000000  0.00000000
        0.000000
        0.225400 -0.00030200  0.41115800  0.00000000  0.00000000  1.00000000  0.00000000
        0.000000
        0.100100  0.00079320  0.42507000  0.00000000  0.00000000  0.00000000  1.00000000
        0.000000
        0.043320 -0.00011870  0.14478900  0.00000000  0.00000000  0.00000000  0.00000000
        1.000000
$ D-TYPE FUNCTIONS
    5    5    0
        3.238600  1.00000000  0.00000000  0.00000000  0.00000000  0.00000000
        1.376700  0.00000000  1.00000000  0.00000000  0.00000000  0.00000000
        0.585300  0.00000000  0.00000000  1.00000000  0.00000000  0.00000000
        0.248800  0.00000000  0.00000000  0.00000000  1.00000000  0.00000000
        0.105800  0.00000000  0.00000000  0.00000000  0.00000000  1.00000000
$ F-TYPE FUNCTIONS
    4    4    0
        1.351000  1.00000000  0.00000000  0.00000000  0.00000000
        0.660000  0.00000000  1.00000000  0.00000000  0.00000000
        0.322500  0.00000000  0.00000000  1.00000000  0.00000000
        0.157500  0.00000000  0.00000000  0.00000000  1.00000000
$ G-TYPE FUNCTIONS
    3    3    0
        0.852800  1.00000000  0.00000000  0.00000000
        0.463100  0.00000000  1.00000000  0.00000000
        0.251500  0.00000000  0.00000000  1.00000000
$ H-TYPE FUNCTIONS
    2    2    0
        0.855700  1.00000000  0.00000000
        0.423100  0.00000000  1.00000000
$ I-TYPE FUNCTIONS
    1    1    0
        0.694600  1.00000000
a 15
$ PHOSPHORUS   (21s,14p,5d,4f,3g,2h,1i) -> [8s,7p,5d,4f,3g,2h,1i]
$ S-TYPE FUNCTIONS
   21    8    0
  5384000.000000  0.00000160 -0.00000040  0.00000010  0.00000000  0.00000000  0.00000000
        0.000000  0.00000000
   806200.000000  0.00001280 -0.00000350  0.00000100  0.00000000  0.00000000  0.00000000
        0.000000  0.00000000
   183600.000000  0.00006720 -0.00001830  0.00000500  0.00000000  0.00000000  0.00000000
        0.000000  0.00000000
    52250.000000  0.00027970 -0.00007590  0.00002090  0.00000000  0.00000000  0.00000000
        0.000000  0.00000000
    17390.000000  0.00097670 -0.00026570  0.00007300  0.00000000  0.00000000  0.00000000
        0.000000  0.00000000
     6523.000000  0.00296840 -0.00080800  0.00022210  0.00000000  0.00000000  0.00000000
        0.000000  0.00000000
     2687.000000  0.00812400 -0.00222730  0.00061220  0.00000000  0.00000000  0.00000000
        0.000000  0.00000000
     1178.000000  0.02092000 -0.00578330  0.00159180  0.00000000  0.00000000  0.00000000
        0.000000  0.00000000
      536.200000  0.05055900 -0.01434380  0.00395340  0.00000000  0.00000000  0.00000000
        0.000000  0.00000000
      251.500000  0.11047900 -0.03270610  0.00905720  0.00000000  0.00000000  0.00000000
        0.000000  0.00000000
      121.300000  0.20695700 -0.06737160  0.01879090  0.00000000  0.00000000  0.00000000
        0.000000  0.00000000
       59.880000  0.30473700 -0.11764700  0.03338310  0.00000000  0.00000000  0.00000000
        0.000000  0.00000000
       30.050000  0.29295200 -0.15728000  0.04594840  0.00000000  0.00000000  0.00000000
        0.000000  0.00000000
       15.120000  0.13556100 -0.08385440  0.02552400  0.00000000  0.00000000  0.00000000
        0.000000  0.00000000
        7.010000  0.01732080  0.19971800 -0.06694960  0.00000000  0.00000000  0.00000000
        0.000000  0.00000000
        3.441000 -0.00003520  0.49860500 -0.20364500  0.00000000  0.00000000  0.00000000
        0.000000  0.00000000
        1.712000  0.00080330  0.38981500 -0.28722800  1.00000000  0.00000000  0.00000000
        0.000000  0.00000000
        0.833700 -0.00024380  0.07434100 -0.03382110  0.00000000  1.00000000  0.00000000
        0.000000  0.00000000
        0.391200  0.00009870  0.00073800  0.45448200  0.00000000  0.00000000  1.00000000
        0.000000  0.00000000
        0.177700 -0.00005120  0.00092760  0.56879100  0.00000000  0.00000000  0.00000000
        1.000000  0.00000000
        0.079390  0.00001010 -0.00000170  0.17859000  0.00000000  0.00000000  0.00000000
        0.000000  1.00000000
$ P-TYPE FUNCTIONS
   14    7    0
     4552.000000  0.00005200 -0.00001240  0.00000000  0.00000000  0.00000000  0.00000000
        0.000000
     1078.000000  0.00046040 -0.00010940  0.00000000  0.00000000  0.00000000  0.00000000
        0.000000
      350.100000  0.00262080 -0.00062560  0.00000000  0.00000000  0.00000000  0.00000000
        0.000000
      133.800000  0.01118730 -0.00267340  0.00000000  0.00000000  0.00000000  0.00000000
        0.000000
       56.520000  0.03782290 -0.00915520  0.00000000  0.00000000  0.00000000  0.00000000
        0.000000
       25.580000  0.10211600 -0.02509930  0.00000000  0.00000000  0.00000000  0.00000000
        0.000000
       12.140000  0.21031400 -0.05318100  0.00000000  0.00000000  0.00000000  0.00000000
        0.000000
        5.902000  0.31738300 -0.08158880  0.00000000  0.00000000  0.00000000  0.00000000
        0.000000
        2.910000  0.32716500 -0.09197250  0.00000000  0.00000000  0.00000000  0.00000000
        0.000000
        1.435000  0.17768700 -0.02926680  1.00000000  0.00000000  0.00000000  0.00000000
        0.000000
        0.657000  0.02935800  0.18799600  0.00000000  1.00000000  0.00000000  0.00000000
        0.000000
        0.300500 -0.00007680  0.42719100  0.00000000  0.00000000  1.00000000  0.00000000
        0.000000
        0.134000  0.00067200  0.41014600  0.00000000  0.00000000  0.00000000  1.00000000
        0.000000
        0.057830 -0.00011680  0.12646500  0.00000000  0.00000000  0.00000000  0.00000000
        1.000000
$ D-TYPE FUNCTIONS
    5    5    0
        4.300800  1.00000000  0.00000000  0.00000000  0.00000000  0.00000000
        1.834600  0.00000000  1.00000000  0.00000000  0.00000000  0.00000000
        0.782600  0.00000000  0.00000000  1.00000000  0.00000000  0.00000000
        0.333900  0.00000000  0.00000000  0.00000000  1.00000000  0.00000000
        0.142400  0.00000000  0.00000000  0.00000000  0.00000000  1.00000000
$ F-TYPE FUNCTIONS
    4    4    0
        1.816000  1.00000000  0.00000000  0.00000000  0.00000000
        0.880600  0.00000000  1.00000000  0.00000000  0.00000000
        0.427000  0.00000000  0.00000000  1.00000000  0.00000000
        0.207000  0.00000000  0.00000000  0.00000000  1.00000000
$ G-TYPE FUNCTIONS
    3    3    0
        1.061600  1.00000000  0.00000000  0.00000000
        0.579100  0.00000000  1.00000000  0.00000000
        0.315900  0.00000000  0.00000000  1.00000000
$ H-TYPE FUNCTIONS
    2    2    0
        1.085000  1.00000000  0.00000000
        0.527700  0.00000000  1.00000000
$ I-TYPE FUNCTIONS
    1    1    0
        0.889000  1.00000000
a 16
$ SULFUR       (21s,14p,5d,4f,3g,2h,1i) -> [8s,7p,5d,4f,3g,2h,1i]
$ S-TYPE FUNCTIONS
   21    8    0
  6297000.000000  0.00000160 -0.00000040  0.00000010  0.00000000  0.00000000  0.00000000
        0.000000  0.00000000
   943100.000000  0.00001240 -0.00000340  0.00000100  0.00000000  0.00000000  0.00000000
        0.000000  0.00000000
   214900.000000  0.00006490 -0.00001790  0.00000520  0.00000000  0.00000000  0.00000000
        0.000000  0.00000000
    61250.000000  0.00026930 -0.00007440  0.00002160  0.00000000  0.00000000  0.00000000
        0.000000  0.00000000
    20450.000000  0.00093470 -0.00025870  0.00007510  0.00000000  0.00000000  0.00000000
        0.000000  0.00000000
     7719.000000  0.00280830 -0.00077770  0.00022580  0.00000000  0.00000000  0.00000000
        0.000000  0.00000000
     3198.000000  0.00767400 -0.00213960  0.00062170  0.00000000  0.00000000  0.00000000
        0.000000  0.00000000
     1402.000000  0.01988980 -0.00559060  0.00162510  0.00000000  0.00000000  0.00000000
        0.000000  0.00000000
      637.200000  0.04825890 -0.01390760  0.00405350  0.00000000  0.00000000  0.00000000
        0.000000  0.00000000
      298.900000  0.10575700 -0.03176890  0.00929020  0.00000000  0.00000000  0.00000000
        0.000000  0.00000000
      144.300000  0.20022300 -0.06593020  0.01945610  0.00000000  0.00000000  0.00000000
        0.000000  0.00000000
       71.210000  0.30072800 -0.11683200  0.03500400  0.00000000  0.00000000  0.00000000
        0.000000  0.00000000
       35.730000  0.29868800 -0.15978700  0.04948970  0.00000000  0.00000000  0.00000000
        0.000000  0.00000000
       17.970000  0.14634700 -0.09453220  0.03034430  0.00000000  0.00000000  0.00000000
        0.000000  0.00000000
        8.341000  0.02011590  0.18782800 -0.06636610  0.00000000  0.00000000  0.00000000
        0.000000  0.00000000
        4.112000 -0.00024880  0.50468300 -0.22315400  0.00000000  0.00000000  0.00000000
        0.000000  0.00000000
        2.045000  0.00090090  0.39954500 -0.30960900  1.00000000  0.00000000  0.00000000
        0.000000  0.00000000
        0.977000 -0.00031780  0.07341170 -0.01121920  0.00000000  1.00000000  0.00000000
        0.000000  0.00000000
        0.476600  0.00013090 -0.00010620  0.48103300  0.00000000  0.00000000  1.00000000
        0.000000  0.00000000
        0.218500 -0.00006670  0.00140680  0.55547800  0.00000000  0.00000000  0.00000000
        1.000000  0.00000000
        0.097590  0.00001250 -0.00002880  0.16354200  0.00000000  0.00000000  0.00000000
        0.000000  1.00000000
$ P-TYPE FUNCTIONS
   14    7    0
     5266.000000  0.00005230 -0.00001330  0.00000000  0.00000000  0.00000000  0.00000000
        0.000000
     1247.000000  0.00046350 -0.00011790  0.00000000  0.00000000  0.00000000  0.00000000
        0.000000
      405.000000  0.00264100 -0.00067590  0.00000000  0.00000000  0.00000000  0.00000000
        0.000000
      154.800000  0.01131690 -0.00289730  0.00000000  0.00000000  0.00000000  0.00000000
        0.000000
       65.380000  0.03847040 -0.00999800  0.00000000  0.00000000  0.00000000  0.00000000
        0.000000
       29.590000  0.10433900 -0.02754160  0.00000000  0.00000000  0.00000000  0.00000000
        0.000000
       14.040000  0.21568400 -0.05879430  0.00000000  0.00000000  0.00000000  0.00000000
        0.000000
        6.824000  0.32526000 -0.09037610  0.00000000  0.00000000  0.00000000  0.00000000
        0.000000
        3.369000  0.32617800 -0.09998910  0.00000000  0.00000000  0.00000000  0.00000000
        0.000000
        1.666000  0.16314600 -0.01097980  1.00000000  0.00000000  0.00000000  0.00000000
        0.000000
        0.768100  0.02389820  0.23273200  0.00000000  1.00000000  0.00000000  0.00000000
        0.000000
        0.350400  0.00047380  0.43124900  0.00000000  0.00000000  1.00000000  0.00000000
        0.000000
        0.155600  0.00073520  0.37518600  0.00000000  0.00000000  0.00000000  1.00000000
        0.000000
        0.066810  0.00002240  0.11372900  0.00000000  0.00000000  0.00000000  0.00000000
        1.000000
$ D-TYPE FUNCTIONS
    5    5    0
        5.075500  1.00000000  0.00000000  0.00000000  0.00000000  0.00000000
        2.183300  0.00000000  1.00000000  0.00000000  0.00000000  0.00000000
        0.939200  0.00000000  0.00000000  1.00000000  0.00000000  0.00000000
        0.404000  0.00000000  0.00000000  0.00000000  1.00000000  0.00000000
        0.173800  0.00000000  0.00000000  0.00000000  0.00000000  1.00000000
$ F-TYPE FUNCTIONS
    4    4    0
        1.322200  1.00000000  0.00000000  0.00000000  0.00000000
        0.731900  0.00000000  1.00000000  0.00000000  0.00000000
        0.405100  0.00000000  0.00000000  1.00000000  0.00000000
        0.224300  0.00000000  0.00000000  0.00000000  1.00000000
$ G-TYPE FUNCTIONS
    3    3    0
        1.347300  1.00000000  0.00000000  0.00000000
        0.700900  0.00000000  1.00000000  0.00000000
        0.364700  0.00000000  0.00000000  1.00000000
$ H-TYPE FUNCTIONS
    2    2    0
        1.286100  1.00000000  0.00000000
        0.611500  0.00000000  1.00000000
$ I-TYPE FUNCTIONS
    1    1    0
        1.040900  1.00000000
a 17
$ CHLORINE     (21s,14p,5d,4f,3g,2h,1i) -> [8s,7p,5d,4f,3g,2h,1i]
$ S-TYPE FUNCTIONS
   21    8    0
  7733000.000000  0.00000143 -0.00000040  0.00000012  0.00000000  0.00000000  0.00000000
        0.000000  0.00000000
  1158000.000000  0.00001115 -0.00000312  0.00000095  0.00000000  0.00000000  0.00000000
        0.000000  0.00000000
   263700.000000  0.00005859 -0.00001643  0.00000497  0.00000000  0.00000000  0.00000000
        0.000000  0.00000000
    75010.000000  0.00024452 -0.00006854  0.00002073  0.00000000  0.00000000  0.00000000
        0.000000  0.00000000
    24890.000000  0.00085829 -0.00024100  0.00007294  0.00000000  0.00000000  0.00000000
        0.000000  0.00000000
     9318.000000  0.00261019 -0.00073354  0.00022190  0.00000000  0.00000000  0.00000000
        0.000000  0.00000000
     3840.000000  0.00713784 -0.00201830  0.00061136  0.00000000  0.00000000  0.00000000
        0.000000  0.00000000
     1684.000000  0.01845640 -0.00526107  0.00159337  0.00000000  0.00000000  0.00000000
        0.000000  0.00000000
      766.300000  0.04489440 -0.01309860  0.00398001  0.00000000  0.00000000  0.00000000
        0.000000  0.00000000
      359.500000  0.09938220 -0.03017940  0.00919375  0.00000000  0.00000000  0.00000000
        0.000000  0.00000000
      173.400000  0.19078200 -0.06318880  0.01943990  0.00000000  0.00000000  0.00000000
        0.000000  0.00000000
       85.610000  0.29356500 -0.11385900  0.03551870  0.00000000  0.00000000  0.00000000
        0.000000  0.00000000
       42.930000  0.30647700 -0.16125100  0.05206740  0.00000000  0.00000000  0.00000000
        0.000000  0.00000000
       21.550000  0.16220900 -0.10923400  0.03656440  0.00000000  0.00000000  0.00000000
        0.000000  0.00000000
       10.050000  0.02493830  0.16299900 -0.05975000  0.00000000  0.00000000  0.00000000
        0.000000  0.00000000
        4.978000 -0.00051314  0.50141300 -0.23164100  0.00000000  0.00000000  0.00000000
        0.000000  0.00000000
        2.478000  0.00110241  0.42060700 -0.32984600  1.00000000  0.00000000  0.00000000
        0.000000  0.00000000
        1.180000 -0.00043165  0.08192930 -0.01243200  0.00000000  1.00000000  0.00000000
        0.000000  0.00000000
        0.582800  0.00017868 -0.00003297  0.49182900  0.00000000  0.00000000  1.00000000
        0.000000  0.00000000
        0.266800 -0.00008895  0.00179023  0.55697300  0.00000000  0.00000000  0.00000000
        1.000000  0.00000000
        0.118300  0.00001662 -0.00003829  0.15849700  0.00000000  0.00000000  0.00000000
        0.000000  1.00000000
$ P-TYPE FUNCTIONS
   14    7    0
     6091.000000  0.00005162 -0.00001393  0.00000000  0.00000000  0.00000000  0.00000000
        0.000000
     1442.000000  0.00045847 -0.00012332  0.00000000  0.00000000  0.00000000  0.00000000
        0.000000
      468.300000  0.00261509 -0.00070755  0.00000000  0.00000000  0.00000000  0.00000000
        0.000000
      179.000000  0.01125540 -0.00304939  0.00000000  0.00000000  0.00000000  0.00000000
        0.000000
       75.610000  0.03845770 -0.01057520  0.00000000  0.00000000  0.00000000  0.00000000
        0.000000
       34.220000  0.10508100 -0.02940940  0.00000000  0.00000000  0.00000000  0.00000000
        0.000000
       16.230000  0.21860300 -0.06322960  0.00000000  0.00000000  0.00000000  0.00000000
        0.000000
        7.890000  0.33087400 -0.09818700  0.00000000  0.00000000  0.00000000  0.00000000
        0.000000
        3.898000  0.32587900 -0.10587000  0.00000000  0.00000000  0.00000000  0.00000000
        0.000000
        1.933000  0.15315900  0.00322887  1.00000000  0.00000000  0.00000000  0.00000000
        0.000000
        0.905700  0.02109100  0.25830600  0.00000000  1.00000000  0.00000000  0.00000000
        0.000000
        0.414000  0.00106795  0.43332600  0.00000000  0.00000000  1.00000000  0.00000000
        0.000000
        0.183600  0.00082313  0.35450800  0.00000000  0.00000000  0.00000000  1.00000000
        0.000000
        0.078590  0.00012624  0.10318900  0.00000000  0.00000000  0.00000000  0.00000000
        1.000000
$ D-TYPE FUNCTIONS
    5    5    0
        6.242800  1.00000000  0.00000000  0.00000000  0.00000000  0.00000000
        2.690600  0.00000000  1.00000000  0.00000000  0.00000000  0.00000000
        1.159600  0.00000000  0.00000000  1.00000000  0.00000000  0.00000000
        0.499800  0.00000000  0.00000000  0.00000000  1.00000000  0.00000000
        0.215400  0.00000000  0.00000000  0.00000000  0.00000000  1.00000000
$ F-TYPE FUNCTIONS
    4    4    0
        2.532700  1.00000000  0.00000000  0.00000000  0.00000000
        1.240600  0.00000000  1.00000000  0.00000000  0.00000000
        0.607700  0.00000000  0.00000000  1.00000000  0.00000000
        0.297700  0.00000000  0.00000000  0.00000000  1.00000000
$ G-TYPE FUNCTIONS
    3    3    0
        1.538800  1.00000000  0.00000000  0.00000000
        0.805000  0.00000000  1.00000000  0.00000000
        0.421200  0.00000000  0.00000000  1.00000000
$ H-TYPE FUNCTIONS
    2    2    0
        1.561300  1.00000000  0.00000000
        0.739700  0.00000000  1.00000000
$ I-TYPE FUNCTIONS
    1    1    0
        1.257200  1.00000000
a 18
$ ARGON        (21s,14p,5d,4f,3g,2h,1i) -> [8s,7p,5d,4f,3g,2h,1i]
$ S-TYPE FUNCTIONS
   21    8    0
  9149000.000000  0.00000130 -0.00000040  0.00000010  0.00000000  0.00000000  0.00000000
        0.000000  0.00000000
  1370000.000000  0.00001040 -0.00000300  0.00000090  0.00000000  0.00000000  0.00000000
        0.000000  0.00000000
   311900.000000  0.00005490 -0.00001560  0.00000490  0.00000000  0.00000000  0.00000000
        0.000000  0.00000000
    88650.000000  0.00022960 -0.00006520  0.00002040  0.00000000  0.00000000  0.00000000
        0.000000  0.00000000
    29330.000000  0.00081030 -0.00023040  0.00007200  0.00000000  0.00000000  0.00000000
        0.000000  0.00000000
    10930.000000  0.00248530 -0.00070750  0.00022100  0.00000000  0.00000000  0.00000000
        0.000000  0.00000000
     4480.000000  0.00683690 -0.00195730  0.00061250  0.00000000  0.00000000  0.00000000
        0.000000  0.00000000
     1962.000000  0.01761990 -0.00508560  0.00159080  0.00000000  0.00000000  0.00000000
        0.000000  0.00000000
      894.100000  0.04287520 -0.01265280  0.00397220  0.00000000  0.00000000  0.00000000
        0.000000  0.00000000
      419.600000  0.09548530 -0.02930650  0.00922040  0.00000000  0.00000000  0.00000000
        0.000000  0.00000000
      202.300000  0.18506400 -0.06177120  0.01963670  0.00000000  0.00000000  0.00000000
        0.000000  0.00000000
       99.840000  0.28904200 -0.11254100  0.03625700  0.00000000  0.00000000  0.00000000
        0.000000  0.00000000
       50.070000  0.31016600 -0.16229300  0.05417250  0.00000000  0.00000000  0.00000000
        0.000000  0.00000000
       25.140000  0.17218300 -0.11841200  0.04099960  0.00000000  0.00000000  0.00000000
        0.000000  0.00000000
       11.810000  0.02852270  0.14614800 -0.05517440  0.00000000  0.00000000  0.00000000
        0.000000  0.00000000
        5.882000 -0.00057570  0.49775200 -0.23875400  0.00000000  0.00000000  0.00000000
        0.000000  0.00000000
        2.939000  0.00118120  0.43424000 -0.34526400  1.00000000  0.00000000  0.00000000
        0.000000  0.00000000
        1.405000 -0.00048050  0.08907450 -0.01223840  0.00000000  1.00000000  0.00000000
        0.000000  0.00000000
        0.696300  0.00018880  0.00053810  0.49973700  0.00000000  0.00000000  1.00000000
        0.000000  0.00000000
        0.318800 -0.00009730  0.00204040  0.55688900  0.00000000  0.00000000  0.00000000
        1.000000  0.00000000
        0.141000  0.00001740 -0.00002800  0.15554200  0.00000000  0.00000000  0.00000000
        0.000000  1.00000000
$ P-TYPE FUNCTIONS
   14    7    0
     7050.000000  0.00005020 -0.00001400  0.00000000  0.00000000  0.00000000  0.00000000
        0.000000
     1669.000000  0.00044540 -0.00012430  0.00000000  0.00000000  0.00000000  0.00000000
        0.000000
      542.100000  0.00254800 -0.00071470  0.00000000  0.00000000  0.00000000  0.00000000
        0.000000
      207.100000  0.01101550 -0.00309680  0.00000000  0.00000000  0.00000000  0.00000000
        0.000000
       87.520000  0.03784900 -0.01079610  0.00000000  0.00000000  0.00000000  0.00000000
        0.000000
       39.610000  0.10435500 -0.03035360  0.00000000  0.00000000  0.00000000  0.00000000
        0.000000
       18.780000  0.21933500 -0.06597850  0.00000000  0.00000000  0.00000000  0.00000000
        0.000000
        9.130000  0.33461500 -0.10387700  0.00000000  0.00000000  0.00000000  0.00000000
        0.000000
        4.516000  0.32677100 -0.10995600  0.00000000  0.00000000  0.00000000  0.00000000
        0.000000
        2.245000  0.14815300  0.01332480  1.00000000  0.00000000  0.00000000  0.00000000
        0.000000
        1.065000  0.01925860  0.27428600  0.00000000  1.00000000  0.00000000  0.00000000
        0.000000
        0.488500  0.00055190  0.43493600  0.00000000  0.00000000  1.00000000  0.00000000
        0.000000
        0.216600  0.00017690  0.34097700  0.00000000  0.00000000  0.00000000  1.00000000
        0.000000
        0.092550 -0.00001690  0.09506840  0.00000000  0.00000000  0.00000000  0.00000000
        1.000000
$ D-TYPE FUNCTIONS
    5    5    0
        7.632700  1.00000000  0.00000000  0.00000000  0.00000000  0.00000000
        3.287600  0.00000000  1.00000000  0.00000000  0.00000000  0.00000000
        1.416000  0.00000000  0.00000000  1.00000000  0.00000000  0.00000000
        0.609900  0.00000000  0.00000000  0.00000000  1.00000000  0.00000000
        0.262700  0.00000000  0.00000000  0.00000000  0.00000000  1.00000000
$ F-TYPE FUNCTIONS
    4    4    0
        3.058200  1.00000000  0.00000000  0.00000000  0.00000000
        1.529200  0.00000000  1.00000000  0.00000000  0.00000000
        0.764700  0.00000000  0.00000000  1.00000000  0.00000000
        0.382400  0.00000000  0.00000000  0.00000000  1.00000000
$ G-TYPE FUNCTIONS
    3    3    0
        1.845000  1.00000000  0.00000000  0.00000000
        0.965700  0.00000000  1.00000000  0.00000000
        0.505500  0.00000000  0.00000000  1.00000000
$ H-TYPE FUNCTIONS
    2    2    0
        1.874300  1.00000000  0.00000000
        0.887100  0.00000000  1.00000000
$ I-TYPE FUNCTIONS
    1    1    0
        1.506600  1.00000000

$ END OF BASIS
