$ Basis converted using PRT's splendid code...
$
$ Elements                             References
$ --------                             ----------
$ H He Li Be B C N O F Ne Na Mg Al Si P S Cl Ar : Christof Hattig, Optimization of auxiliary basis sets for RI-MP2 and RI-CC2 calculations: Core-valence and quintuple-? basis sets for H to Ar and QZVPP basis sets for Li to Kr, Physical Chemistry Chemical Physics 7, 59 (2005).
$
a 1
$ Hydrogen
$ Primitive basis   (6s,5p,4d,3f,2g,1h)
$ Contracted basis  [6s,5p,4d,3f,2g,1h]
$ S-TYPE FUNCTIONS
    6    6    0
     23.3215000  1.00000000  0.00000000  0.00000000  0.00000000  0.00000000  0.00000000
      4.9229700  0.00000000  1.00000000  0.00000000  0.00000000  0.00000000  0.00000000
      1.7751000  0.00000000  0.00000000  1.00000000  0.00000000  0.00000000  0.00000000
      0.9942180  0.00000000  0.00000000  0.00000000  1.00000000  0.00000000  0.00000000
      0.5060540  0.00000000  0.00000000  0.00000000  0.00000000  1.00000000  0.00000000
      0.2369110  0.00000000  0.00000000  0.00000000  0.00000000  0.00000000  1.00000000
$ P-TYPE FUNCTIONS
    5    5    0
      5.9745800  1.00000000  0.00000000  0.00000000  0.00000000  0.00000000
      2.0521700  0.00000000  1.00000000  0.00000000  0.00000000  0.00000000
      1.2486600  0.00000000  0.00000000  1.00000000  0.00000000  0.00000000
      0.8055450  0.00000000  0.00000000  0.00000000  1.00000000  0.00000000
      0.3478920  0.00000000  0.00000000  0.00000000  0.00000000  1.00000000
$ D-TYPE FUNCTIONS
    4    4    0
      3.8581600  1.00000000  0.00000000  0.00000000  0.00000000
      1.7106300  0.00000000  1.00000000  0.00000000  0.00000000
      0.9792370  0.00000000  0.00000000  1.00000000  0.00000000
      0.6253660  0.00000000  0.00000000  0.00000000  1.00000000
$ F-TYPE FUNCTIONS
    3    3    0
      3.1015100  1.00000000  0.00000000  0.00000000
      1.1981100  0.00000000  1.00000000  0.00000000
      0.5728730  0.00000000  0.00000000  1.00000000
$ G-TYPE FUNCTIONS
    2    2    0
      2.9878000  1.00000000  0.00000000
      1.2319200  0.00000000  1.00000000
$ H-TYPE FUNCTIONS
    1    1    0
      3.2473900  1.00000000
a 2
$ Helium
$ Primitive basis   (6s,5p,4d,3f,2g,1h)
$ Contracted basis  [6s,5p,4d,3f,2g,1h]
$ S-TYPE FUNCTIONS
    6    6    0
     69.9577000  1.00000000  0.00000000  0.00000000  0.00000000  0.00000000  0.00000000
     15.5692000  0.00000000  1.00000000  0.00000000  0.00000000  0.00000000  0.00000000
      5.0269400  0.00000000  0.00000000  1.00000000  0.00000000  0.00000000  0.00000000
      1.9974600  0.00000000  0.00000000  0.00000000  1.00000000  0.00000000  0.00000000
      0.8479990  0.00000000  0.00000000  0.00000000  0.00000000  1.00000000  0.00000000
      0.3732570  0.00000000  0.00000000  0.00000000  0.00000000  0.00000000  1.00000000
$ P-TYPE FUNCTIONS
    5    5    0
     14.2414000  1.00000000  0.00000000  0.00000000  0.00000000  0.00000000
      4.7851000  0.00000000  1.00000000  0.00000000  0.00000000  0.00000000
      3.2881400  0.00000000  0.00000000  1.00000000  0.00000000  0.00000000
      1.8993300  0.00000000  0.00000000  0.00000000  1.00000000  0.00000000
      0.7722180  0.00000000  0.00000000  0.00000000  0.00000000  1.00000000
$ D-TYPE FUNCTIONS
    4    4    0
     11.0572000  1.00000000  0.00000000  0.00000000  0.00000000
      5.7622300  0.00000000  1.00000000  0.00000000  0.00000000
      3.5200600  0.00000000  0.00000000  1.00000000  0.00000000
      1.3400900  0.00000000  0.00000000  0.00000000  1.00000000
$ F-TYPE FUNCTIONS
    3    3    0
      8.2914600  1.00000000  0.00000000  0.00000000
      5.4501100  0.00000000  1.00000000  0.00000000
      2.2671400  0.00000000  0.00000000  1.00000000
$ G-TYPE FUNCTIONS
    2    2    0
      8.2203100  1.00000000  0.00000000
      4.1598200  0.00000000  1.00000000
$ H-TYPE FUNCTIONS
    1    1    0
      5.8480000  1.00000000
a 3
$ Lithium
$ Primitive basis   (10s,8p,7d,6f,4g,3h,1i)
$ Contracted basis  [10s,8p,7d,6f,4g,3h,1i]
$ S-TYPE FUNCTIONS
   10   10    0
    115.5530000  1.00000000  0.00000000  0.00000000  0.00000000  0.00000000  0.00000000
      0.0000000  0.00000000  0.00000000  0.00000000
     24.2286000  0.00000000  1.00000000  0.00000000  0.00000000  0.00000000  0.00000000
      0.0000000  0.00000000  0.00000000  0.00000000
      7.7953700  0.00000000  0.00000000  1.00000000  0.00000000  0.00000000  0.00000000
      0.0000000  0.00000000  0.00000000  0.00000000
      2.8913600  0.00000000  0.00000000  0.00000000  1.00000000  0.00000000  0.00000000
      0.0000000  0.00000000  0.00000000  0.00000000
      1.4239400  0.00000000  0.00000000  0.00000000  0.00000000  1.00000000  0.00000000
      0.0000000  0.00000000  0.00000000  0.00000000
      0.7059170  0.00000000  0.00000000  0.00000000  0.00000000  0.00000000  1.00000000
      0.0000000  0.00000000  0.00000000  0.00000000
      0.3801230  0.00000000  0.00000000  0.00000000  0.00000000  0.00000000  0.00000000
      1.0000000  0.00000000  0.00000000  0.00000000
      0.2469010  0.00000000  0.00000000  0.00000000  0.00000000  0.00000000  0.00000000
      0.0000000  1.00000000  0.00000000  0.00000000
      0.1235320  0.00000000  0.00000000  0.00000000  0.00000000  0.00000000  0.00000000
      0.0000000  0.00000000  1.00000000  0.00000000
      0.0642881  0.00000000  0.00000000  0.00000000  0.00000000  0.00000000  0.00000000
      0.0000000  0.00000000  0.00000000  1.00000000
$ P-TYPE FUNCTIONS
    8    8    0
     20.0939000  1.00000000  0.00000000  0.00000000  0.00000000  0.00000000  0.00000000
      0.0000000  0.00000000
      6.0814900  0.00000000  1.00000000  0.00000000  0.00000000  0.00000000  0.00000000
      0.0000000  0.00000000
      2.3472600  0.00000000  0.00000000  1.00000000  0.00000000  0.00000000  0.00000000
      0.0000000  0.00000000
      1.0299500  0.00000000  0.00000000  0.00000000  1.00000000  0.00000000  0.00000000
      0.0000000  0.00000000
      0.5201900  0.00000000  0.00000000  0.00000000  0.00000000  1.00000000  0.00000000
      0.0000000  0.00000000
      0.2232760  0.00000000  0.00000000  0.00000000  0.00000000  0.00000000  1.00000000
      0.0000000  0.00000000
      0.1212610  0.00000000  0.00000000  0.00000000  0.00000000  0.00000000  0.00000000
      1.0000000  0.00000000
      0.0727775  0.00000000  0.00000000  0.00000000  0.00000000  0.00000000  0.00000000
      0.0000000  1.00000000
$ D-TYPE FUNCTIONS
    7    7    0
      6.9635800  1.00000000  0.00000000  0.00000000  0.00000000  0.00000000  0.00000000
      0.0000000
      2.6815300  0.00000000  1.00000000  0.00000000  0.00000000  0.00000000  0.00000000
      0.0000000
      1.3516300  0.00000000  0.00000000  1.00000000  0.00000000  0.00000000  0.00000000
      0.0000000
      0.7718930  0.00000000  0.00000000  0.00000000  1.00000000  0.00000000  0.00000000
      0.0000000
      0.3396440  0.00000000  0.00000000  0.00000000  0.00000000  1.00000000  0.00000000
      0.0000000
      0.1734520  0.00000000  0.00000000  0.00000000  0.00000000  0.00000000  1.00000000
      0.0000000
      0.1010780  0.00000000  0.00000000  0.00000000  0.00000000  0.00000000  0.00000000
      1.0000000
$ F-TYPE FUNCTIONS
    6    6    0
      3.2294900  1.00000000  0.00000000  0.00000000  0.00000000  0.00000000  0.00000000
      1.3492900  0.00000000  1.00000000  0.00000000  0.00000000  0.00000000  0.00000000
      0.7646400  0.00000000  0.00000000  1.00000000  0.00000000  0.00000000  0.00000000
      0.4155190  0.00000000  0.00000000  0.00000000  1.00000000  0.00000000  0.00000000
      0.2592800  0.00000000  0.00000000  0.00000000  0.00000000  1.00000000  0.00000000
      0.1560130  0.00000000  0.00000000  0.00000000  0.00000000  0.00000000  1.00000000
$ G-TYPE FUNCTIONS
    4    4    0
      1.8196400  1.00000000  0.00000000  0.00000000  0.00000000
      0.8565170  0.00000000  1.00000000  0.00000000  0.00000000
      0.4349100  0.00000000  0.00000000  1.00000000  0.00000000
      0.1961880  0.00000000  0.00000000  0.00000000  1.00000000
$ H-TYPE FUNCTIONS
    3    3    0
      1.1852800  1.00000000  0.00000000  0.00000000
      0.5986720  0.00000000  1.00000000  0.00000000
      0.4271190  0.00000000  0.00000000  1.00000000
$ I-TYPE FUNCTIONS
    1    1    0
      0.5986720  1.00000000
a 4
$ Beryllium
$ Primitive basis   (10s,8p,7d,6f,4g,3h,1i)
$ Contracted basis  [10s,8p,7d,6f,4g,3h,1i]
$ S-TYPE FUNCTIONS
   10   10    0
    155.4760000  1.00000000  0.00000000  0.00000000  0.00000000  0.00000000  0.00000000
      0.0000000  0.00000000  0.00000000  0.00000000
     33.6165000  0.00000000  1.00000000  0.00000000  0.00000000  0.00000000  0.00000000
      0.0000000  0.00000000  0.00000000  0.00000000
      9.8657500  0.00000000  0.00000000  1.00000000  0.00000000  0.00000000  0.00000000
      0.0000000  0.00000000  0.00000000  0.00000000
      5.1872300  0.00000000  0.00000000  0.00000000  1.00000000  0.00000000  0.00000000
      0.0000000  0.00000000  0.00000000  0.00000000
      2.0482500  0.00000000  0.00000000  0.00000000  0.00000000  1.00000000  0.00000000
      0.0000000  0.00000000  0.00000000  0.00000000
      0.9418240  0.00000000  0.00000000  0.00000000  0.00000000  0.00000000  1.00000000
      0.0000000  0.00000000  0.00000000  0.00000000
      0.4943730  0.00000000  0.00000000  0.00000000  0.00000000  0.00000000  0.00000000
      1.0000000  0.00000000  0.00000000  0.00000000
      0.3045210  0.00000000  0.00000000  0.00000000  0.00000000  0.00000000  0.00000000
      0.0000000  1.00000000  0.00000000  0.00000000
      0.1681880  0.00000000  0.00000000  0.00000000  0.00000000  0.00000000  0.00000000
      0.0000000  0.00000000  1.00000000  0.00000000
      0.0908364  0.00000000  0.00000000  0.00000000  0.00000000  0.00000000  0.00000000
      0.0000000  0.00000000  0.00000000  1.00000000
$ P-TYPE FUNCTIONS
    8    8    0
     29.2263000  1.00000000  0.00000000  0.00000000  0.00000000  0.00000000  0.00000000
      0.0000000  0.00000000
      8.1908700  0.00000000  1.00000000  0.00000000  0.00000000  0.00000000  0.00000000
      0.0000000  0.00000000
      3.2447000  0.00000000  0.00000000  1.00000000  0.00000000  0.00000000  0.00000000
      0.0000000  0.00000000
      1.2746400  0.00000000  0.00000000  0.00000000  1.00000000  0.00000000  0.00000000
      0.0000000  0.00000000
      0.5948850  0.00000000  0.00000000  0.00000000  0.00000000  1.00000000  0.00000000
      0.0000000  0.00000000
      0.2893720  0.00000000  0.00000000  0.00000000  0.00000000  0.00000000  1.00000000
      0.0000000  0.00000000
      0.1484870  0.00000000  0.00000000  0.00000000  0.00000000  0.00000000  0.00000000
      1.0000000  0.00000000
      0.0785465  0.00000000  0.00000000  0.00000000  0.00000000  0.00000000  0.00000000
      0.0000000  1.00000000
$ D-TYPE FUNCTIONS
    7    7    0
      9.7761000  1.00000000  0.00000000  0.00000000  0.00000000  0.00000000  0.00000000
      0.0000000
      3.8180200  0.00000000  1.00000000  0.00000000  0.00000000  0.00000000  0.00000000
      0.0000000
      1.7338300  0.00000000  0.00000000  1.00000000  0.00000000  0.00000000  0.00000000
      0.0000000
      0.8973860  0.00000000  0.00000000  0.00000000  1.00000000  0.00000000  0.00000000
      0.0000000
      0.4539270  0.00000000  0.00000000  0.00000000  0.00000000  1.00000000  0.00000000
      0.0000000
      0.2383890  0.00000000  0.00000000  0.00000000  0.00000000  0.00000000  1.00000000
      0.0000000
      0.1369550  0.00000000  0.00000000  0.00000000  0.00000000  0.00000000  0.00000000
      1.0000000
$ F-TYPE FUNCTIONS
    6    6    0
      4.0910400  1.00000000  0.00000000  0.00000000  0.00000000  0.00000000  0.00000000
      1.7613900  0.00000000  1.00000000  0.00000000  0.00000000  0.00000000  0.00000000
      0.8749920  0.00000000  0.00000000  1.00000000  0.00000000  0.00000000  0.00000000
      0.4970820  0.00000000  0.00000000  0.00000000  1.00000000  0.00000000  0.00000000
      0.3308420  0.00000000  0.00000000  0.00000000  0.00000000  1.00000000  0.00000000
      0.2052940  0.00000000  0.00000000  0.00000000  0.00000000  0.00000000  1.00000000
$ G-TYPE FUNCTIONS
    4    4    0
      2.3561400  1.00000000  0.00000000  0.00000000  0.00000000
      0.7270390  0.00000000  1.00000000  0.00000000  0.00000000
      0.5153300  0.00000000  0.00000000  1.00000000  0.00000000
      0.3803510  0.00000000  0.00000000  0.00000000  1.00000000
$ H-TYPE FUNCTIONS
    3    3    0
      1.5046200  1.00000000  0.00000000  0.00000000
      0.6722110  0.00000000  1.00000000  0.00000000
      0.5117080  0.00000000  0.00000000  1.00000000
$ I-TYPE FUNCTIONS
    1    1    0
      0.6722110  1.00000000
a 5
$ Boron
$ Primitive basis   (10s,8p,7d,6f,4g,3h,1i)
$ Contracted basis  [10s,8p,7d,6f,4g,3h,1i]
$ S-TYPE FUNCTIONS
   10   10    0
    142.7150000  1.00000000  0.00000000  0.00000000  0.00000000  0.00000000  0.00000000
      0.0000000  0.00000000  0.00000000  0.00000000
     34.7573000  0.00000000  1.00000000  0.00000000  0.00000000  0.00000000  0.00000000
      0.0000000  0.00000000  0.00000000  0.00000000
      9.0633200  0.00000000  0.00000000  1.00000000  0.00000000  0.00000000  0.00000000
      0.0000000  0.00000000  0.00000000  0.00000000
      4.1249400  0.00000000  0.00000000  0.00000000  1.00000000  0.00000000  0.00000000
      0.0000000  0.00000000  0.00000000  0.00000000
      2.1032800  0.00000000  0.00000000  0.00000000  0.00000000  1.00000000  0.00000000
      0.0000000  0.00000000  0.00000000  0.00000000
      1.0433100  0.00000000  0.00000000  0.00000000  0.00000000  0.00000000  1.00000000
      0.0000000  0.00000000  0.00000000  0.00000000
      0.5918670  0.00000000  0.00000000  0.00000000  0.00000000  0.00000000  0.00000000
      1.0000000  0.00000000  0.00000000  0.00000000
      0.3874950  0.00000000  0.00000000  0.00000000  0.00000000  0.00000000  0.00000000
      0.0000000  1.00000000  0.00000000  0.00000000
      0.1935790  0.00000000  0.00000000  0.00000000  0.00000000  0.00000000  0.00000000
      0.0000000  0.00000000  1.00000000  0.00000000
      0.1001150  0.00000000  0.00000000  0.00000000  0.00000000  0.00000000  0.00000000
      0.0000000  0.00000000  0.00000000  1.00000000
$ P-TYPE FUNCTIONS
    8    8    0
     36.8023000  1.00000000  0.00000000  0.00000000  0.00000000  0.00000000  0.00000000
      0.0000000  0.00000000
      9.8925600  0.00000000  1.00000000  0.00000000  0.00000000  0.00000000  0.00000000
      0.0000000  0.00000000
      3.5489200  0.00000000  0.00000000  1.00000000  0.00000000  0.00000000  0.00000000
      0.0000000  0.00000000
      1.6771100  0.00000000  0.00000000  0.00000000  1.00000000  0.00000000  0.00000000
      0.0000000  0.00000000
      0.9264200  0.00000000  0.00000000  0.00000000  0.00000000  1.00000000  0.00000000
      0.0000000  0.00000000
      0.4454730  0.00000000  0.00000000  0.00000000  0.00000000  0.00000000  1.00000000
      0.0000000  0.00000000
      0.2486810  0.00000000  0.00000000  0.00000000  0.00000000  0.00000000  0.00000000
      1.0000000  0.00000000
      0.1401950  0.00000000  0.00000000  0.00000000  0.00000000  0.00000000  0.00000000
      0.0000000  1.00000000
$ D-TYPE FUNCTIONS
    7    7    0
     10.8085000  1.00000000  0.00000000  0.00000000  0.00000000  0.00000000  0.00000000
      0.0000000
      4.5546100  0.00000000  1.00000000  0.00000000  0.00000000  0.00000000  0.00000000
      0.0000000
      2.2028700  0.00000000  0.00000000  1.00000000  0.00000000  0.00000000  0.00000000
      0.0000000
      1.0566500  0.00000000  0.00000000  0.00000000  1.00000000  0.00000000  0.00000000
      0.0000000
      0.4951640  0.00000000  0.00000000  0.00000000  0.00000000  1.00000000  0.00000000
      0.0000000
      0.2646490  0.00000000  0.00000000  0.00000000  0.00000000  0.00000000  1.00000000
      0.0000000
      0.1650730  0.00000000  0.00000000  0.00000000  0.00000000  0.00000000  0.00000000
      1.0000000
$ F-TYPE FUNCTIONS
    6    6    0
      4.9089700  1.00000000  0.00000000  0.00000000  0.00000000  0.00000000  0.00000000
      2.4835600  0.00000000  1.00000000  0.00000000  0.00000000  0.00000000  0.00000000
      1.4211700  0.00000000  0.00000000  1.00000000  0.00000000  0.00000000  0.00000000
      0.7243000  0.00000000  0.00000000  0.00000000  1.00000000  0.00000000  0.00000000
      0.3988600  0.00000000  0.00000000  0.00000000  0.00000000  1.00000000  0.00000000
      0.2423970  0.00000000  0.00000000  0.00000000  0.00000000  0.00000000  1.00000000
$ G-TYPE FUNCTIONS
    4    4    0
      3.5601700  1.00000000  0.00000000  0.00000000  0.00000000
      1.3641900  0.00000000  1.00000000  0.00000000  0.00000000
      0.6623070  0.00000000  0.00000000  1.00000000  0.00000000
      0.3937700  0.00000000  0.00000000  0.00000000  1.00000000
$ H-TYPE FUNCTIONS
    3    3    0
      1.8523700  1.00000000  0.00000000  0.00000000
      0.9943330  0.00000000  1.00000000  0.00000000
      0.6259000  0.00000000  0.00000000  1.00000000
$ I-TYPE FUNCTIONS
    1    1    0
      1.1301800  1.00000000
a 6
$ Carbon
$ Primitive basis   (10s,8p,7d,6f,4g,3h,1i)
$ Contracted basis  [10s,8p,7d,6f,4g,3h,1i]
$ S-TYPE FUNCTIONS
   10   10    0
    247.0640000  1.00000000  0.00000000  0.00000000  0.00000000  0.00000000  0.00000000
      0.0000000  0.00000000  0.00000000  0.00000000
     53.4004000  0.00000000  1.00000000  0.00000000  0.00000000  0.00000000  0.00000000
      0.0000000  0.00000000  0.00000000  0.00000000
     13.9320000  0.00000000  0.00000000  1.00000000  0.00000000  0.00000000  0.00000000
      0.0000000  0.00000000  0.00000000  0.00000000
      6.1517900  0.00000000  0.00000000  0.00000000  1.00000000  0.00000000  0.00000000
      0.0000000  0.00000000  0.00000000  0.00000000
      2.8382700  0.00000000  0.00000000  0.00000000  0.00000000  1.00000000  0.00000000
      0.0000000  0.00000000  0.00000000  0.00000000
      1.6979800  0.00000000  0.00000000  0.00000000  0.00000000  0.00000000  1.00000000
      0.0000000  0.00000000  0.00000000  0.00000000
      0.9447630  0.00000000  0.00000000  0.00000000  0.00000000  0.00000000  0.00000000
      1.0000000  0.00000000  0.00000000  0.00000000
      0.5558060  0.00000000  0.00000000  0.00000000  0.00000000  0.00000000  0.00000000
      0.0000000  1.00000000  0.00000000  0.00000000
      0.2574330  0.00000000  0.00000000  0.00000000  0.00000000  0.00000000  0.00000000
      0.0000000  0.00000000  1.00000000  0.00000000
      0.1184980  0.00000000  0.00000000  0.00000000  0.00000000  0.00000000  0.00000000
      0.0000000  0.00000000  0.00000000  1.00000000
$ P-TYPE FUNCTIONS
    8    8    0
     51.5175000  1.00000000  0.00000000  0.00000000  0.00000000  0.00000000  0.00000000
      0.0000000  0.00000000
     14.0972000  0.00000000  1.00000000  0.00000000  0.00000000  0.00000000  0.00000000
      0.0000000  0.00000000
      5.0531900  0.00000000  0.00000000  1.00000000  0.00000000  0.00000000  0.00000000
      0.0000000  0.00000000
      2.5407900  0.00000000  0.00000000  0.00000000  1.00000000  0.00000000  0.00000000
      0.0000000  0.00000000
      1.4205900  0.00000000  0.00000000  0.00000000  0.00000000  1.00000000  0.00000000
      0.0000000  0.00000000
      0.7051450  0.00000000  0.00000000  0.00000000  0.00000000  0.00000000  1.00000000
      0.0000000  0.00000000
      0.3536120  0.00000000  0.00000000  0.00000000  0.00000000  0.00000000  0.00000000
      1.0000000  0.00000000
      0.2237930  0.00000000  0.00000000  0.00000000  0.00000000  0.00000000  0.00000000
      0.0000000  1.00000000
$ D-TYPE FUNCTIONS
    7    7    0
     12.8448000  1.00000000  0.00000000  0.00000000  0.00000000  0.00000000  0.00000000
      0.0000000
      4.9999100  0.00000000  1.00000000  0.00000000  0.00000000  0.00000000  0.00000000
      0.0000000
      3.0001500  0.00000000  0.00000000  1.00000000  0.00000000  0.00000000  0.00000000
      0.0000000
      1.6399800  0.00000000  0.00000000  0.00000000  1.00000000  0.00000000  0.00000000
      0.0000000
      0.7599640  0.00000000  0.00000000  0.00000000  0.00000000  1.00000000  0.00000000
      0.0000000
      0.4130130  0.00000000  0.00000000  0.00000000  0.00000000  0.00000000  1.00000000
      0.0000000
      0.2117490  0.00000000  0.00000000  0.00000000  0.00000000  0.00000000  0.00000000
      1.0000000
$ F-TYPE FUNCTIONS
    6    6    0
      7.5597500  1.00000000  0.00000000  0.00000000  0.00000000  0.00000000  0.00000000
      3.1165400  0.00000000  1.00000000  0.00000000  0.00000000  0.00000000  0.00000000
      2.0543600  0.00000000  0.00000000  1.00000000  0.00000000  0.00000000  0.00000000
      1.1141800  0.00000000  0.00000000  0.00000000  1.00000000  0.00000000  0.00000000
      0.6031840  0.00000000  0.00000000  0.00000000  0.00000000  1.00000000  0.00000000
      0.3346270  0.00000000  0.00000000  0.00000000  0.00000000  0.00000000  1.00000000
$ G-TYPE FUNCTIONS
    4    4    0
      4.2441000  1.00000000  0.00000000  0.00000000  0.00000000
      2.1559900  0.00000000  1.00000000  0.00000000  0.00000000
      1.0231500  0.00000000  0.00000000  1.00000000  0.00000000
      0.5932350  0.00000000  0.00000000  0.00000000  1.00000000
$ H-TYPE FUNCTIONS
    3    3    0
      2.7021900  1.00000000  0.00000000  0.00000000
      1.5080800  0.00000000  1.00000000  0.00000000
      0.8601250  0.00000000  0.00000000  1.00000000
$ I-TYPE FUNCTIONS
    1    1    0
      1.7025800  1.00000000
a 7
$ Nitrogen
$ Primitive basis   (10s,8p,7d,6f,4g,3h,1i)
$ Contracted basis  [10s,8p,7d,6f,4g,3h,1i]
$ S-TYPE FUNCTIONS
   10   10    0
    330.8140000  1.00000000  0.00000000  0.00000000  0.00000000  0.00000000  0.00000000
      0.0000000  0.00000000  0.00000000  0.00000000
     72.6925000  0.00000000  1.00000000  0.00000000  0.00000000  0.00000000  0.00000000
      0.0000000  0.00000000  0.00000000  0.00000000
     18.5153000  0.00000000  0.00000000  1.00000000  0.00000000  0.00000000  0.00000000
      0.0000000  0.00000000  0.00000000  0.00000000
      8.5691000  0.00000000  0.00000000  0.00000000  1.00000000  0.00000000  0.00000000
      0.0000000  0.00000000  0.00000000  0.00000000
      3.8096600  0.00000000  0.00000000  0.00000000  0.00000000  1.00000000  0.00000000
      0.0000000  0.00000000  0.00000000  0.00000000
      2.2483400  0.00000000  0.00000000  0.00000000  0.00000000  0.00000000  1.00000000
      0.0000000  0.00000000  0.00000000  0.00000000
      1.3124100  0.00000000  0.00000000  0.00000000  0.00000000  0.00000000  0.00000000
      1.0000000  0.00000000  0.00000000  0.00000000
      0.7586370  0.00000000  0.00000000  0.00000000  0.00000000  0.00000000  0.00000000
      0.0000000  1.00000000  0.00000000  0.00000000
      0.3788790  0.00000000  0.00000000  0.00000000  0.00000000  0.00000000  0.00000000
      0.0000000  0.00000000  1.00000000  0.00000000
      0.1758880  0.00000000  0.00000000  0.00000000  0.00000000  0.00000000  0.00000000
      0.0000000  0.00000000  0.00000000  1.00000000
$ P-TYPE FUNCTIONS
    8    8    0
     66.9870000  1.00000000  0.00000000  0.00000000  0.00000000  0.00000000  0.00000000
      0.0000000  0.00000000
     18.7498000  0.00000000  1.00000000  0.00000000  0.00000000  0.00000000  0.00000000
      0.0000000  0.00000000
      7.4806400  0.00000000  0.00000000  1.00000000  0.00000000  0.00000000  0.00000000
      0.0000000  0.00000000
      3.7612400  0.00000000  0.00000000  0.00000000  1.00000000  0.00000000  0.00000000
      0.0000000  0.00000000
      2.0756100  0.00000000  0.00000000  0.00000000  0.00000000  1.00000000  0.00000000
      0.0000000  0.00000000
      0.9906520  0.00000000  0.00000000  0.00000000  0.00000000  0.00000000  1.00000000
      0.0000000  0.00000000
      0.5194290  0.00000000  0.00000000  0.00000000  0.00000000  0.00000000  0.00000000
      1.0000000  0.00000000
      0.3119910  0.00000000  0.00000000  0.00000000  0.00000000  0.00000000  0.00000000
      0.0000000  1.00000000
$ D-TYPE FUNCTIONS
    7    7    0
     17.1209000  1.00000000  0.00000000  0.00000000  0.00000000  0.00000000  0.00000000
      0.0000000
      5.8105200  0.00000000  1.00000000  0.00000000  0.00000000  0.00000000  0.00000000
      0.0000000
      3.5506300  0.00000000  0.00000000  1.00000000  0.00000000  0.00000000  0.00000000
      0.0000000
      2.2621800  0.00000000  0.00000000  0.00000000  1.00000000  0.00000000  0.00000000
      0.0000000
      1.1053700  0.00000000  0.00000000  0.00000000  0.00000000  1.00000000  0.00000000
      0.0000000
      0.5685800  0.00000000  0.00000000  0.00000000  0.00000000  0.00000000  1.00000000
      0.0000000
      0.2819380  0.00000000  0.00000000  0.00000000  0.00000000  0.00000000  0.00000000
      1.0000000
$ F-TYPE FUNCTIONS
    6    6    0
     10.1956000  1.00000000  0.00000000  0.00000000  0.00000000  0.00000000  0.00000000
      4.6114900  0.00000000  1.00000000  0.00000000  0.00000000  0.00000000  0.00000000
      2.8184600  0.00000000  0.00000000  1.00000000  0.00000000  0.00000000  0.00000000
      1.5443300  0.00000000  0.00000000  0.00000000  1.00000000  0.00000000  0.00000000
      0.8950750  0.00000000  0.00000000  0.00000000  0.00000000  1.00000000  0.00000000
      0.4704400  0.00000000  0.00000000  0.00000000  0.00000000  0.00000000  1.00000000
$ G-TYPE FUNCTIONS
    4    4    0
      5.4789200  1.00000000  0.00000000  0.00000000  0.00000000
      3.0534700  0.00000000  1.00000000  0.00000000  0.00000000
      1.4827700  0.00000000  0.00000000  1.00000000  0.00000000
      0.8448750  0.00000000  0.00000000  0.00000000  1.00000000
$ H-TYPE FUNCTIONS
    3    3    0
      3.9045700  1.00000000  0.00000000  0.00000000
      2.2940200  0.00000000  1.00000000  0.00000000
      1.3193000  0.00000000  0.00000000  1.00000000
$ I-TYPE FUNCTIONS
    1    1    0
      2.4870900  1.00000000
a 8
$ Oxygen
$ Primitive basis   (10s,8p,7d,6f,4g,3h,1i)
$ Contracted basis  [10s,8p,7d,6f,4g,3h,1i]
$ S-TYPE FUNCTIONS
   10   10    0
    488.5610000  1.00000000  0.00000000  0.00000000  0.00000000  0.00000000  0.00000000
      0.0000000  0.00000000  0.00000000  0.00000000
    105.2790000  0.00000000  1.00000000  0.00000000  0.00000000  0.00000000  0.00000000
      0.0000000  0.00000000  0.00000000  0.00000000
     28.7082000  0.00000000  0.00000000  1.00000000  0.00000000  0.00000000  0.00000000
      0.0000000  0.00000000  0.00000000  0.00000000
     14.8255000  0.00000000  0.00000000  0.00000000  1.00000000  0.00000000  0.00000000
      0.0000000  0.00000000  0.00000000  0.00000000
      5.8315400  0.00000000  0.00000000  0.00000000  0.00000000  1.00000000  0.00000000
      0.0000000  0.00000000  0.00000000  0.00000000
      3.5953700  0.00000000  0.00000000  0.00000000  0.00000000  0.00000000  1.00000000
      0.0000000  0.00000000  0.00000000  0.00000000
      1.9400300  0.00000000  0.00000000  0.00000000  0.00000000  0.00000000  0.00000000
      1.0000000  0.00000000  0.00000000  0.00000000
      1.0585900  0.00000000  0.00000000  0.00000000  0.00000000  0.00000000  0.00000000
      0.0000000  1.00000000  0.00000000  0.00000000
      0.4749110  0.00000000  0.00000000  0.00000000  0.00000000  0.00000000  0.00000000
      0.0000000  0.00000000  1.00000000  0.00000000
      0.2510050  0.00000000  0.00000000  0.00000000  0.00000000  0.00000000  0.00000000
      0.0000000  0.00000000  0.00000000  1.00000000
$ P-TYPE FUNCTIONS
    8    8    0
     94.2566000  1.00000000  0.00000000  0.00000000  0.00000000  0.00000000  0.00000000
      0.0000000  0.00000000
     25.4651000  0.00000000  1.00000000  0.00000000  0.00000000  0.00000000  0.00000000
      0.0000000  0.00000000
     11.0493000  0.00000000  0.00000000  1.00000000  0.00000000  0.00000000  0.00000000
      0.0000000  0.00000000
      4.7087600  0.00000000  0.00000000  0.00000000  1.00000000  0.00000000  0.00000000
      0.0000000  0.00000000
      2.7568800  0.00000000  0.00000000  0.00000000  0.00000000  1.00000000  0.00000000
      0.0000000  0.00000000
      1.2742800  0.00000000  0.00000000  0.00000000  0.00000000  0.00000000  1.00000000
      0.0000000  0.00000000
      0.6966410  0.00000000  0.00000000  0.00000000  0.00000000  0.00000000  0.00000000
      1.0000000  0.00000000
      0.4165190  0.00000000  0.00000000  0.00000000  0.00000000  0.00000000  0.00000000
      0.0000000  1.00000000
$ D-TYPE FUNCTIONS
    7    7    0
     21.9882000  1.00000000  0.00000000  0.00000000  0.00000000  0.00000000  0.00000000
      0.0000000
      7.2744200  0.00000000  1.00000000  0.00000000  0.00000000  0.00000000  0.00000000
      0.0000000
      4.5187800  0.00000000  0.00000000  1.00000000  0.00000000  0.00000000  0.00000000
      0.0000000
      2.7194100  0.00000000  0.00000000  0.00000000  1.00000000  0.00000000  0.00000000
      0.0000000
      1.4421300  0.00000000  0.00000000  0.00000000  0.00000000  1.00000000  0.00000000
      0.0000000
      0.7190240  0.00000000  0.00000000  0.00000000  0.00000000  0.00000000  1.00000000
      0.0000000
      0.3030630  0.00000000  0.00000000  0.00000000  0.00000000  0.00000000  0.00000000
      1.0000000
$ F-TYPE FUNCTIONS
    6    6    0
     14.0987000  1.00000000  0.00000000  0.00000000  0.00000000  0.00000000  0.00000000
      6.4429100  0.00000000  1.00000000  0.00000000  0.00000000  0.00000000  0.00000000
      3.7210400  0.00000000  0.00000000  1.00000000  0.00000000  0.00000000  0.00000000
      2.0937400  0.00000000  0.00000000  0.00000000  1.00000000  0.00000000  0.00000000
      1.1853100  0.00000000  0.00000000  0.00000000  0.00000000  1.00000000  0.00000000
      0.6210130  0.00000000  0.00000000  0.00000000  0.00000000  0.00000000  1.00000000
$ G-TYPE FUNCTIONS
    4    4    0
      7.0140700  1.00000000  0.00000000  0.00000000  0.00000000
      3.8831400  0.00000000  1.00000000  0.00000000  0.00000000
      2.0382500  0.00000000  0.00000000  1.00000000  0.00000000
      1.0078100  0.00000000  0.00000000  0.00000000  1.00000000
$ H-TYPE FUNCTIONS
    3    3    0
      5.4275500  1.00000000  0.00000000  0.00000000
      3.2231200  0.00000000  1.00000000  0.00000000
      1.7240100  0.00000000  0.00000000  1.00000000
$ I-TYPE FUNCTIONS
    1    1    0
      3.2612300  1.00000000
a 9
$ Fluorine
$ Primitive basis   (10s,8p,7d,6f,4g,3h,1i)
$ Contracted basis  [10s,8p,7d,6f,4g,3h,1i]
$ S-TYPE FUNCTIONS
   10   10    0
    645.4240000  1.00000000  0.00000000  0.00000000  0.00000000  0.00000000  0.00000000
      0.0000000  0.00000000  0.00000000  0.00000000
    138.6180000  0.00000000  1.00000000  0.00000000  0.00000000  0.00000000  0.00000000
      0.0000000  0.00000000  0.00000000  0.00000000
     38.7295000  0.00000000  0.00000000  1.00000000  0.00000000  0.00000000  0.00000000
      0.0000000  0.00000000  0.00000000  0.00000000
     21.7236000  0.00000000  0.00000000  0.00000000  1.00000000  0.00000000  0.00000000
      0.0000000  0.00000000  0.00000000  0.00000000
      7.4803500  0.00000000  0.00000000  0.00000000  0.00000000  1.00000000  0.00000000
      0.0000000  0.00000000  0.00000000  0.00000000
      4.2844000  0.00000000  0.00000000  0.00000000  0.00000000  0.00000000  1.00000000
      0.0000000  0.00000000  0.00000000  0.00000000
      2.6019900  0.00000000  0.00000000  0.00000000  0.00000000  0.00000000  0.00000000
      1.0000000  0.00000000  0.00000000  0.00000000
      1.3407800  0.00000000  0.00000000  0.00000000  0.00000000  0.00000000  0.00000000
      0.0000000  1.00000000  0.00000000  0.00000000
      0.6038750  0.00000000  0.00000000  0.00000000  0.00000000  0.00000000  0.00000000
      0.0000000  0.00000000  1.00000000  0.00000000
      0.2999150  0.00000000  0.00000000  0.00000000  0.00000000  0.00000000  0.00000000
      0.0000000  0.00000000  0.00000000  1.00000000
$ P-TYPE FUNCTIONS
    8    8    0
    118.0660000  1.00000000  0.00000000  0.00000000  0.00000000  0.00000000  0.00000000
      0.0000000  0.00000000
     32.0337000  0.00000000  1.00000000  0.00000000  0.00000000  0.00000000  0.00000000
      0.0000000  0.00000000
     13.5925000  0.00000000  0.00000000  1.00000000  0.00000000  0.00000000  0.00000000
      0.0000000  0.00000000
      6.2899100  0.00000000  0.00000000  0.00000000  1.00000000  0.00000000  0.00000000
      0.0000000  0.00000000
      3.4907900  0.00000000  0.00000000  0.00000000  0.00000000  1.00000000  0.00000000
      0.0000000  0.00000000
      1.6393200  0.00000000  0.00000000  0.00000000  0.00000000  0.00000000  1.00000000
      0.0000000  0.00000000
      0.8800170  0.00000000  0.00000000  0.00000000  0.00000000  0.00000000  0.00000000
      1.0000000  0.00000000
      0.5330030  0.00000000  0.00000000  0.00000000  0.00000000  0.00000000  0.00000000
      0.0000000  1.00000000
$ D-TYPE FUNCTIONS
    7    7    0
     27.7676000  1.00000000  0.00000000  0.00000000  0.00000000  0.00000000  0.00000000
      0.0000000
      8.8807600  0.00000000  1.00000000  0.00000000  0.00000000  0.00000000  0.00000000
      0.0000000
      5.4950200  0.00000000  0.00000000  1.00000000  0.00000000  0.00000000  0.00000000
      0.0000000
      2.9711200  0.00000000  0.00000000  0.00000000  1.00000000  0.00000000  0.00000000
      0.0000000
      1.8197200  0.00000000  0.00000000  0.00000000  0.00000000  1.00000000  0.00000000
      0.0000000
      0.8905280  0.00000000  0.00000000  0.00000000  0.00000000  0.00000000  1.00000000
      0.0000000
      0.3675800  0.00000000  0.00000000  0.00000000  0.00000000  0.00000000  0.00000000
      1.0000000
$ F-TYPE FUNCTIONS
    6    6    0
     18.5003000  1.00000000  0.00000000  0.00000000  0.00000000  0.00000000  0.00000000
      8.6086100  0.00000000  1.00000000  0.00000000  0.00000000  0.00000000  0.00000000
      4.9438800  0.00000000  0.00000000  1.00000000  0.00000000  0.00000000  0.00000000
      2.8144900  0.00000000  0.00000000  0.00000000  1.00000000  0.00000000  0.00000000
      1.5815200  0.00000000  0.00000000  0.00000000  0.00000000  1.00000000  0.00000000
      0.8094650  0.00000000  0.00000000  0.00000000  0.00000000  0.00000000  1.00000000
$ G-TYPE FUNCTIONS
    4    4    0
      9.1637000  1.00000000  0.00000000  0.00000000  0.00000000
      4.9366900  0.00000000  1.00000000  0.00000000  0.00000000
      2.7148700  0.00000000  0.00000000  1.00000000  0.00000000
      1.3191900  0.00000000  0.00000000  0.00000000  1.00000000
$ H-TYPE FUNCTIONS
    3    3    0
      7.1046500  1.00000000  0.00000000  0.00000000
      4.1728700  0.00000000  1.00000000  0.00000000
      2.2001000  0.00000000  0.00000000  1.00000000
$ I-TYPE FUNCTIONS
    1    1    0
      4.2237200  1.00000000
a 10
$ Neon
$ Primitive basis   (10s,8p,7d,6f,4g,3h,1i)
$ Contracted basis  [10s,8p,7d,6f,4g,3h,1i]
$ S-TYPE FUNCTIONS
   10   10    0
    812.7200000  1.00000000  0.00000000  0.00000000  0.00000000  0.00000000  0.00000000
      0.0000000  0.00000000  0.00000000  0.00000000
    174.7000000  0.00000000  1.00000000  0.00000000  0.00000000  0.00000000  0.00000000
      0.0000000  0.00000000  0.00000000  0.00000000
     44.5926000  0.00000000  0.00000000  1.00000000  0.00000000  0.00000000  0.00000000
      0.0000000  0.00000000  0.00000000  0.00000000
     26.6945000  0.00000000  0.00000000  0.00000000  1.00000000  0.00000000  0.00000000
      0.0000000  0.00000000  0.00000000  0.00000000
      9.3861800  0.00000000  0.00000000  0.00000000  0.00000000  1.00000000  0.00000000
      0.0000000  0.00000000  0.00000000  0.00000000
      5.4190700  0.00000000  0.00000000  0.00000000  0.00000000  0.00000000  1.00000000
      0.0000000  0.00000000  0.00000000  0.00000000
      3.4055800  0.00000000  0.00000000  0.00000000  0.00000000  0.00000000  0.00000000
      1.0000000  0.00000000  0.00000000  0.00000000
      1.5567000  0.00000000  0.00000000  0.00000000  0.00000000  0.00000000  0.00000000
      0.0000000  1.00000000  0.00000000  0.00000000
      0.7714540  0.00000000  0.00000000  0.00000000  0.00000000  0.00000000  0.00000000
      0.0000000  0.00000000  1.00000000  0.00000000
      0.3700780  0.00000000  0.00000000  0.00000000  0.00000000  0.00000000  0.00000000
      0.0000000  0.00000000  0.00000000  1.00000000
$ P-TYPE FUNCTIONS
    8    8    0
    148.3230000  1.00000000  0.00000000  0.00000000  0.00000000  0.00000000  0.00000000
      0.0000000  0.00000000
     40.0181000  0.00000000  1.00000000  0.00000000  0.00000000  0.00000000  0.00000000
      0.0000000  0.00000000
     18.4576000  0.00000000  0.00000000  1.00000000  0.00000000  0.00000000  0.00000000
      0.0000000  0.00000000
      8.0503200  0.00000000  0.00000000  0.00000000  1.00000000  0.00000000  0.00000000
      0.0000000  0.00000000
      4.3810800  0.00000000  0.00000000  0.00000000  0.00000000  1.00000000  0.00000000
      0.0000000  0.00000000
      2.0758900  0.00000000  0.00000000  0.00000000  0.00000000  0.00000000  1.00000000
      0.0000000  0.00000000
      1.1022300  0.00000000  0.00000000  0.00000000  0.00000000  0.00000000  0.00000000
      1.0000000  0.00000000
      0.6689600  0.00000000  0.00000000  0.00000000  0.00000000  0.00000000  0.00000000
      0.0000000  1.00000000
$ D-TYPE FUNCTIONS
    7    7    0
     34.4842000  1.00000000  0.00000000  0.00000000  0.00000000  0.00000000  0.00000000
      0.0000000
     10.9197000  0.00000000  1.00000000  0.00000000  0.00000000  0.00000000  0.00000000
      0.0000000
      6.8800300  0.00000000  0.00000000  1.00000000  0.00000000  0.00000000  0.00000000
      0.0000000
      3.5330600  0.00000000  0.00000000  0.00000000  1.00000000  0.00000000  0.00000000
      0.0000000
      2.1977100  0.00000000  0.00000000  0.00000000  0.00000000  1.00000000  0.00000000
      0.0000000
      1.1035200  0.00000000  0.00000000  0.00000000  0.00000000  0.00000000  1.00000000
      0.0000000
      0.4492200  0.00000000  0.00000000  0.00000000  0.00000000  0.00000000  0.00000000
      1.0000000
$ F-TYPE FUNCTIONS
    6    6    0
     24.0526000  1.00000000  0.00000000  0.00000000  0.00000000  0.00000000  0.00000000
     11.3246000  0.00000000  1.00000000  0.00000000  0.00000000  0.00000000  0.00000000
      6.3566700  0.00000000  0.00000000  1.00000000  0.00000000  0.00000000  0.00000000
      3.7291600  0.00000000  0.00000000  0.00000000  1.00000000  0.00000000  0.00000000
      2.0283100  0.00000000  0.00000000  0.00000000  0.00000000  1.00000000  0.00000000
      1.0248800  0.00000000  0.00000000  0.00000000  0.00000000  0.00000000  1.00000000
$ G-TYPE FUNCTIONS
    4    4    0
     11.7603000  1.00000000  0.00000000  0.00000000  0.00000000
      6.1875200  0.00000000  1.00000000  0.00000000  0.00000000
      3.4834900  0.00000000  0.00000000  1.00000000  0.00000000
      1.7192800  0.00000000  0.00000000  0.00000000  1.00000000
$ H-TYPE FUNCTIONS
    3    3    0
      8.9986300  1.00000000  0.00000000  0.00000000
      5.2308400  0.00000000  1.00000000  0.00000000
      2.7349700  0.00000000  0.00000000  1.00000000
$ I-TYPE FUNCTIONS
    1    1    0
      5.3352800  1.00000000
a 11
$ Sodium
$ Primitive basis   (12s,11p,9d,7f,5g,3h,1i)
$ Contracted basis  [12s,11p,9d,7f,5g,3h,1i]
$ S-TYPE FUNCTIONS
   12   12    0
    419.6160000  1.00000000  0.00000000  0.00000000  0.00000000  0.00000000  0.00000000
      0.0000000  0.00000000  0.00000000  0.00000000  0.00000000  0.00000000
     76.1844000  0.00000000  1.00000000  0.00000000  0.00000000  0.00000000  0.00000000
      0.0000000  0.00000000  0.00000000  0.00000000  0.00000000  0.00000000
     36.1094000  0.00000000  0.00000000  1.00000000  0.00000000  0.00000000  0.00000000
      0.0000000  0.00000000  0.00000000  0.00000000  0.00000000  0.00000000
     10.6799000  0.00000000  0.00000000  0.00000000  1.00000000  0.00000000  0.00000000
      0.0000000  0.00000000  0.00000000  0.00000000  0.00000000  0.00000000
      5.6206300  0.00000000  0.00000000  0.00000000  0.00000000  1.00000000  0.00000000
      0.0000000  0.00000000  0.00000000  0.00000000  0.00000000  0.00000000
      1.9255600  0.00000000  0.00000000  0.00000000  0.00000000  0.00000000  1.00000000
      0.0000000  0.00000000  0.00000000  0.00000000  0.00000000  0.00000000
      0.8526460  0.00000000  0.00000000  0.00000000  0.00000000  0.00000000  0.00000000
      1.0000000  0.00000000  0.00000000  0.00000000  0.00000000  0.00000000
      0.3875520  0.00000000  0.00000000  0.00000000  0.00000000  0.00000000  0.00000000
      0.0000000  1.00000000  0.00000000  0.00000000  0.00000000  0.00000000
      0.2212640  0.00000000  0.00000000  0.00000000  0.00000000  0.00000000  0.00000000
      0.0000000  0.00000000  1.00000000  0.00000000  0.00000000  0.00000000
      0.1396570  0.00000000  0.00000000  0.00000000  0.00000000  0.00000000  0.00000000
      0.0000000  0.00000000  0.00000000  1.00000000  0.00000000  0.00000000
      0.0845091  0.00000000  0.00000000  0.00000000  0.00000000  0.00000000  0.00000000
      0.0000000  0.00000000  0.00000000  0.00000000  1.00000000  0.00000000
      0.0493757  0.00000000  0.00000000  0.00000000  0.00000000  0.00000000  0.00000000
      0.0000000  0.00000000  0.00000000  0.00000000  0.00000000  1.00000000
$ P-TYPE FUNCTIONS
   11   11    0
     90.0275000  1.00000000  0.00000000  0.00000000  0.00000000  0.00000000  0.00000000
      0.0000000  0.00000000  0.00000000  0.00000000  0.00000000
     22.8330000  0.00000000  1.00000000  0.00000000  0.00000000  0.00000000  0.00000000
      0.0000000  0.00000000  0.00000000  0.00000000  0.00000000
      8.4955200  0.00000000  0.00000000  1.00000000  0.00000000  0.00000000  0.00000000
      0.0000000  0.00000000  0.00000000  0.00000000  0.00000000
      3.9969600  0.00000000  0.00000000  0.00000000  1.00000000  0.00000000  0.00000000
      0.0000000  0.00000000  0.00000000  0.00000000  0.00000000
      1.8546400  0.00000000  0.00000000  0.00000000  0.00000000  1.00000000  0.00000000
      0.0000000  0.00000000  0.00000000  0.00000000  0.00000000
      0.8335720  0.00000000  0.00000000  0.00000000  0.00000000  0.00000000  1.00000000
      0.0000000  0.00000000  0.00000000  0.00000000  0.00000000
      0.4041550  0.00000000  0.00000000  0.00000000  0.00000000  0.00000000  0.00000000
      1.0000000  0.00000000  0.00000000  0.00000000  0.00000000
      0.2207630  0.00000000  0.00000000  0.00000000  0.00000000  0.00000000  0.00000000
      0.0000000  1.00000000  0.00000000  0.00000000  0.00000000
      0.1400950  0.00000000  0.00000000  0.00000000  0.00000000  0.00000000  0.00000000
      0.0000000  0.00000000  1.00000000  0.00000000  0.00000000
      0.0949665  0.00000000  0.00000000  0.00000000  0.00000000  0.00000000  0.00000000
      0.0000000  0.00000000  0.00000000  1.00000000  0.00000000
      0.0555046  0.00000000  0.00000000  0.00000000  0.00000000  0.00000000  0.00000000
      0.0000000  0.00000000  0.00000000  0.00000000  1.00000000
$ D-TYPE FUNCTIONS
    9    9    0
     24.6842000  1.00000000  0.00000000  0.00000000  0.00000000  0.00000000  0.00000000
      0.0000000  0.00000000  0.00000000
      7.3086500  0.00000000  1.00000000  0.00000000  0.00000000  0.00000000  0.00000000
      0.0000000  0.00000000  0.00000000
      2.1614000  0.00000000  0.00000000  1.00000000  0.00000000  0.00000000  0.00000000
      0.0000000  0.00000000  0.00000000
      1.0159800  0.00000000  0.00000000  0.00000000  1.00000000  0.00000000  0.00000000
      0.0000000  0.00000000  0.00000000
      0.4603420  0.00000000  0.00000000  0.00000000  0.00000000  1.00000000  0.00000000
      0.0000000  0.00000000  0.00000000
      0.2641820  0.00000000  0.00000000  0.00000000  0.00000000  0.00000000  1.00000000
      0.0000000  0.00000000  0.00000000
      0.1632620  0.00000000  0.00000000  0.00000000  0.00000000  0.00000000  0.00000000
      1.0000000  0.00000000  0.00000000
      0.1122810  0.00000000  0.00000000  0.00000000  0.00000000  0.00000000  0.00000000
      0.0000000  1.00000000  0.00000000
      0.0717359  0.00000000  0.00000000  0.00000000  0.00000000  0.00000000  0.00000000
      0.0000000  0.00000000  1.00000000
$ F-TYPE FUNCTIONS
    7    7    0
      5.4986000  1.00000000  0.00000000  0.00000000  0.00000000  0.00000000  0.00000000
      0.0000000
      1.8972900  0.00000000  1.00000000  0.00000000  0.00000000  0.00000000  0.00000000
      0.0000000
      0.9060020  0.00000000  0.00000000  1.00000000  0.00000000  0.00000000  0.00000000
      0.0000000
      0.4489080  0.00000000  0.00000000  0.00000000  1.00000000  0.00000000  0.00000000
      0.0000000
      0.2793310  0.00000000  0.00000000  0.00000000  0.00000000  1.00000000  0.00000000
      0.0000000
      0.1698070  0.00000000  0.00000000  0.00000000  0.00000000  0.00000000  1.00000000
      0.0000000
      0.1001100  0.00000000  0.00000000  0.00000000  0.00000000  0.00000000  0.00000000
      1.0000000
$ G-TYPE FUNCTIONS
    5    5    0
      1.9727600  1.00000000  0.00000000  0.00000000  0.00000000  0.00000000
      0.8312740  0.00000000  1.00000000  0.00000000  0.00000000  0.00000000
      0.4443060  0.00000000  0.00000000  1.00000000  0.00000000  0.00000000
      0.2434010  0.00000000  0.00000000  0.00000000  1.00000000  0.00000000
      0.1213530  0.00000000  0.00000000  0.00000000  0.00000000  1.00000000
$ H-TYPE FUNCTIONS
    3    3    0
      1.1966100  1.00000000  0.00000000  0.00000000
      0.5155420  0.00000000  1.00000000  0.00000000
      0.1955970  0.00000000  0.00000000  1.00000000
$ I-TYPE FUNCTIONS
    1    1    0
      0.5336940  1.00000000
a 12
$ Magnesium
$ Primitive basis   (12s,11p,9d,7f,5g,3h,1i)
$ Contracted basis  [12s,11p,9d,7f,5g,3h,1i]
$ S-TYPE FUNCTIONS
   12   12    0
    540.4160000  1.00000000  0.00000000  0.00000000  0.00000000  0.00000000  0.00000000
      0.0000000  0.00000000  0.00000000  0.00000000  0.00000000  0.00000000
    102.1270000  0.00000000  1.00000000  0.00000000  0.00000000  0.00000000  0.00000000
      0.0000000  0.00000000  0.00000000  0.00000000  0.00000000  0.00000000
     43.1114000  0.00000000  0.00000000  1.00000000  0.00000000  0.00000000  0.00000000
      0.0000000  0.00000000  0.00000000  0.00000000  0.00000000  0.00000000
     13.4767000  0.00000000  0.00000000  0.00000000  1.00000000  0.00000000  0.00000000
      0.0000000  0.00000000  0.00000000  0.00000000  0.00000000  0.00000000
      7.3755600  0.00000000  0.00000000  0.00000000  0.00000000  1.00000000  0.00000000
      0.0000000  0.00000000  0.00000000  0.00000000  0.00000000  0.00000000
      2.6068000  0.00000000  0.00000000  0.00000000  0.00000000  0.00000000  1.00000000
      0.0000000  0.00000000  0.00000000  0.00000000  0.00000000  0.00000000
      1.2989700  0.00000000  0.00000000  0.00000000  0.00000000  0.00000000  0.00000000
      1.0000000  0.00000000  0.00000000  0.00000000  0.00000000  0.00000000
      0.5840750  0.00000000  0.00000000  0.00000000  0.00000000  0.00000000  0.00000000
      0.0000000  1.00000000  0.00000000  0.00000000  0.00000000  0.00000000
      0.3301080  0.00000000  0.00000000  0.00000000  0.00000000  0.00000000  0.00000000
      0.0000000  0.00000000  1.00000000  0.00000000  0.00000000  0.00000000
      0.1805050  0.00000000  0.00000000  0.00000000  0.00000000  0.00000000  0.00000000
      0.0000000  0.00000000  0.00000000  1.00000000  0.00000000  0.00000000
      0.1191480  0.00000000  0.00000000  0.00000000  0.00000000  0.00000000  0.00000000
      0.0000000  0.00000000  0.00000000  0.00000000  1.00000000  0.00000000
      0.0691447  0.00000000  0.00000000  0.00000000  0.00000000  0.00000000  0.00000000
      0.0000000  0.00000000  0.00000000  0.00000000  0.00000000  1.00000000
$ P-TYPE FUNCTIONS
   11   11    0
    123.4790000  1.00000000  0.00000000  0.00000000  0.00000000  0.00000000  0.00000000
      0.0000000  0.00000000  0.00000000  0.00000000  0.00000000
     33.4832000  0.00000000  1.00000000  0.00000000  0.00000000  0.00000000  0.00000000
      0.0000000  0.00000000  0.00000000  0.00000000  0.00000000
     12.3366000  0.00000000  0.00000000  1.00000000  0.00000000  0.00000000  0.00000000
      0.0000000  0.00000000  0.00000000  0.00000000  0.00000000
      5.6133800  0.00000000  0.00000000  0.00000000  1.00000000  0.00000000  0.00000000
      0.0000000  0.00000000  0.00000000  0.00000000  0.00000000
      2.4239500  0.00000000  0.00000000  0.00000000  0.00000000  1.00000000  0.00000000
      0.0000000  0.00000000  0.00000000  0.00000000  0.00000000
      1.1578900  0.00000000  0.00000000  0.00000000  0.00000000  0.00000000  1.00000000
      0.0000000  0.00000000  0.00000000  0.00000000  0.00000000
      0.5318150  0.00000000  0.00000000  0.00000000  0.00000000  0.00000000  0.00000000
      1.0000000  0.00000000  0.00000000  0.00000000  0.00000000
      0.2934080  0.00000000  0.00000000  0.00000000  0.00000000  0.00000000  0.00000000
      0.0000000  1.00000000  0.00000000  0.00000000  0.00000000
      0.1941350  0.00000000  0.00000000  0.00000000  0.00000000  0.00000000  0.00000000
      0.0000000  0.00000000  1.00000000  0.00000000  0.00000000
      0.1301560  0.00000000  0.00000000  0.00000000  0.00000000  0.00000000  0.00000000
      0.0000000  0.00000000  0.00000000  1.00000000  0.00000000
      0.0845925  0.00000000  0.00000000  0.00000000  0.00000000  0.00000000  0.00000000
      0.0000000  0.00000000  0.00000000  0.00000000  1.00000000
$ D-TYPE FUNCTIONS
    9    9    0
     28.3542000  1.00000000  0.00000000  0.00000000  0.00000000  0.00000000  0.00000000
      0.0000000  0.00000000  0.00000000
      8.2488000  0.00000000  1.00000000  0.00000000  0.00000000  0.00000000  0.00000000
      0.0000000  0.00000000  0.00000000
      2.9561500  0.00000000  0.00000000  1.00000000  0.00000000  0.00000000  0.00000000
      0.0000000  0.00000000  0.00000000
      1.2873000  0.00000000  0.00000000  0.00000000  1.00000000  0.00000000  0.00000000
      0.0000000  0.00000000  0.00000000
      0.5834600  0.00000000  0.00000000  0.00000000  0.00000000  1.00000000  0.00000000
      0.0000000  0.00000000  0.00000000
      0.3444190  0.00000000  0.00000000  0.00000000  0.00000000  0.00000000  1.00000000
      0.0000000  0.00000000  0.00000000
      0.2224300  0.00000000  0.00000000  0.00000000  0.00000000  0.00000000  0.00000000
      1.0000000  0.00000000  0.00000000
      0.1519290  0.00000000  0.00000000  0.00000000  0.00000000  0.00000000  0.00000000
      0.0000000  1.00000000  0.00000000
      0.0912500  0.00000000  0.00000000  0.00000000  0.00000000  0.00000000  0.00000000
      0.0000000  0.00000000  1.00000000
$ F-TYPE FUNCTIONS
    7    7    0
      6.9506700  1.00000000  0.00000000  0.00000000  0.00000000  0.00000000  0.00000000
      0.0000000
      2.7621400  0.00000000  1.00000000  0.00000000  0.00000000  0.00000000  0.00000000
      0.0000000
      1.2507200  0.00000000  0.00000000  1.00000000  0.00000000  0.00000000  0.00000000
      0.0000000
      0.5759970  0.00000000  0.00000000  0.00000000  1.00000000  0.00000000  0.00000000
      0.0000000
      0.3342570  0.00000000  0.00000000  0.00000000  0.00000000  1.00000000  0.00000000
      0.0000000
      0.2163550  0.00000000  0.00000000  0.00000000  0.00000000  0.00000000  1.00000000
      0.0000000
      0.1260900  0.00000000  0.00000000  0.00000000  0.00000000  0.00000000  0.00000000
      1.0000000
$ G-TYPE FUNCTIONS
    5    5    0
      2.5501000  1.00000000  0.00000000  0.00000000  0.00000000  0.00000000
      1.0726000  0.00000000  1.00000000  0.00000000  0.00000000  0.00000000
      0.5525810  0.00000000  0.00000000  1.00000000  0.00000000  0.00000000
      0.3080500  0.00000000  0.00000000  0.00000000  1.00000000  0.00000000
      0.1465810  0.00000000  0.00000000  0.00000000  0.00000000  1.00000000
$ H-TYPE FUNCTIONS
    3    3    0
      1.5125800  1.00000000  0.00000000  0.00000000
      0.4579200  0.00000000  1.00000000  0.00000000
      0.2925370  0.00000000  0.00000000  1.00000000
$ I-TYPE FUNCTIONS
    1    1    0
      1.0745700  1.00000000
a 13
$ Aluminium
$ Primitive basis   (12s,11p,9d,7f,5g,3h,1i)
$ Contracted basis  [12s,11p,9d,7f,5g,3h,1i]
$ S-TYPE FUNCTIONS
   12   12    0
    622.6580000  1.00000000  0.00000000  0.00000000  0.00000000  0.00000000  0.00000000
      0.0000000  0.00000000  0.00000000  0.00000000  0.00000000  0.00000000
    126.7230000  0.00000000  1.00000000  0.00000000  0.00000000  0.00000000  0.00000000
      0.0000000  0.00000000  0.00000000  0.00000000  0.00000000  0.00000000
     50.9880000  0.00000000  0.00000000  1.00000000  0.00000000  0.00000000  0.00000000
      0.0000000  0.00000000  0.00000000  0.00000000  0.00000000  0.00000000
     16.9015000  0.00000000  0.00000000  0.00000000  1.00000000  0.00000000  0.00000000
      0.0000000  0.00000000  0.00000000  0.00000000  0.00000000  0.00000000
      8.5962800  0.00000000  0.00000000  0.00000000  0.00000000  1.00000000  0.00000000
      0.0000000  0.00000000  0.00000000  0.00000000  0.00000000  0.00000000
      2.9993200  0.00000000  0.00000000  0.00000000  0.00000000  0.00000000  1.00000000
      0.0000000  0.00000000  0.00000000  0.00000000  0.00000000  0.00000000
      1.7032900  0.00000000  0.00000000  0.00000000  0.00000000  0.00000000  0.00000000
      1.0000000  0.00000000  0.00000000  0.00000000  0.00000000  0.00000000
      0.7936730  0.00000000  0.00000000  0.00000000  0.00000000  0.00000000  0.00000000
      0.0000000  1.00000000  0.00000000  0.00000000  0.00000000  0.00000000
      0.4318250  0.00000000  0.00000000  0.00000000  0.00000000  0.00000000  0.00000000
      0.0000000  0.00000000  1.00000000  0.00000000  0.00000000  0.00000000
      0.2637670  0.00000000  0.00000000  0.00000000  0.00000000  0.00000000  0.00000000
      0.0000000  0.00000000  0.00000000  1.00000000  0.00000000  0.00000000
      0.1678920  0.00000000  0.00000000  0.00000000  0.00000000  0.00000000  0.00000000
      0.0000000  0.00000000  0.00000000  0.00000000  1.00000000  0.00000000
      0.0960479  0.00000000  0.00000000  0.00000000  0.00000000  0.00000000  0.00000000
      0.0000000  0.00000000  0.00000000  0.00000000  0.00000000  1.00000000
$ P-TYPE FUNCTIONS
   11   11    0
    181.6550000  1.00000000  0.00000000  0.00000000  0.00000000  0.00000000  0.00000000
      0.0000000  0.00000000  0.00000000  0.00000000  0.00000000
     53.0463000  0.00000000  1.00000000  0.00000000  0.00000000  0.00000000  0.00000000
      0.0000000  0.00000000  0.00000000  0.00000000  0.00000000
     20.4735000  0.00000000  0.00000000  1.00000000  0.00000000  0.00000000  0.00000000
      0.0000000  0.00000000  0.00000000  0.00000000  0.00000000
      8.1982400  0.00000000  0.00000000  0.00000000  1.00000000  0.00000000  0.00000000
      0.0000000  0.00000000  0.00000000  0.00000000  0.00000000
      3.9959400  0.00000000  0.00000000  0.00000000  0.00000000  1.00000000  0.00000000
      0.0000000  0.00000000  0.00000000  0.00000000  0.00000000
      1.7999100  0.00000000  0.00000000  0.00000000  0.00000000  0.00000000  1.00000000
      0.0000000  0.00000000  0.00000000  0.00000000  0.00000000
      0.8607160  0.00000000  0.00000000  0.00000000  0.00000000  0.00000000  0.00000000
      1.0000000  0.00000000  0.00000000  0.00000000  0.00000000
      0.5409310  0.00000000  0.00000000  0.00000000  0.00000000  0.00000000  0.00000000
      0.0000000  1.00000000  0.00000000  0.00000000  0.00000000
      0.3209450  0.00000000  0.00000000  0.00000000  0.00000000  0.00000000  0.00000000
      0.0000000  0.00000000  1.00000000  0.00000000  0.00000000
      0.2055760  0.00000000  0.00000000  0.00000000  0.00000000  0.00000000  0.00000000
      0.0000000  0.00000000  0.00000000  1.00000000  0.00000000
      0.0970405  0.00000000  0.00000000  0.00000000  0.00000000  0.00000000  0.00000000
      0.0000000  0.00000000  0.00000000  0.00000000  1.00000000
$ D-TYPE FUNCTIONS
    9    9    0
     43.0134000  1.00000000  0.00000000  0.00000000  0.00000000  0.00000000  0.00000000
      0.0000000  0.00000000  0.00000000
     13.0651000  0.00000000  1.00000000  0.00000000  0.00000000  0.00000000  0.00000000
      0.0000000  0.00000000  0.00000000
      4.5289500  0.00000000  0.00000000  1.00000000  0.00000000  0.00000000  0.00000000
      0.0000000  0.00000000  0.00000000
      2.0055400  0.00000000  0.00000000  0.00000000  1.00000000  0.00000000  0.00000000
      0.0000000  0.00000000  0.00000000
      0.8500340  0.00000000  0.00000000  0.00000000  0.00000000  1.00000000  0.00000000
      0.0000000  0.00000000  0.00000000
      0.4848880  0.00000000  0.00000000  0.00000000  0.00000000  0.00000000  1.00000000
      0.0000000  0.00000000  0.00000000
      0.3194100  0.00000000  0.00000000  0.00000000  0.00000000  0.00000000  0.00000000
      1.0000000  0.00000000  0.00000000
      0.2098920  0.00000000  0.00000000  0.00000000  0.00000000  0.00000000  0.00000000
      0.0000000  1.00000000  0.00000000
      0.1205130  0.00000000  0.00000000  0.00000000  0.00000000  0.00000000  0.00000000
      0.0000000  0.00000000  1.00000000
$ F-TYPE FUNCTIONS
    7    7    0
      9.0822300  1.00000000  0.00000000  0.00000000  0.00000000  0.00000000  0.00000000
      0.0000000
      4.2961700  0.00000000  1.00000000  0.00000000  0.00000000  0.00000000  0.00000000
      0.0000000
      1.5080900  0.00000000  0.00000000  1.00000000  0.00000000  0.00000000  0.00000000
      0.0000000
      0.7479700  0.00000000  0.00000000  0.00000000  1.00000000  0.00000000  0.00000000
      0.0000000
      0.4390910  0.00000000  0.00000000  0.00000000  0.00000000  1.00000000  0.00000000
      0.0000000
      0.2782180  0.00000000  0.00000000  0.00000000  0.00000000  0.00000000  1.00000000
      0.0000000
      0.1700210  0.00000000  0.00000000  0.00000000  0.00000000  0.00000000  0.00000000
      1.0000000
$ G-TYPE FUNCTIONS
    5    5    0
      3.2409400  1.00000000  0.00000000  0.00000000  0.00000000  0.00000000
      1.4407400  0.00000000  1.00000000  0.00000000  0.00000000  0.00000000
      0.6307600  0.00000000  0.00000000  1.00000000  0.00000000  0.00000000
      0.3689410  0.00000000  0.00000000  0.00000000  1.00000000  0.00000000
      0.1796010  0.00000000  0.00000000  0.00000000  0.00000000  1.00000000
$ H-TYPE FUNCTIONS
    3    3    0
      1.8503400  1.00000000  0.00000000  0.00000000
      0.6134910  0.00000000  1.00000000  0.00000000
      0.3604250  0.00000000  0.00000000  1.00000000
$ I-TYPE FUNCTIONS
    1    1    0
      0.5994550  1.00000000
a 14
$ Silicon
$ Primitive basis   (12s,11p,9d,7f,5g,3h,1i)
$ Contracted basis  [12s,11p,9d,7f,5g,3h,1i]
$ S-TYPE FUNCTIONS
   12   12    0
    731.4750000  1.00000000  0.00000000  0.00000000  0.00000000  0.00000000  0.00000000
      0.0000000  0.00000000  0.00000000  0.00000000  0.00000000  0.00000000
    151.8230000  0.00000000  1.00000000  0.00000000  0.00000000  0.00000000  0.00000000
      0.0000000  0.00000000  0.00000000  0.00000000  0.00000000  0.00000000
     67.6721000  0.00000000  0.00000000  1.00000000  0.00000000  0.00000000  0.00000000
      0.0000000  0.00000000  0.00000000  0.00000000  0.00000000  0.00000000
     20.4136000  0.00000000  0.00000000  0.00000000  1.00000000  0.00000000  0.00000000
      0.0000000  0.00000000  0.00000000  0.00000000  0.00000000  0.00000000
      9.7764100  0.00000000  0.00000000  0.00000000  0.00000000  1.00000000  0.00000000
      0.0000000  0.00000000  0.00000000  0.00000000  0.00000000  0.00000000
      3.9150000  0.00000000  0.00000000  0.00000000  0.00000000  0.00000000  1.00000000
      0.0000000  0.00000000  0.00000000  0.00000000  0.00000000  0.00000000
      2.1326200  0.00000000  0.00000000  0.00000000  0.00000000  0.00000000  0.00000000
      1.0000000  0.00000000  0.00000000  0.00000000  0.00000000  0.00000000
      1.0763000  0.00000000  0.00000000  0.00000000  0.00000000  0.00000000  0.00000000
      0.0000000  1.00000000  0.00000000  0.00000000  0.00000000  0.00000000
      0.5922850  0.00000000  0.00000000  0.00000000  0.00000000  0.00000000  0.00000000
      0.0000000  0.00000000  1.00000000  0.00000000  0.00000000  0.00000000
      0.3826370  0.00000000  0.00000000  0.00000000  0.00000000  0.00000000  0.00000000
      0.0000000  0.00000000  0.00000000  1.00000000  0.00000000  0.00000000
      0.1970980  0.00000000  0.00000000  0.00000000  0.00000000  0.00000000  0.00000000
      0.0000000  0.00000000  0.00000000  0.00000000  1.00000000  0.00000000
      0.1100140  0.00000000  0.00000000  0.00000000  0.00000000  0.00000000  0.00000000
      0.0000000  0.00000000  0.00000000  0.00000000  0.00000000  1.00000000
$ P-TYPE FUNCTIONS
   11   11    0
    203.9340000  1.00000000  0.00000000  0.00000000  0.00000000  0.00000000  0.00000000
      0.0000000  0.00000000  0.00000000  0.00000000  0.00000000
     60.7238000  0.00000000  1.00000000  0.00000000  0.00000000  0.00000000  0.00000000
      0.0000000  0.00000000  0.00000000  0.00000000  0.00000000
     22.8001000  0.00000000  0.00000000  1.00000000  0.00000000  0.00000000  0.00000000
      0.0000000  0.00000000  0.00000000  0.00000000  0.00000000
     10.0991000  0.00000000  0.00000000  0.00000000  1.00000000  0.00000000  0.00000000
      0.0000000  0.00000000  0.00000000  0.00000000  0.00000000
      4.8259700  0.00000000  0.00000000  0.00000000  0.00000000  1.00000000  0.00000000
      0.0000000  0.00000000  0.00000000  0.00000000  0.00000000
      2.3901500  0.00000000  0.00000000  0.00000000  0.00000000  0.00000000  1.00000000
      0.0000000  0.00000000  0.00000000  0.00000000  0.00000000
      1.0785800  0.00000000  0.00000000  0.00000000  0.00000000  0.00000000  0.00000000
      1.0000000  0.00000000  0.00000000  0.00000000  0.00000000
      0.6741510  0.00000000  0.00000000  0.00000000  0.00000000  0.00000000  0.00000000
      0.0000000  1.00000000  0.00000000  0.00000000  0.00000000
      0.4584570  0.00000000  0.00000000  0.00000000  0.00000000  0.00000000  0.00000000
      0.0000000  0.00000000  1.00000000  0.00000000  0.00000000
      0.2727790  0.00000000  0.00000000  0.00000000  0.00000000  0.00000000  0.00000000
      0.0000000  0.00000000  0.00000000  1.00000000  0.00000000
      0.1308810  0.00000000  0.00000000  0.00000000  0.00000000  0.00000000  0.00000000
      0.0000000  0.00000000  0.00000000  0.00000000  1.00000000
$ D-TYPE FUNCTIONS
    9    9    0
     56.7104000  1.00000000  0.00000000  0.00000000  0.00000000  0.00000000  0.00000000
      0.0000000  0.00000000  0.00000000
     17.8863000  0.00000000  1.00000000  0.00000000  0.00000000  0.00000000  0.00000000
      0.0000000  0.00000000  0.00000000
      6.1512800  0.00000000  0.00000000  1.00000000  0.00000000  0.00000000  0.00000000
      0.0000000  0.00000000  0.00000000
      2.9973700  0.00000000  0.00000000  0.00000000  1.00000000  0.00000000  0.00000000
      0.0000000  0.00000000  0.00000000
      1.2967600  0.00000000  0.00000000  0.00000000  0.00000000  1.00000000  0.00000000
      0.0000000  0.00000000  0.00000000
      0.7489830  0.00000000  0.00000000  0.00000000  0.00000000  0.00000000  1.00000000
      0.0000000  0.00000000  0.00000000
      0.4064640  0.00000000  0.00000000  0.00000000  0.00000000  0.00000000  0.00000000
      1.0000000  0.00000000  0.00000000
      0.2501990  0.00000000  0.00000000  0.00000000  0.00000000  0.00000000  0.00000000
      0.0000000  1.00000000  0.00000000
      0.1461500  0.00000000  0.00000000  0.00000000  0.00000000  0.00000000  0.00000000
      0.0000000  0.00000000  1.00000000
$ F-TYPE FUNCTIONS
    7    7    0
     12.9437000  1.00000000  0.00000000  0.00000000  0.00000000  0.00000000  0.00000000
      0.0000000
      6.0638900  0.00000000  1.00000000  0.00000000  0.00000000  0.00000000  0.00000000
      0.0000000
      2.6183700  0.00000000  0.00000000  1.00000000  0.00000000  0.00000000  0.00000000
      0.0000000
      1.0981200  0.00000000  0.00000000  0.00000000  1.00000000  0.00000000  0.00000000
      0.0000000
      0.6422330  0.00000000  0.00000000  0.00000000  0.00000000  1.00000000  0.00000000
      0.0000000
      0.4207350  0.00000000  0.00000000  0.00000000  0.00000000  0.00000000  1.00000000
      0.0000000
      0.2162890  0.00000000  0.00000000  0.00000000  0.00000000  0.00000000  0.00000000
      1.0000000
$ G-TYPE FUNCTIONS
    5    5    0
      3.9758800  1.00000000  0.00000000  0.00000000  0.00000000  0.00000000
      1.7808100  0.00000000  1.00000000  0.00000000  0.00000000  0.00000000
      0.8270030  0.00000000  0.00000000  1.00000000  0.00000000  0.00000000
      0.5092260  0.00000000  0.00000000  0.00000000  1.00000000  0.00000000
      0.2561730  0.00000000  0.00000000  0.00000000  0.00000000  1.00000000
$ H-TYPE FUNCTIONS
    3    3    0
      2.3618000  1.00000000  0.00000000  0.00000000
      0.8453210  0.00000000  1.00000000  0.00000000
      0.4844250  0.00000000  0.00000000  1.00000000
$ I-TYPE FUNCTIONS
    1    1    0
      0.7943160  1.00000000
a 15
$ Phosphorus
$ Primitive basis   (12s,11p,9d,7f,5g,3h,1i)
$ Contracted basis  [12s,11p,9d,7f,5g,3h,1i]
$ S-TYPE FUNCTIONS
   12   12    0
    901.7380000  1.00000000  0.00000000  0.00000000  0.00000000  0.00000000  0.00000000
      0.0000000  0.00000000  0.00000000  0.00000000  0.00000000  0.00000000
    197.0960000  0.00000000  1.00000000  0.00000000  0.00000000  0.00000000  0.00000000
      0.0000000  0.00000000  0.00000000  0.00000000  0.00000000  0.00000000
     81.7523000  0.00000000  0.00000000  1.00000000  0.00000000  0.00000000  0.00000000
      0.0000000  0.00000000  0.00000000  0.00000000  0.00000000  0.00000000
     26.0555000  0.00000000  0.00000000  0.00000000  1.00000000  0.00000000  0.00000000
      0.0000000  0.00000000  0.00000000  0.00000000  0.00000000  0.00000000
     10.9624000  0.00000000  0.00000000  0.00000000  0.00000000  1.00000000  0.00000000
      0.0000000  0.00000000  0.00000000  0.00000000  0.00000000  0.00000000
      4.7376500  0.00000000  0.00000000  0.00000000  0.00000000  0.00000000  1.00000000
      0.0000000  0.00000000  0.00000000  0.00000000  0.00000000  0.00000000
      2.7614200  0.00000000  0.00000000  0.00000000  0.00000000  0.00000000  0.00000000
      1.0000000  0.00000000  0.00000000  0.00000000  0.00000000  0.00000000
      1.2286600  0.00000000  0.00000000  0.00000000  0.00000000  0.00000000  0.00000000
      0.0000000  1.00000000  0.00000000  0.00000000  0.00000000  0.00000000
      0.6953790  0.00000000  0.00000000  0.00000000  0.00000000  0.00000000  0.00000000
      0.0000000  0.00000000  1.00000000  0.00000000  0.00000000  0.00000000
      0.4506320  0.00000000  0.00000000  0.00000000  0.00000000  0.00000000  0.00000000
      0.0000000  0.00000000  0.00000000  1.00000000  0.00000000  0.00000000
      0.2308040  0.00000000  0.00000000  0.00000000  0.00000000  0.00000000  0.00000000
      0.0000000  0.00000000  0.00000000  0.00000000  1.00000000  0.00000000
      0.1332650  0.00000000  0.00000000  0.00000000  0.00000000  0.00000000  0.00000000
      0.0000000  0.00000000  0.00000000  0.00000000  0.00000000  1.00000000
$ P-TYPE FUNCTIONS
   11   11    0
    247.8390000  1.00000000  0.00000000  0.00000000  0.00000000  0.00000000  0.00000000
      0.0000000  0.00000000  0.00000000  0.00000000  0.00000000
     74.9527000  0.00000000  1.00000000  0.00000000  0.00000000  0.00000000  0.00000000
      0.0000000  0.00000000  0.00000000  0.00000000  0.00000000
     26.4368000  0.00000000  0.00000000  1.00000000  0.00000000  0.00000000  0.00000000
      0.0000000  0.00000000  0.00000000  0.00000000  0.00000000
     12.2705000  0.00000000  0.00000000  0.00000000  1.00000000  0.00000000  0.00000000
      0.0000000  0.00000000  0.00000000  0.00000000  0.00000000
      5.6868100  0.00000000  0.00000000  0.00000000  0.00000000  1.00000000  0.00000000
      0.0000000  0.00000000  0.00000000  0.00000000  0.00000000
      2.7840100  0.00000000  0.00000000  0.00000000  0.00000000  0.00000000  1.00000000
      0.0000000  0.00000000  0.00000000  0.00000000  0.00000000
      1.3535400  0.00000000  0.00000000  0.00000000  0.00000000  0.00000000  0.00000000
      1.0000000  0.00000000  0.00000000  0.00000000  0.00000000
      0.8378640  0.00000000  0.00000000  0.00000000  0.00000000  0.00000000  0.00000000
      0.0000000  1.00000000  0.00000000  0.00000000  0.00000000
      0.5338200  0.00000000  0.00000000  0.00000000  0.00000000  0.00000000  0.00000000
      0.0000000  0.00000000  1.00000000  0.00000000  0.00000000
      0.3446290  0.00000000  0.00000000  0.00000000  0.00000000  0.00000000  0.00000000
      0.0000000  0.00000000  0.00000000  1.00000000  0.00000000
      0.1543520  0.00000000  0.00000000  0.00000000  0.00000000  0.00000000  0.00000000
      0.0000000  0.00000000  0.00000000  0.00000000  1.00000000
$ D-TYPE FUNCTIONS
    9    9    0
     74.2653000  1.00000000  0.00000000  0.00000000  0.00000000  0.00000000  0.00000000
      0.0000000  0.00000000  0.00000000
     23.9330000  0.00000000  1.00000000  0.00000000  0.00000000  0.00000000  0.00000000
      0.0000000  0.00000000  0.00000000
      8.1602000  0.00000000  0.00000000  1.00000000  0.00000000  0.00000000  0.00000000
      0.0000000  0.00000000  0.00000000
      4.1032300  0.00000000  0.00000000  0.00000000  1.00000000  0.00000000  0.00000000
      0.0000000  0.00000000  0.00000000
      1.5631600  0.00000000  0.00000000  0.00000000  0.00000000  1.00000000  0.00000000
      0.0000000  0.00000000  0.00000000
      0.9963520  0.00000000  0.00000000  0.00000000  0.00000000  0.00000000  1.00000000
      0.0000000  0.00000000  0.00000000
      0.5695530  0.00000000  0.00000000  0.00000000  0.00000000  0.00000000  0.00000000
      1.0000000  0.00000000  0.00000000
      0.3086190  0.00000000  0.00000000  0.00000000  0.00000000  0.00000000  0.00000000
      0.0000000  1.00000000  0.00000000
      0.1665580  0.00000000  0.00000000  0.00000000  0.00000000  0.00000000  0.00000000
      0.0000000  0.00000000  1.00000000
$ F-TYPE FUNCTIONS
    7    7    0
     15.7312000  1.00000000  0.00000000  0.00000000  0.00000000  0.00000000  0.00000000
      0.0000000
      7.5114900  0.00000000  1.00000000  0.00000000  0.00000000  0.00000000  0.00000000
      0.0000000
      3.5780700  0.00000000  0.00000000  1.00000000  0.00000000  0.00000000  0.00000000
      0.0000000
      1.3377500  0.00000000  0.00000000  0.00000000  1.00000000  0.00000000  0.00000000
      0.0000000
      1.0047800  0.00000000  0.00000000  0.00000000  0.00000000  1.00000000  0.00000000
      0.0000000
      0.5558560  0.00000000  0.00000000  0.00000000  0.00000000  0.00000000  1.00000000
      0.0000000
      0.2956320  0.00000000  0.00000000  0.00000000  0.00000000  0.00000000  0.00000000
      1.0000000
$ G-TYPE FUNCTIONS
    5    5    0
      4.7975500  1.00000000  0.00000000  0.00000000  0.00000000  0.00000000
      2.0630300  0.00000000  1.00000000  0.00000000  0.00000000  0.00000000
      1.1055400  0.00000000  0.00000000  1.00000000  0.00000000  0.00000000
      0.6665410  0.00000000  0.00000000  0.00000000  1.00000000  0.00000000
      0.3408770  0.00000000  0.00000000  0.00000000  0.00000000  1.00000000
$ H-TYPE FUNCTIONS
    3    3    0
      2.9627100  1.00000000  0.00000000  0.00000000
      1.1172500  0.00000000  1.00000000  0.00000000
      0.6348870  0.00000000  0.00000000  1.00000000
$ I-TYPE FUNCTIONS
    1    1    0
      1.0264700  1.00000000
a 16
$ Sulfur
$ Primitive basis   (12s,11p,9d,7f,5g,3h,1i)
$ Contracted basis  [12s,11p,9d,7f,5g,3h,1i]
$ S-TYPE FUNCTIONS
   12   12    0
   1061.1400000  1.00000000  0.00000000  0.00000000  0.00000000  0.00000000  0.00000000
      0.0000000  0.00000000  0.00000000  0.00000000  0.00000000  0.00000000
    244.7990000  0.00000000  1.00000000  0.00000000  0.00000000  0.00000000  0.00000000
      0.0000000  0.00000000  0.00000000  0.00000000  0.00000000  0.00000000
     98.4461000  0.00000000  0.00000000  1.00000000  0.00000000  0.00000000  0.00000000
      0.0000000  0.00000000  0.00000000  0.00000000  0.00000000  0.00000000
     28.0108000  0.00000000  0.00000000  0.00000000  1.00000000  0.00000000  0.00000000
      0.0000000  0.00000000  0.00000000  0.00000000  0.00000000  0.00000000
     12.8432000  0.00000000  0.00000000  0.00000000  0.00000000  1.00000000  0.00000000
      0.0000000  0.00000000  0.00000000  0.00000000  0.00000000  0.00000000
      6.0429100  0.00000000  0.00000000  0.00000000  0.00000000  0.00000000  1.00000000
      0.0000000  0.00000000  0.00000000  0.00000000  0.00000000  0.00000000
      3.1363100  0.00000000  0.00000000  0.00000000  0.00000000  0.00000000  0.00000000
      1.0000000  0.00000000  0.00000000  0.00000000  0.00000000  0.00000000
      1.5450100  0.00000000  0.00000000  0.00000000  0.00000000  0.00000000  0.00000000
      0.0000000  1.00000000  0.00000000  0.00000000  0.00000000  0.00000000
      0.8922430  0.00000000  0.00000000  0.00000000  0.00000000  0.00000000  0.00000000
      0.0000000  0.00000000  1.00000000  0.00000000  0.00000000  0.00000000
      0.5718600  0.00000000  0.00000000  0.00000000  0.00000000  0.00000000  0.00000000
      0.0000000  0.00000000  0.00000000  1.00000000  0.00000000  0.00000000
      0.2798880  0.00000000  0.00000000  0.00000000  0.00000000  0.00000000  0.00000000
      0.0000000  0.00000000  0.00000000  0.00000000  1.00000000  0.00000000
      0.1576490  0.00000000  0.00000000  0.00000000  0.00000000  0.00000000  0.00000000
      0.0000000  0.00000000  0.00000000  0.00000000  0.00000000  1.00000000
$ P-TYPE FUNCTIONS
   11   11    0
    305.7330000  1.00000000  0.00000000  0.00000000  0.00000000  0.00000000  0.00000000
      0.0000000  0.00000000  0.00000000  0.00000000  0.00000000
     91.9080000  0.00000000  1.00000000  0.00000000  0.00000000  0.00000000  0.00000000
      0.0000000  0.00000000  0.00000000  0.00000000  0.00000000
     32.3781000  0.00000000  0.00000000  1.00000000  0.00000000  0.00000000  0.00000000
      0.0000000  0.00000000  0.00000000  0.00000000  0.00000000
     15.5250000  0.00000000  0.00000000  0.00000000  1.00000000  0.00000000  0.00000000
      0.0000000  0.00000000  0.00000000  0.00000000  0.00000000
      6.8627900  0.00000000  0.00000000  0.00000000  0.00000000  1.00000000  0.00000000
      0.0000000  0.00000000  0.00000000  0.00000000  0.00000000
      3.3627400  0.00000000  0.00000000  0.00000000  0.00000000  0.00000000  1.00000000
      0.0000000  0.00000000  0.00000000  0.00000000  0.00000000
      1.5593200  0.00000000  0.00000000  0.00000000  0.00000000  0.00000000  0.00000000
      1.0000000  0.00000000  0.00000000  0.00000000  0.00000000
      0.9429640  0.00000000  0.00000000  0.00000000  0.00000000  0.00000000  0.00000000
      0.0000000  1.00000000  0.00000000  0.00000000  0.00000000
      0.6516060  0.00000000  0.00000000  0.00000000  0.00000000  0.00000000  0.00000000
      0.0000000  0.00000000  1.00000000  0.00000000  0.00000000
      0.4165550  0.00000000  0.00000000  0.00000000  0.00000000  0.00000000  0.00000000
      0.0000000  0.00000000  0.00000000  1.00000000  0.00000000
      0.2099890  0.00000000  0.00000000  0.00000000  0.00000000  0.00000000  0.00000000
      0.0000000  0.00000000  0.00000000  0.00000000  1.00000000
$ D-TYPE FUNCTIONS
    9    9    0
     95.7375000  1.00000000  0.00000000  0.00000000  0.00000000  0.00000000  0.00000000
      0.0000000  0.00000000  0.00000000
     31.2804000  0.00000000  1.00000000  0.00000000  0.00000000  0.00000000  0.00000000
      0.0000000  0.00000000  0.00000000
     10.4124000  0.00000000  0.00000000  1.00000000  0.00000000  0.00000000  0.00000000
      0.0000000  0.00000000  0.00000000
      5.0609700  0.00000000  0.00000000  0.00000000  1.00000000  0.00000000  0.00000000
      0.0000000  0.00000000  0.00000000
      1.9087100  0.00000000  0.00000000  0.00000000  0.00000000  1.00000000  0.00000000
      0.0000000  0.00000000  0.00000000
      1.2521800  0.00000000  0.00000000  0.00000000  0.00000000  0.00000000  1.00000000
      0.0000000  0.00000000  0.00000000
      0.6826810  0.00000000  0.00000000  0.00000000  0.00000000  0.00000000  0.00000000
      1.0000000  0.00000000  0.00000000
      0.3625590  0.00000000  0.00000000  0.00000000  0.00000000  0.00000000  0.00000000
      0.0000000  1.00000000  0.00000000
      0.1972720  0.00000000  0.00000000  0.00000000  0.00000000  0.00000000  0.00000000
      0.0000000  0.00000000  1.00000000
$ F-TYPE FUNCTIONS
    7    7    0
     18.2758000  1.00000000  0.00000000  0.00000000  0.00000000  0.00000000  0.00000000
      0.0000000
      8.7425900  0.00000000  1.00000000  0.00000000  0.00000000  0.00000000  0.00000000
      0.0000000
      4.1596800  0.00000000  0.00000000  1.00000000  0.00000000  0.00000000  0.00000000
      0.0000000
      1.7534400  0.00000000  0.00000000  0.00000000  1.00000000  0.00000000  0.00000000
      0.0000000
      1.2566900  0.00000000  0.00000000  0.00000000  0.00000000  1.00000000  0.00000000
      0.0000000
      0.6522480  0.00000000  0.00000000  0.00000000  0.00000000  0.00000000  1.00000000
      0.0000000
      0.3520490  0.00000000  0.00000000  0.00000000  0.00000000  0.00000000  0.00000000
      1.0000000
$ G-TYPE FUNCTIONS
    5    5    0
      5.6294100  1.00000000  0.00000000  0.00000000  0.00000000  0.00000000
      2.4155900  0.00000000  1.00000000  0.00000000  0.00000000  0.00000000
      1.3293000  0.00000000  0.00000000  1.00000000  0.00000000  0.00000000
      0.8001230  0.00000000  0.00000000  0.00000000  1.00000000  0.00000000
      0.3979310  0.00000000  0.00000000  0.00000000  0.00000000  1.00000000
$ H-TYPE FUNCTIONS
    3    3    0
      3.4040600  1.00000000  0.00000000  0.00000000
      1.3771300  0.00000000  1.00000000  0.00000000
      0.7186030  0.00000000  0.00000000  1.00000000
$ I-TYPE FUNCTIONS
    1    1    0
      1.2176100  1.00000000
a 17
$ Chlorine
$ Primitive basis   (12s,11p,9d,7f,5g,3h,1i)
$ Contracted basis  [12s,11p,9d,7f,5g,3h,1i]
$ S-TYPE FUNCTIONS
   12   12    0
   1275.1900000  1.00000000  0.00000000  0.00000000  0.00000000  0.00000000  0.00000000
      0.0000000  0.00000000  0.00000000  0.00000000  0.00000000  0.00000000
    308.2710000  0.00000000  1.00000000  0.00000000  0.00000000  0.00000000  0.00000000
      0.0000000  0.00000000  0.00000000  0.00000000  0.00000000  0.00000000
    107.7110000  0.00000000  0.00000000  1.00000000  0.00000000  0.00000000  0.00000000
      0.0000000  0.00000000  0.00000000  0.00000000  0.00000000  0.00000000
     34.4627000  0.00000000  0.00000000  0.00000000  1.00000000  0.00000000  0.00000000
      0.0000000  0.00000000  0.00000000  0.00000000  0.00000000  0.00000000
     14.4529000  0.00000000  0.00000000  0.00000000  0.00000000  1.00000000  0.00000000
      0.0000000  0.00000000  0.00000000  0.00000000  0.00000000  0.00000000
      7.5443000  0.00000000  0.00000000  0.00000000  0.00000000  0.00000000  1.00000000
      0.0000000  0.00000000  0.00000000  0.00000000  0.00000000  0.00000000
      3.6854400  0.00000000  0.00000000  0.00000000  0.00000000  0.00000000  0.00000000
      1.0000000  0.00000000  0.00000000  0.00000000  0.00000000  0.00000000
      1.7896600  0.00000000  0.00000000  0.00000000  0.00000000  0.00000000  0.00000000
      0.0000000  1.00000000  0.00000000  0.00000000  0.00000000  0.00000000
      1.0729100  0.00000000  0.00000000  0.00000000  0.00000000  0.00000000  0.00000000
      0.0000000  0.00000000  1.00000000  0.00000000  0.00000000  0.00000000
      0.7366350  0.00000000  0.00000000  0.00000000  0.00000000  0.00000000  0.00000000
      0.0000000  0.00000000  0.00000000  1.00000000  0.00000000  0.00000000
      0.3326040  0.00000000  0.00000000  0.00000000  0.00000000  0.00000000  0.00000000
      0.0000000  0.00000000  0.00000000  0.00000000  1.00000000  0.00000000
      0.1837730  0.00000000  0.00000000  0.00000000  0.00000000  0.00000000  0.00000000
      0.0000000  0.00000000  0.00000000  0.00000000  0.00000000  1.00000000
$ P-TYPE FUNCTIONS
   11   11    0
    405.2430000  1.00000000  0.00000000  0.00000000  0.00000000  0.00000000  0.00000000
      0.0000000  0.00000000  0.00000000  0.00000000  0.00000000
    117.7140000  0.00000000  1.00000000  0.00000000  0.00000000  0.00000000  0.00000000
      0.0000000  0.00000000  0.00000000  0.00000000  0.00000000
     37.1388000  0.00000000  0.00000000  1.00000000  0.00000000  0.00000000  0.00000000
      0.0000000  0.00000000  0.00000000  0.00000000  0.00000000
     19.3206000  0.00000000  0.00000000  0.00000000  1.00000000  0.00000000  0.00000000
      0.0000000  0.00000000  0.00000000  0.00000000  0.00000000
      8.5037600  0.00000000  0.00000000  0.00000000  0.00000000  1.00000000  0.00000000
      0.0000000  0.00000000  0.00000000  0.00000000  0.00000000
      4.2624600  0.00000000  0.00000000  0.00000000  0.00000000  0.00000000  1.00000000
      0.0000000  0.00000000  0.00000000  0.00000000  0.00000000
      1.9290400  0.00000000  0.00000000  0.00000000  0.00000000  0.00000000  0.00000000
      1.0000000  0.00000000  0.00000000  0.00000000  0.00000000
      1.2469200  0.00000000  0.00000000  0.00000000  0.00000000  0.00000000  0.00000000
      0.0000000  1.00000000  0.00000000  0.00000000  0.00000000
      0.7399000  0.00000000  0.00000000  0.00000000  0.00000000  0.00000000  0.00000000
      0.0000000  0.00000000  1.00000000  0.00000000  0.00000000
      0.4954220  0.00000000  0.00000000  0.00000000  0.00000000  0.00000000  0.00000000
      0.0000000  0.00000000  0.00000000  1.00000000  0.00000000
      0.2641320  0.00000000  0.00000000  0.00000000  0.00000000  0.00000000  0.00000000
      0.0000000  0.00000000  0.00000000  0.00000000  1.00000000
$ D-TYPE FUNCTIONS
    9    9    0
    118.0910000  1.00000000  0.00000000  0.00000000  0.00000000  0.00000000  0.00000000
      0.0000000  0.00000000  0.00000000
     39.1574000  0.00000000  1.00000000  0.00000000  0.00000000  0.00000000  0.00000000
      0.0000000  0.00000000  0.00000000
     13.1907000  0.00000000  0.00000000  1.00000000  0.00000000  0.00000000  0.00000000
      0.0000000  0.00000000  0.00000000
      6.2187100  0.00000000  0.00000000  0.00000000  1.00000000  0.00000000  0.00000000
      0.0000000  0.00000000  0.00000000
      2.5070500  0.00000000  0.00000000  0.00000000  0.00000000  1.00000000  0.00000000
      0.0000000  0.00000000  0.00000000
      1.5222400  0.00000000  0.00000000  0.00000000  0.00000000  0.00000000  1.00000000
      0.0000000  0.00000000  0.00000000
      0.8726170  0.00000000  0.00000000  0.00000000  0.00000000  0.00000000  0.00000000
      1.0000000  0.00000000  0.00000000
      0.4312740  0.00000000  0.00000000  0.00000000  0.00000000  0.00000000  0.00000000
      0.0000000  1.00000000  0.00000000
      0.2310140  0.00000000  0.00000000  0.00000000  0.00000000  0.00000000  0.00000000
      0.0000000  0.00000000  1.00000000
$ F-TYPE FUNCTIONS
    7    7    0
     21.5584000  1.00000000  0.00000000  0.00000000  0.00000000  0.00000000  0.00000000
      0.0000000
     10.1079000  0.00000000  1.00000000  0.00000000  0.00000000  0.00000000  0.00000000
      0.0000000
      4.9216900  0.00000000  0.00000000  1.00000000  0.00000000  0.00000000  0.00000000
      0.0000000
      2.1949600  0.00000000  0.00000000  0.00000000  1.00000000  0.00000000  0.00000000
      0.0000000
      1.5416200  0.00000000  0.00000000  0.00000000  0.00000000  1.00000000  0.00000000
      0.0000000
      0.8069430  0.00000000  0.00000000  0.00000000  0.00000000  0.00000000  1.00000000
      0.0000000
      0.4363870  0.00000000  0.00000000  0.00000000  0.00000000  0.00000000  0.00000000
      1.0000000
$ G-TYPE FUNCTIONS
    5    5    0
      6.7710400  1.00000000  0.00000000  0.00000000  0.00000000  0.00000000
      2.9668000  0.00000000  1.00000000  0.00000000  0.00000000  0.00000000
      1.6359900  0.00000000  0.00000000  1.00000000  0.00000000  0.00000000
      0.9905180  0.00000000  0.00000000  0.00000000  1.00000000  0.00000000
      0.4986690  0.00000000  0.00000000  0.00000000  0.00000000  1.00000000
$ H-TYPE FUNCTIONS
    3    3    0
      4.0594700  1.00000000  0.00000000  0.00000000
      1.6997000  0.00000000  1.00000000  0.00000000
      0.8682580  0.00000000  0.00000000  1.00000000
$ I-TYPE FUNCTIONS
    1    1    0
      1.4813300  1.00000000
a 18
$ Argon
$ Primitive basis   (12s,11p,9d,7f,5g,3h,1i)
$ Contracted basis  [12s,11p,9d,7f,5g,3h,1i]
$ S-TYPE FUNCTIONS
   12   12    0
   1632.4000000  1.00000000  0.00000000  0.00000000  0.00000000  0.00000000  0.00000000
      0.0000000  0.00000000  0.00000000  0.00000000  0.00000000  0.00000000
    367.0920000  0.00000000  1.00000000  0.00000000  0.00000000  0.00000000  0.00000000
      0.0000000  0.00000000  0.00000000  0.00000000  0.00000000  0.00000000
    141.2450000  0.00000000  0.00000000  1.00000000  0.00000000  0.00000000  0.00000000
      0.0000000  0.00000000  0.00000000  0.00000000  0.00000000  0.00000000
     40.7986000  0.00000000  0.00000000  0.00000000  1.00000000  0.00000000  0.00000000
      0.0000000  0.00000000  0.00000000  0.00000000  0.00000000  0.00000000
     15.8306000  0.00000000  0.00000000  0.00000000  0.00000000  1.00000000  0.00000000
      0.0000000  0.00000000  0.00000000  0.00000000  0.00000000  0.00000000
      9.5713500  0.00000000  0.00000000  0.00000000  0.00000000  0.00000000  1.00000000
      0.0000000  0.00000000  0.00000000  0.00000000  0.00000000  0.00000000
      4.0179500  0.00000000  0.00000000  0.00000000  0.00000000  0.00000000  0.00000000
      1.0000000  0.00000000  0.00000000  0.00000000  0.00000000  0.00000000
      2.2424800  0.00000000  0.00000000  0.00000000  0.00000000  0.00000000  0.00000000
      0.0000000  1.00000000  0.00000000  0.00000000  0.00000000  0.00000000
      1.4470900  0.00000000  0.00000000  0.00000000  0.00000000  0.00000000  0.00000000
      0.0000000  0.00000000  1.00000000  0.00000000  0.00000000  0.00000000
      0.8351570  0.00000000  0.00000000  0.00000000  0.00000000  0.00000000  0.00000000
      0.0000000  0.00000000  0.00000000  1.00000000  0.00000000  0.00000000
      0.4267370  0.00000000  0.00000000  0.00000000  0.00000000  0.00000000  0.00000000
      0.0000000  0.00000000  0.00000000  0.00000000  1.00000000  0.00000000
      0.2087200  0.00000000  0.00000000  0.00000000  0.00000000  0.00000000  0.00000000
      0.0000000  0.00000000  0.00000000  0.00000000  0.00000000  1.00000000
$ P-TYPE FUNCTIONS
   11   11    0
    485.3350000  1.00000000  0.00000000  0.00000000  0.00000000  0.00000000  0.00000000
      0.0000000  0.00000000  0.00000000  0.00000000  0.00000000
    137.5970000  0.00000000  1.00000000  0.00000000  0.00000000  0.00000000  0.00000000
      0.0000000  0.00000000  0.00000000  0.00000000  0.00000000
     45.8170000  0.00000000  0.00000000  1.00000000  0.00000000  0.00000000  0.00000000
      0.0000000  0.00000000  0.00000000  0.00000000  0.00000000
     21.9544000  0.00000000  0.00000000  0.00000000  1.00000000  0.00000000  0.00000000
      0.0000000  0.00000000  0.00000000  0.00000000  0.00000000
     10.4138000  0.00000000  0.00000000  0.00000000  0.00000000  1.00000000  0.00000000
      0.0000000  0.00000000  0.00000000  0.00000000  0.00000000
      5.1362500  0.00000000  0.00000000  0.00000000  0.00000000  0.00000000  1.00000000
      0.0000000  0.00000000  0.00000000  0.00000000  0.00000000
      2.4814900  0.00000000  0.00000000  0.00000000  0.00000000  0.00000000  0.00000000
      1.0000000  0.00000000  0.00000000  0.00000000  0.00000000
      1.5766000  0.00000000  0.00000000  0.00000000  0.00000000  0.00000000  0.00000000
      0.0000000  1.00000000  0.00000000  0.00000000  0.00000000
      0.9045380  0.00000000  0.00000000  0.00000000  0.00000000  0.00000000  0.00000000
      0.0000000  0.00000000  1.00000000  0.00000000  0.00000000
      0.6022340  0.00000000  0.00000000  0.00000000  0.00000000  0.00000000  0.00000000
      0.0000000  0.00000000  0.00000000  1.00000000  0.00000000
      0.3099130  0.00000000  0.00000000  0.00000000  0.00000000  0.00000000  0.00000000
      0.0000000  0.00000000  0.00000000  0.00000000  1.00000000
$ D-TYPE FUNCTIONS
    9    9    0
    137.8300000  1.00000000  0.00000000  0.00000000  0.00000000  0.00000000  0.00000000
      0.0000000  0.00000000  0.00000000
     46.1937000  0.00000000  1.00000000  0.00000000  0.00000000  0.00000000  0.00000000
      0.0000000  0.00000000  0.00000000
     15.9544000  0.00000000  0.00000000  1.00000000  0.00000000  0.00000000  0.00000000
      0.0000000  0.00000000  0.00000000
      7.4359200  0.00000000  0.00000000  0.00000000  1.00000000  0.00000000  0.00000000
      0.0000000  0.00000000  0.00000000
      3.1211500  0.00000000  0.00000000  0.00000000  0.00000000  1.00000000  0.00000000
      0.0000000  0.00000000  0.00000000
      1.8859000  0.00000000  0.00000000  0.00000000  0.00000000  0.00000000  1.00000000
      0.0000000  0.00000000  0.00000000
      1.0709100  0.00000000  0.00000000  0.00000000  0.00000000  0.00000000  0.00000000
      1.0000000  0.00000000  0.00000000
      0.5390760  0.00000000  0.00000000  0.00000000  0.00000000  0.00000000  0.00000000
      0.0000000  1.00000000  0.00000000
      0.2637790  0.00000000  0.00000000  0.00000000  0.00000000  0.00000000  0.00000000
      0.0000000  0.00000000  1.00000000
$ F-TYPE FUNCTIONS
    7    7    0
     24.9864000  1.00000000  0.00000000  0.00000000  0.00000000  0.00000000  0.00000000
      0.0000000
     11.1355000  0.00000000  1.00000000  0.00000000  0.00000000  0.00000000  0.00000000
      0.0000000
      5.4100500  0.00000000  0.00000000  1.00000000  0.00000000  0.00000000  0.00000000
      0.0000000
      3.1683400  0.00000000  0.00000000  0.00000000  1.00000000  0.00000000  0.00000000
      0.0000000
      1.8555100  0.00000000  0.00000000  0.00000000  0.00000000  1.00000000  0.00000000
      0.0000000
      0.9757850  0.00000000  0.00000000  0.00000000  0.00000000  0.00000000  1.00000000
      0.0000000
      0.5302620  0.00000000  0.00000000  0.00000000  0.00000000  0.00000000  0.00000000
      1.0000000
$ G-TYPE FUNCTIONS
    5    5    0
      8.1306700  1.00000000  0.00000000  0.00000000  0.00000000  0.00000000
      3.4922800  0.00000000  1.00000000  0.00000000  0.00000000  0.00000000
      2.0076100  0.00000000  0.00000000  1.00000000  0.00000000  0.00000000
      1.2191400  0.00000000  0.00000000  0.00000000  1.00000000  0.00000000
      0.6280390  0.00000000  0.00000000  0.00000000  0.00000000  1.00000000
$ H-TYPE FUNCTIONS
    3    3    0
      4.8064300  1.00000000  0.00000000  0.00000000
      2.0601700  0.00000000  1.00000000  0.00000000
      1.0427100  0.00000000  0.00000000  1.00000000
$ I-TYPE FUNCTIONS
    1    1    0
      1.7849100  1.00000000
