$jkbas cc-pVTZaux
$
$ SUPPORTED ELEMENTS
$ H B C N O F Al Si P S Cl
$
$  REFERENCE 
$ turbomole webpage: ftp://ftp.chemie.uni-karlsruhe.de/pub/jkbasen
$***********************************************************************
a 1
$ HYDROGEN (4s3p2d1f) / [4s3p2d1f]     {1111/111/11/1}
$ S-TYPE FUNCTIONS
    4    0    0
     9.5302493327     1.0000000000
     1.9174506246     1.0000000000
     0.68424049142    1.0000000000
     0.28413255710    1.0000000000
$ P-TYPE FUNCTIONS
    3    0    0
     2.9133232035     1.0000000000
     1.2621205398     1.0000000000
     0.50199775874    1.0000000000
$ 1 d
    2    0    0
      2.3135329149    1.0
      0.71290724024   1.0
$ 1 f
    1    0    0
      1.6565726132    1.0

a 5
$ BORON (10s7p5d) / [10s7p5d] {1111111111/1111111/11111}
$ S-TYPE FUNCTIONS
   10    0    0
   441.88913157       1.0
    92.069629785      1.0
    29.978448517      1.0
    11.426330790      1.0
     4.3808722439     1.0
     2.0594033542     1.0
     0.90115717578    1.0
     0.52455288939    1.0
     0.24634725959    1.0
     0.12085805961    1.0
$ P-TYPE FUNCTIONS
    7    0    0
   229.95115195       1.0
    36.381694756      1.0
    12.119796695      1.0
     3.8441129406     1.0
     1.1002761183     1.0
     0.39733117993    1.0
     0.13514765422    1.0
$ 1 d
    5    0    0
     9.3643373880     1.0
     3.1035657986     1.0
     1.2006835120     1.0
     0.40829624602    1.0
     0.13188304180    1.0            
$ 1 f
    2    0    0
     0.723591244336   1.0
     0.261591244336   1.0
$ 1 g
    1    0    0
     0.552591244336   1.0   

a 6
$ CARBON (10s7p5d2f1g) / [10s7p5d2f1g] {1111111111/1111111/11111/11/1}
$ S-TYPE FUNCTIONS
   10    0    0
  1113.9867719        1.0
   369.16234180       1.0
   121.79275232       1.0
    48.127114540      1.0
    20.365074004      1.0
     8.0883596856     1.0
     2.5068656570     1.0
     1.2438537380     1.0
     0.48449899601    1.0
     0.19185160296    1.0
$ P-TYPE FUNCTIONS
    7    0    0
   102.99176249       1.0
    28.132594009      1.0
     9.8364318173     1.0
     3.3490544980     1.0
     1.4947618613     1.0
     0.57690108899    1.0
     0.20320063291    1.0
$ 1 d
    5    0    0
    10.594068356      1.0
     3.5997195366     1.0
     1.3355691094     1.0
     0.51949764954    1.0
     0.19954125200    1.0      
$ 1 f
    2    0    0
     1.194866338369   1.0
     0.4158663383690  1.0
$ 1 g
    1    0    0
     0.858866338369   1.0        

a 7
$ NITROGEN (10s7p5d2f1g) / [10s7p5d2f1g] {1111111111/1111111/11111/11/1}
$ S-TYPE FUNCTIONS
   10    0    0
  1102.8622453        1.0
   370.98041153       1.0
   136.73555938       1.0
    50.755871924      1.0
    20.535656095      1.0
     7.8318737184     1.0
     3.4784063855     1.0
     1.4552856603     1.0
     0.63068989071    1.0
     0.27276596483    1.0
$ P-TYPE FUNCTIONS
    7    0    0
    93.540954073      1.0
    29.524019527      1.0
    10.917502987      1.0
     4.3449288991     1.0
     1.8216912640     1.0
     0.75792424494    1.0
     0.28241469033    1.0
$ 1 d
    5    0    0
    16.419378926      1.0
     5.0104049385     1.0
     1.9793971884     1.0
     0.78495771518    1.0
     0.28954065963    1.0        
$ 1 f
    2    0    0
     1.79354239843    1.0
     0.60854239843    1.0
$ 1 g
    1    0    0
     1.23254239843    1.0    

a 8
$ OXYGEN (10s7p5d2f1g) / [10s7p5d2f1g] {1111111111/1111111/11111/11/1}
$ S-TYPE FUNCTIONS
   10    0    0
    1517.8667506     1.0
    489.67952008     1.0
    176.72118665     1.0
    63.792233137     1.0
    25.366499130     1.0
    9.9135491200     1.0
    4.4645306584     1.0
    1.8017743661     1.0
    0.80789710965    1.0
    0.33864326862    1.0
$ P-TYPE FUNCTIONS
    7    0    0
    120.16030921     1.0
    34.409622474     1.0
    12.581148610     1.0
    5.0663824249     1.0
    2.0346927092     1.0
    0.86092967212    1.0
    0.36681356726    1.0
$ 1 d
    5    0    0
    19.043062805     1.0
    5.8060381104     1.0
    2.1891841580     1.0
    0.87794613558    1.0
    0.35623646700    1.0             
$ 1 f
    2    0    0
   2.493914788135    1.0
   0.824914788135    1.0
$ 1 g
    1    0    0
   1.607914788135    1.0  

a 9
$ FLUORINE
$ f     (10s7p5d2f1g) / [10s7p5d2f1g]     {1111111111/1111111/11111/11/1}
$ S-TYPE FUNCTIONS
   10    0    0
    1885.0661216     1.0
    623.75582297     1.0
    227.92405029     1.0
    82.184178773     1.0
    32.628937583     1.0
    12.783279578     1.0
    5.6589257943     1.0
    2.3208306681     1.0
    1.0191520908     1.0
    0.42196699118    1.0
$ P-TYPE FUNCTIONS
    7    0    0
    153.72069768     1.0
    45.390450866     1.0
    16.785845772     1.0
    6.7293857800     1.0
    2.6694607033     1.0
    1.1049787101     1.0
    0.45727703601    1.0
$ 1 d
    5    0    0
    24.869685349     1.0
    7.5554441579     1.0
    2.8268499237     1.0
    1.1123341279     1.0
    0.43877754231    1.0          
$ 1 f
    2    0    0
   3.33539640054     1.0
   1.08339640054     1.0
$ 1 g
    1    0    0
   2.14539640054     1.0 

a 13
$ ALUMINIUM
$ al (13s11p9d) / [13s11p9d] {1111111111111/11111111111/111111111}
$ S-TYPE FUNCTIONS
   13    0    0
    3155.1928168     1.0
    804.81824843     1.0
    278.28716279     1.0
    106.73947034     1.0
    44.726054551     1.0
    19.985981625     1.0
    8.2139836406     1.0
    4.1826731629     1.0
    2.0606294398     1.0
    1.1394540102     1.0
    0.35321611272    1.0
    0.21512052497    1.0
    0.091001117213   1.0
$ P-TYPE FUNCTIONS
   11    0    0
    472.16397028     1.0
    132.20329132     1.0
    50.460166539     1.0
    21.131124313     1.0
    10.457955077     1.0
    4.9925589436     1.0
    2.4609220820     1.0
    1.0708266153     1.0
    0.41862242427    1.0
    0.24418454353    1.0
    0.11824752523    1.0
$ D-TYPE FUNCTIONS
    9    0    0
    95.374390967     1.0
    31.137715102     1.0
    13.032465301     1.0
    6.0372010623     1.0
    2.9357329960     1.0
    1.4175558590     1.0
    0.53387157197    1.0
    0.25545669081    1.0
    0.10843455615    1.0
$ F-TYPE FUNCTIONS
    3    0    0
   1.371889973133925 1.0
   .16796856375255   1.0
   .39196856375255   1.0
$ G-TYPE FUNCTIONS
    1    0    0
   .30296856375255   1.0

a 14
$ SILICON
$ si    (13s11p9d3f1g) / [13s11p9d3f1g]     {1111111111111/11111111111/111111111/111/1}
$ S-TYPE FUNCTIONS
   13    0    0
    3966.7823006     1.0
    913.65240130     1.0
    309.47572532     1.0
    121.48371896     1.0
    51.949842541     1.0
    22.531415259     1.0
    8.6118544488     1.0
    4.0353794583     1.0
    1.5605354258     1.0
    0.82658343937    1.0
    0.48403471116    1.0
    0.28757870174    1.0
    0.13188187610    1.0
$ P-TYPE FUNCTIONS
   11    0    0
    629.30680737     1.0
    255.71500914     1.0
    109.29630664     1.0
    45.943769765     1.0
    19.784226943     1.0
    9.7746090299     1.0
    4.6426781657     1.0
    2.0449974109     1.0
    0.82208144153    1.0
    0.40978741460    1.0
    0.18451465956    1.0
$ 1 d
    9    0    0
    181.67344614     1.0
    59.654414923     1.0
    25.353983605     1.0
    11.718973530     1.0
    5.4455778078     1.0
    2.4659440013     1.0
    1.0365292729     1.0
    0.41097001308    1.0
    0.16950067844    1.0
$ 1 f
    3    0    0
   1.956074562169    1.0
   .2368784463340    1.0
   .5588784463340    1.0
$ 1 g
    1    0    0
   .4138784463340    1.0

a 15
$ PHOSPHORUS
$ p     (13s11p9d3f1g) / [13s11p9d3f1g]     {1111111111111/11111111111/111111111/111/1}
$ S-TYPE FUNCTIONS
   13    0    0
    5107.3657113     1.0
    1086.7632676     1.0
    350.63674043     1.0
    136.65708750     1.0
    58.992208540     1.0
    25.652124180     1.0
    9.8584341771     1.0
    4.6827641188     1.0
    1.9275606994     1.0
    1.0059954069     1.0
    0.58812473497    1.0
    0.34131983819    1.0
    0.18002999045    1.0
$ P-TYPE FUNCTIONS
   11    0    0
    575.56255465     1.0
    162.64036130     1.0
    62.433891596     1.0
    26.387393492     1.0
    13.077885117     1.0
    6.2324334253     1.0
    2.6964171970     1.0
    1.5942218913     1.0
    0.88999472624    1.0
    0.48955078641    1.0
    0.23083290253    1.0
$ 1 d
    9    0    0
    202.19451071     1.0
    60.141584369     1.0
    24.116762870     1.0
    11.029586263     1.0
    5.3635229003     1.0
    2.6589552243     1.0
    1.1768422272     1.0
    0.49537300028    1.0
    0.21042978214    1.0
$ 1 f
    3    0    0
    2.6399317553     1.0
   .3182662158155    1.0
   .7542662158155    1.0
$ 1 g
    1    0    0
   .5542662158155    1.0

a 16
$ SULFUR
$ s     (13s11p9d3f1g) / [13s11p9d3f1g]     {1111111111111/11111111111/111111111/111/1}
$ S-TYPE FUNCTIONS
   13    0    0
    6402.4580816     1.0
    1704.9249408     1.0
    598.09038904     1.0
    225.90920364     1.0
    94.426261909     1.0
    37.222420840     1.0
    18.259106532     1.0
    8.7937857291     1.0
    4.4619424717     1.0
    2.2735987703     1.0
    0.78075394724    1.0
    0.48191153763    1.0
    0.21573555055    1.0
$ P-TYPE FUNCTIONS
   11    0    0
    796.16481618     1.0
    226.17928266     1.0
    85.598645757     1.0
    36.268978384     1.0
    16.325207000     1.0
    7.6145421568     1.0
    3.3388129956     1.0
    1.8665221526     1.0
    0.94025159837    1.0
    0.51521255747    1.0
    0.26318380469    1.0
$ 1 d
    9    0    0
    190.55658672     1.0
    60.346801430     1.0
    25.141967063     1.0
    12.146768196     1.0
    6.2993488132     1.0
    3.0706106656     1.0
    1.2911977798     1.0
    0.56678602865    1.0
    0.24192419172    1.0
$ 1 f
    3    0    0
   3.3096133         1.0
   .395603800315     1.0
   .945603800315     1.0
$ 1 g
    1    0    0
   .683603800315     1.0

a 17
$CHLORINE
$ cl    (13s11p9d3f1g) / [13s11p9d3f1g]     {1111111111111/11111111111/111111111/111/1}
$ S-TYPE FUNCTIONS
   13    0    0
    7082.7970581     1.0
    2109.3095076     1.0
    768.41281873     1.0
    284.79255416     1.0
    116.55331731     1.0
    46.394820985     1.0
    21.956303390     1.0
    9.9930272138     1.0
    4.7199459556     1.0
    2.6573396159     1.0
    1.0813481129     1.0
    0.53154679199    1.0
    0.23367039059    1.0
$ P-TYPE FUNCTIONS
   11    0    0
    973.73528509     1.0
    278.99109347     1.0
    105.88644516     1.0
    45.231846876     1.0
    20.289166152     1.0
    9.5829383791     1.0
    4.4641678563     1.0
    2.3625612120     1.0
    1.1491964243     1.0
    0.60310217244    1.0
    0.30590911334    1.0
$ 1 d
    9    0    0
    204.38030063     1.0
    63.693893315     1.0
    25.726668979     1.0
    11.602467273     1.0
    5.4574541509     1.0
    2.8838397619     1.0
    1.3394023625     1.0
    0.61649222177    1.0
    0.27470143212    1.0
$ 1 f
    3    0    0
   4.2040664         1.0
   1.20116183076     1.0
   .499161830760     1.0
$ 1 g
    1    0    0
   .86116183076      1.0


