$  LANL08+  EMSL  Basis Set Exchange Library   9/29/10 2:04 AM
$ Elements                             References
$ --------                             ----------
$ Sc   Ti   V   Cr   Mn   Fe   Co   Ni   Cu   Zn: P.J. Hay and W.R. Wadt, J. Chem. Phys. 82, 299 (1985).
$ Sc   Ti   V   Cr   Mn   Fe   Co   Ni   Cu   Zn: L.E. Roy, P.J. Hay, and R.L. Martin, J. Chem. Theory Comput. 4, 1029 (2008).
$
a  21
$ SCANDIUM       (5s,5p,6d)
$ SCANDIUM       (5s,5p,6d)
$ S-TYPE FUNCTIONS
    5    5    0
     3.71700000  1.00000000  0.00000000  0.00000000  0.00000000  0.00000000
     1.09700000  0.00000000  1.00000000  0.00000000  0.00000000  0.00000000
     0.41640000  0.00000000  0.00000000  1.00000000  0.00000000  0.00000000
     0.07610000  0.00000000  0.00000000  0.00000000  1.00000000  0.00000000
     0.02840000  0.00000000  0.00000000  0.00000000  0.00000000  1.00000000
$ P-TYPE FUNCTIONS
    5    5    0
    10.40000000  1.00000000  0.00000000  0.00000000  0.00000000  0.00000000
     1.31100000  0.00000000  1.00000000  0.00000000  0.00000000  0.00000000
     0.42660000  0.00000000  0.00000000  1.00000000  0.00000000  0.00000000
     0.04700000  0.00000000  0.00000000  0.00000000  1.00000000  0.00000000
     0.01400000  0.00000000  0.00000000  0.00000000  0.00000000  1.00000000
$ D-TYPE FUNCTIONS
    6    6    0
    15.13000000  1.00000000  0.00000000  0.00000000  0.00000000  0.00000000  0.00000000
     4.20500000  0.00000000  1.00000000  0.00000000  0.00000000  0.00000000  0.00000000
     1.30300000  0.00000000  0.00000000  1.00000000  0.00000000  0.00000000  0.00000000
     0.36800000  0.00000000  0.00000000  0.00000000  1.00000000  0.00000000  0.00000000
     0.08120000  0.00000000  0.00000000  0.00000000  0.00000000  1.00000000  0.00000000
     0.02500000  0.00000000  0.00000000  0.00000000  0.00000000  0.00000000  1.00000000
a  22
$ TITANIUM       (5s,5p,6d)
$ TITANIUM       (5s,5p,6d)
$ S-TYPE FUNCTIONS
    5    5    0
     4.37200000  1.00000000  0.00000000  0.00000000  0.00000000  0.00000000
     1.09800000  0.00000000  1.00000000  0.00000000  0.00000000  0.00000000
     0.41780000  0.00000000  0.00000000  1.00000000  0.00000000  0.00000000
     0.08720000  0.00000000  0.00000000  0.00000000  1.00000000  0.00000000
     0.03140000  0.00000000  0.00000000  0.00000000  0.00000000  1.00000000
$ P-TYPE FUNCTIONS
    5    5    0
    12.52000000  1.00000000  0.00000000  0.00000000  0.00000000  0.00000000
     1.49100000  0.00000000  1.00000000  0.00000000  0.00000000  0.00000000
     0.48590000  0.00000000  0.00000000  1.00000000  0.00000000  0.00000000
     0.05300000  0.00000000  0.00000000  0.00000000  1.00000000  0.00000000
     0.01600000  0.00000000  0.00000000  0.00000000  0.00000000  1.00000000
$ D-TYPE FUNCTIONS
    6    6    0
    20.21000000  1.00000000  0.00000000  0.00000000  0.00000000  0.00000000  0.00000000
     5.49500000  0.00000000  1.00000000  0.00000000  0.00000000  0.00000000  0.00000000
     1.69900000  0.00000000  0.00000000  1.00000000  0.00000000  0.00000000  0.00000000
     0.48400000  0.00000000  0.00000000  0.00000000  1.00000000  0.00000000  0.00000000
     0.11570000  0.00000000  0.00000000  0.00000000  0.00000000  1.00000000  0.00000000
     0.03490000  0.00000000  0.00000000  0.00000000  0.00000000  0.00000000  1.00000000
a  23
$ VANADIUM       (5s,5p,6d)
$ VANADIUM       (5s,5p,6d)
$ S-TYPE FUNCTIONS
    5    5    0
     4.59000000  1.00000000  0.00000000  0.00000000  0.00000000  0.00000000
     1.49300000  0.00000000  1.00000000  0.00000000  0.00000000  0.00000000
     0.55700000  0.00000000  0.00000000  1.00000000  0.00000000  0.00000000
     0.09750000  0.00000000  0.00000000  0.00000000  1.00000000  0.00000000
     0.03420000  0.00000000  0.00000000  0.00000000  0.00000000  1.00000000
$ P-TYPE FUNCTIONS
    5    5    0
    13.76000000  1.00000000  0.00000000  0.00000000  0.00000000  0.00000000
     1.71200000  0.00000000  1.00000000  0.00000000  0.00000000  0.00000000
     0.55870000  0.00000000  0.00000000  1.00000000  0.00000000  0.00000000
     0.05900000  0.00000000  0.00000000  0.00000000  1.00000000  0.00000000
     0.01800000  0.00000000  0.00000000  0.00000000  0.00000000  1.00000000
$ D-TYPE FUNCTIONS
    6    6    0
    25.70000000  1.00000000  0.00000000  0.00000000  0.00000000  0.00000000  0.00000000
     6.53000000  0.00000000  1.00000000  0.00000000  0.00000000  0.00000000  0.00000000
     2.07800000  0.00000000  0.00000000  1.00000000  0.00000000  0.00000000  0.00000000
     0.62430000  0.00000000  0.00000000  0.00000000  1.00000000  0.00000000  0.00000000
     0.15420000  0.00000000  0.00000000  0.00000000  0.00000000  1.00000000  0.00000000
     0.04640000  0.00000000  0.00000000  0.00000000  0.00000000  0.00000000  1.00000000
a  24
$ CHROMIUM       (5s,5p,6d)
$ CHROMIUM       (5s,5p,6d)
$ S-TYPE FUNCTIONS
    5    5    0
     5.36100000  1.00000000  0.00000000  0.00000000  0.00000000  0.00000000
     1.44900000  0.00000000  1.00000000  0.00000000  0.00000000  0.00000000
     0.54960000  0.00000000  0.00000000  1.00000000  0.00000000  0.00000000
     0.10520000  0.00000000  0.00000000  0.00000000  1.00000000  0.00000000
     0.03640000  0.00000000  0.00000000  0.00000000  0.00000000  1.00000000
$ P-TYPE FUNCTIONS
    5    5    0
    16.42000000  1.00000000  0.00000000  0.00000000  0.00000000  0.00000000
     1.91400000  0.00000000  1.00000000  0.00000000  0.00000000  0.00000000
     0.62410000  0.00000000  0.00000000  1.00000000  0.00000000  0.00000000
     0.06300000  0.00000000  0.00000000  0.00000000  1.00000000  0.00000000
     0.01900000  0.00000000  0.00000000  0.00000000  0.00000000  1.00000000
$ D-TYPE FUNCTIONS
    6    6    0
    28.95000000  1.00000000  0.00000000  0.00000000  0.00000000  0.00000000  0.00000000
     7.70800000  0.00000000  1.00000000  0.00000000  0.00000000  0.00000000  0.00000000
     2.49500000  0.00000000  0.00000000  1.00000000  0.00000000  0.00000000  0.00000000
     0.76550000  0.00000000  0.00000000  0.00000000  1.00000000  0.00000000  0.00000000
     0.18890000  0.00000000  0.00000000  0.00000000  0.00000000  1.00000000  0.00000000
     0.05870000  0.00000000  0.00000000  0.00000000  0.00000000  0.00000000  1.00000000
a  25
$ MANGANESE       (5s,5p,6d)
$ MANGANESE       (5s,5p,6d)
$ S-TYPE FUNCTIONS
    5    5    0
     5.91400000  1.00000000  0.00000000  0.00000000  0.00000000  0.00000000
     1.60500000  0.00000000  1.00000000  0.00000000  0.00000000  0.00000000
     0.62600000  0.00000000  0.00000000  1.00000000  0.00000000  0.00000000
     0.11150000  0.00000000  0.00000000  0.00000000  1.00000000  0.00000000
     0.03800000  0.00000000  0.00000000  0.00000000  0.00000000  1.00000000
$ P-TYPE FUNCTIONS
    5    5    0
    18.20000000  1.00000000  0.00000000  0.00000000  0.00000000  0.00000000
     2.14100000  0.00000000  1.00000000  0.00000000  0.00000000  0.00000000
     0.70090000  0.00000000  0.00000000  1.00000000  0.00000000  0.00000000
     0.06900000  0.00000000  0.00000000  0.00000000  1.00000000  0.00000000
     0.02100000  0.00000000  0.00000000  0.00000000  0.00000000  1.00000000
$ D-TYPE FUNCTIONS
    6    6    0
    32.27000000  1.00000000  0.00000000  0.00000000  0.00000000  0.00000000  0.00000000
     8.87500000  0.00000000  1.00000000  0.00000000  0.00000000  0.00000000  0.00000000
     2.89000000  0.00000000  0.00000000  1.00000000  0.00000000  0.00000000  0.00000000
     0.87610000  0.00000000  0.00000000  0.00000000  1.00000000  0.00000000  0.00000000
     0.21200000  0.00000000  0.00000000  0.00000000  0.00000000  1.00000000  0.00000000
     0.06700000  0.00000000  0.00000000  0.00000000  0.00000000  0.00000000  1.00000000
a  26
$ IRON       (5s,5p,6d)
$ IRON       (5s,5p,6d)
$ S-TYPE FUNCTIONS
    5    5    0
     6.42200000  1.00000000  0.00000000  0.00000000  0.00000000  0.00000000
     1.82600000  0.00000000  1.00000000  0.00000000  0.00000000  0.00000000
     0.71350000  0.00000000  0.00000000  1.00000000  0.00000000  0.00000000
     0.10210000  0.00000000  0.00000000  0.00000000  1.00000000  0.00000000
     0.03630000  0.00000000  0.00000000  0.00000000  0.00000000  1.00000000
$ P-TYPE FUNCTIONS
    5    5    0
    19.48000000  1.00000000  0.00000000  0.00000000  0.00000000  0.00000000
     2.38900000  0.00000000  1.00000000  0.00000000  0.00000000  0.00000000
     0.77950000  0.00000000  0.00000000  1.00000000  0.00000000  0.00000000
     0.07400000  0.00000000  0.00000000  0.00000000  1.00000000  0.00000000
     0.02200000  0.00000000  0.00000000  0.00000000  0.00000000  1.00000000
$ D-TYPE FUNCTIONS
    6    6    0
    37.08000000  1.00000000  0.00000000  0.00000000  0.00000000  0.00000000  0.00000000
    10.10000000  0.00000000  1.00000000  0.00000000  0.00000000  0.00000000  0.00000000
     3.22000000  0.00000000  0.00000000  1.00000000  0.00000000  0.00000000  0.00000000
     0.96280000  0.00000000  0.00000000  0.00000000  1.00000000  0.00000000  0.00000000
     0.22620000  0.00000000  0.00000000  0.00000000  0.00000000  1.00000000  0.00000000
     0.07060000  0.00000000  0.00000000  0.00000000  0.00000000  0.00000000  1.00000000
a  27
$ COBALT       (5s,5p,6d)
$ COBALT       (5s,5p,6d)
$ S-TYPE FUNCTIONS
    5    5    0
     7.17600000  1.00000000  0.00000000  0.00000000  0.00000000  0.00000000
     2.00900000  0.00000000  1.00000000  0.00000000  0.00000000  0.00000000
     0.80550000  0.00000000  0.00000000  1.00000000  0.00000000  0.00000000
     0.10700000  0.00000000  0.00000000  0.00000000  1.00000000  0.00000000
     0.03750000  0.00000000  0.00000000  0.00000000  0.00000000  1.00000000
$ P-TYPE FUNCTIONS
    5    5    0
    21.39000000  1.00000000  0.00000000  0.00000000  0.00000000  0.00000000
     2.65000000  0.00000000  1.00000000  0.00000000  0.00000000  0.00000000
     0.86190000  0.00000000  0.00000000  1.00000000  0.00000000  0.00000000
     0.08000000  0.00000000  0.00000000  0.00000000  1.00000000  0.00000000
     0.02300000  0.00000000  0.00000000  0.00000000  0.00000000  1.00000000
$ D-TYPE FUNCTIONS
    6    6    0
    39.25000000  1.00000000  0.00000000  0.00000000  0.00000000  0.00000000  0.00000000
    10.78000000  0.00000000  1.00000000  0.00000000  0.00000000  0.00000000  0.00000000
     3.49600000  0.00000000  0.00000000  1.00000000  0.00000000  0.00000000  0.00000000
     1.06600000  0.00000000  0.00000000  0.00000000  1.00000000  0.00000000  0.00000000
     0.26060000  0.00000000  0.00000000  0.00000000  0.00000000  1.00000000  0.00000000
     0.08220000  0.00000000  0.00000000  0.00000000  0.00000000  0.00000000  1.00000000
a  28
$ NICKEL       (5s,5p,6d)
$ NICKEL       (5s,5p,6d)
$ S-TYPE FUNCTIONS
    5    5    0
     7.62000000  1.00000000  0.00000000  0.00000000  0.00000000  0.00000000
     2.29400000  0.00000000  1.00000000  0.00000000  0.00000000  0.00000000
     0.87600000  0.00000000  0.00000000  1.00000000  0.00000000  0.00000000
     0.11530000  0.00000000  0.00000000  0.00000000  1.00000000  0.00000000
     0.03960000  0.00000000  0.00000000  0.00000000  0.00000000  1.00000000
$ P-TYPE FUNCTIONS
    5    5    0
    23.66000000  1.00000000  0.00000000  0.00000000  0.00000000  0.00000000
     2.89300000  0.00000000  1.00000000  0.00000000  0.00000000  0.00000000
     0.94350000  0.00000000  0.00000000  1.00000000  0.00000000  0.00000000
     0.08400000  0.00000000  0.00000000  0.00000000  1.00000000  0.00000000
     0.02400000  0.00000000  0.00000000  0.00000000  0.00000000  1.00000000
$ D-TYPE FUNCTIONS
    6    6    0
    42.72000000  1.00000000  0.00000000  0.00000000  0.00000000  0.00000000  0.00000000
    11.76000000  0.00000000  1.00000000  0.00000000  0.00000000  0.00000000  0.00000000
     3.81700000  0.00000000  0.00000000  1.00000000  0.00000000  0.00000000  0.00000000
     1.16900000  0.00000000  0.00000000  0.00000000  1.00000000  0.00000000  0.00000000
     0.28360000  0.00000000  0.00000000  0.00000000  0.00000000  1.00000000  0.00000000
     0.08980000  0.00000000  0.00000000  0.00000000  0.00000000  0.00000000  1.00000000
a  29
$ COPPER       (5s,5p,6d)
$ COPPER       (5s,5p,6d)
$ S-TYPE FUNCTIONS
    5    5    0
     8.17600000  1.00000000  0.00000000  0.00000000  0.00000000  0.00000000
     2.56800000  0.00000000  1.00000000  0.00000000  0.00000000  0.00000000
     0.95870000  0.00000000  0.00000000  1.00000000  0.00000000  0.00000000
     0.11530000  0.00000000  0.00000000  0.00000000  1.00000000  0.00000000
     0.03960000  0.00000000  0.00000000  0.00000000  0.00000000  1.00000000
$ P-TYPE FUNCTIONS
    5    5    0
    25.63000000  1.00000000  0.00000000  0.00000000  0.00000000  0.00000000
     3.16600000  0.00000000  1.00000000  0.00000000  0.00000000  0.00000000
     1.02300000  0.00000000  0.00000000  1.00000000  0.00000000  0.00000000
     0.08600000  0.00000000  0.00000000  0.00000000  1.00000000  0.00000000
     0.02400000  0.00000000  0.00000000  0.00000000  0.00000000  1.00000000
$ D-TYPE FUNCTIONS
    6    6    0
    41.34000000  1.00000000  0.00000000  0.00000000  0.00000000  0.00000000  0.00000000
    11.42000000  0.00000000  1.00000000  0.00000000  0.00000000  0.00000000  0.00000000
     3.83900000  0.00000000  0.00000000  1.00000000  0.00000000  0.00000000  0.00000000
     1.23000000  0.00000000  0.00000000  0.00000000  1.00000000  0.00000000  0.00000000
     0.31020000  0.00000000  0.00000000  0.00000000  0.00000000  1.00000000  0.00000000
     0.10100000  0.00000000  0.00000000  0.00000000  0.00000000  0.00000000  1.00000000
a  30
$ ZINC       (3s,2p,6d)
$ ZINC       (3s,2p,6d)
$ S-TYPE FUNCTIONS
    3    3    0
     0.79970000  1.00000000  0.00000000  0.00000000
     0.17520000  0.00000000  1.00000000  0.00000000
     0.05560000  0.00000000  0.00000000  1.00000000
$ P-TYPE FUNCTIONS
    2    2    0
     0.12020000  1.00000000  0.00000000
     0.03510000  0.00000000  1.00000000
$ D-TYPE FUNCTIONS
    6    6    0
    68.85000000  1.00000000  0.00000000  0.00000000  0.00000000  0.00000000  0.00000000
    18.32000000  0.00000000  1.00000000  0.00000000  0.00000000  0.00000000  0.00000000
     5.92200000  0.00000000  0.00000000  1.00000000  0.00000000  0.00000000  0.00000000
     1.92700000  0.00000000  0.00000000  0.00000000  1.00000000  0.00000000  0.00000000
     0.55280000  0.00000000  0.00000000  0.00000000  0.00000000  1.00000000  0.00000000
     0.17000000  0.00000000  0.00000000  0.00000000  0.00000000  0.00000000  1.00000000

$ END OF BASIS
