a  1
    4    2    0
     18.7311370  0.01324538 -0.04247841
      2.8253937  0.09282234 -0.29768464
      0.6401217  0.32179883 -1.03202064
      0.1612778  0.69434577  1.13253557
a  6
   10    3    0
   3047.5249000  0.00182838 -0.00041657  0.00014046
    457.3695100  0.01398895 -0.00318716  0.00107466
    103.9486900  0.06860548 -0.01563066  0.00527042
     29.2101550  0.23138465 -0.05271728  0.01777547
      9.2866630  0.46632950 -0.10624570  0.03582444
      3.1639270  0.36106403 -0.08226265  0.02773772
      7.8682724 -0.00233624 -0.05598934  0.19834034
      1.8812885 -0.00314913 -0.07547087  0.26735301
      0.5442493  0.02238609  0.53649608 -1.90051930
      0.1687144 -0.00521525  0.60417290  1.60457183
    4    2    0
      7.8682724  0.04501221 -0.07087368
      1.8812885  0.20642214 -0.32502068
      0.5442493  0.48555645 -0.76452984
      0.1687144  0.47245816  1.12135210
    1    1    0
      0.8000000  1.00000000
a  7
   10    3    0
   4173.5110000  0.00182787 -0.00041513  0.00016706
    627.4579000  0.01394216 -0.00316645  0.00127425
    142.9021000  0.06832805 -0.01551821  0.00624487
     40.2343300  0.23136419 -0.05254589  0.02114563
     12.8202100  0.46729906 -0.10612985  0.04270900
      4.3904370  0.35909413 -0.08155506  0.03281956
     11.6263580 -0.00229753 -0.05928549  0.17415227
      2.7162800 -0.00337987 -0.08721431  0.25619370
      0.7722180  0.02290020  0.59091694 -1.73582978
      0.2120313 -0.00464035  0.56904788  1.47817865
    4    2    0
     11.6263580  0.04656502 -0.06391474
      2.7162800  0.22318343 -0.30633963
      0.7722180  0.51050297 -0.70071192
      0.2120313  0.45043215  1.07997714
    1    1    0
      0.8000000  1.00000000
a  8
   10    3    0
   5484.6717000  0.00182361 -0.00042721  0.00019922
    825.2349500  0.01389301 -0.00325464  0.00151775
    188.0469600  0.06816500 -0.01596865  0.00744671
     52.9645000  0.23176197 -0.05429363  0.02531892
     16.8975700  0.46826884 -0.10969882  0.05115619
      5.7996353  0.35705374 -0.08364506  0.03900646
     15.5396160 -0.00222526 -0.06124671  0.16285423
      3.5999336 -0.00297351 -0.08184084  0.21761377
      1.0137618  0.02271450  0.62517890 -1.66234287
      0.2700058 -0.00441184  0.53715240  1.45297517
    4    2    0
     15.5396160  0.04921779 -0.06548887
      3.5999336  0.23593719 -0.31393645
      1.0137618  0.50496642 -0.67190495
      0.2700058  0.45113210  1.06420212
    1    1    0
      0.8000000  1.00000000
a 16
   16    4    0
  21917.1000000  0.00186282 -0.00052694  0.00014645 -0.00013869
   3301.4900000  0.01418297 -0.00401195  0.00111504 -0.00105593
    754.1460000  0.06946566 -0.01964981  0.00546125 -0.00517176
    212.7110000  0.23769881 -0.06723808  0.01868740 -0.01769680
     67.9896000  0.48170969 -0.13626166  0.03787104 -0.03586354
     23.0515000  0.33695668 -0.09531524  0.02649085 -0.02508661
    423.7350000 -0.00002914 -0.00245007  0.00086041 -0.00029993
    100.7100000 -0.00038858 -0.03267142  0.01147347 -0.00399959
     32.1599000 -0.00138934 -0.11681528  0.04102291 -0.01430038
     11.8079000  0.00068770  0.05782159 -0.02030565  0.00707845
      4.6311000  0.00726145  0.61053889 -0.21440760  0.07474142
      1.8702500  0.00557868  0.46905279 -0.16472084  0.05742087
      2.6158400  0.00087524 -0.00490763 -0.19022642  0.41822722
      0.9221670 -0.00023406  0.00131244  0.05087186 -0.11184564
      0.3412870 -0.00368627  0.02066966  0.80118408 -1.76146399
      0.1171670  0.00171892 -0.00532470  0.33594943  1.75674841
   10    3    0
    423.7350000  0.00403384 -0.00109960  0.00115415
    100.7100000  0.03047577 -0.00830749  0.00871968
     32.1599000  0.12957940 -0.03532247  0.03707506
     11.8079000  0.32501630 -0.08859725  0.09299316
      4.6311000  0.44982184 -0.12261840  0.12870233
      1.8702500  0.25432931 -0.06932845  0.07276831
      2.6158400 -0.00032047 -0.01060862  0.01693020
      0.9221670  0.00685210  0.22682529 -0.36198846
      0.3412870  0.01666261  0.55158309 -0.88026655
      0.1171670 -0.00481521  0.39983784  1.24972538
    1    1    0
      0.6500000  1.00000000
a  9
   10    3    0
   7001.7130900  0.00181155 -0.00043933  0.00022009
   1051.3660900  0.01385439 -0.00335992  0.00168317
    239.2856900  0.06810210 -0.01651586  0.00827373
     67.3974453  0.23215211 -0.05630065  0.02820418
     21.5199573  0.46917843 -0.11378338  0.05700052
      7.4031013  0.35503775 -0.08610241  0.04313356
     20.8479528 -0.00222064 -0.05871804  0.16031929
      4.8083083 -0.00299720 -0.07925162  0.21638263
      1.3440699  0.02309912  0.61078450 -1.66763969
      0.3581514 -0.00414370  0.55070704  1.44770438
    4    2    0
     20.8479528  0.04912850 -0.06650479
      4.8083083  0.23725320 -0.32116743
      1.3440699  0.49552562 -0.67078839
      0.3581514  0.46172620  1.05796239
    1    1    0
      0.8000000  1.00000000
a 17
   16    4    0
  25180.1000000  0.00188773 -0.00022302  0.00015284 -0.00014523
   3780.3500000  0.01445306 -0.00170753  0.00117015 -0.00111190
    860.4740000  0.07116028 -0.00840711  0.00576130 -0.00547446
    242.1450000  0.24454247 -0.02889107  0.01979871 -0.01881300
     77.3349000  0.49745771 -0.05877132  0.04027530 -0.03827014
     26.2470000  0.35000432 -0.04135068  0.02833714 -0.02692634
    491.7650000  0.00035524 -0.00234261  0.00087123 -0.00031723
    116.9840000  0.00474925 -0.03131843  0.01164747 -0.00424108
     37.4153000  0.01740000 -0.11474247  0.04267325 -0.01553819
     13.7834000 -0.00696074  0.04590188 -0.01707112  0.00621594
      5.4521500 -0.09113058  0.60095102 -0.22349644  0.08137955
      2.2258800 -0.07193395  0.47436090 -0.17641699  0.06423697
      3.1864900  0.00178909 -0.00522070 -0.19336216  0.41842122
      1.1442700 -0.00043755  0.00127680  0.04728977 -0.10233151
      0.4203770 -0.00753188  0.02197863  0.81403604 -1.76151297
      0.1426570  0.00265272 -0.00520317  0.33309354  1.74647762
   10    3    0
    491.7650000  0.00396140 -0.00114560  0.00117503
    116.9840000  0.03010525 -0.00870611  0.00892979
     37.4153000  0.12896858 -0.03729632  0.03825453
     13.7834000  0.32564964 -0.09417436  0.09659386
      5.4521500  0.45034442 -0.13023475  0.13358070
      2.2258800  0.25038453 -0.07240851  0.07426880
      3.1864900 -0.00031353 -0.01067274  0.01646500
      1.1442700  0.00709491  0.24151333 -0.37258642
      0.4203770  0.01630277  0.55495176 -0.85613284
      0.1426570 -0.00403696  0.39020802  1.24111485
    1    1    0
      0.7500000  1.00000000
