a  1
    6    4    0
     33.8700000  0.00581457 -0.00424251  0.01852376 -0.03538520
      5.0950000  0.04341573 -0.03167760  0.13831155 -0.26421108
      1.1590000  0.19435124 -0.14180528  0.61915390 -1.18274521
      0.3258000  0.47714506 -0.48060489  0.36737883  2.50727880
      0.1027000  0.37695801  0.02737468 -1.58834336 -2.07850844
      0.0252600  0.07430670  1.01063754  0.98086596  0.78285081
    3    3    0
      1.4070000  0.04626333 -0.36302747  1.27540218
      0.3880000  0.41346030 -0.82481545 -1.33527357
      0.1020000  0.67767816  0.91201620  0.63334014
    2    2    0
      1.0570000  0.19554871 -1.08791783
      0.2470000  0.90090883  0.64044343
a  6
   11    5    0
   8236.0000000  0.00053091  0.00011291  0.00015490 -0.00045383  0.00048887
   1235.0000000  0.00410735  0.00087732  0.00120326 -0.00349782  0.00376042
    280.8000000  0.02108368  0.00453664  0.00621933 -0.01784002  0.01911412
     79.2700000  0.08184084  0.01812234  0.02480168 -0.06747928  0.07128537
     25.5900000  0.23478732  0.05574673  0.07599105 -0.18060415  0.18316762
      8.9970000  0.43437910  0.12698038  0.17130423 -0.25174043  0.20345313
      3.3190000  0.34620782  0.17074063  0.22610224  0.03964589 -0.23278308
      0.3643000 -0.00981126 -0.60144555 -0.77491138 -2.06277760  3.39515163
      0.9059000  0.03958141 -0.14087216 -0.75946314  1.84658613 -1.60122086
      0.1285000  0.00371682 -0.38777047  1.29756921  0.04559290 -3.56075847
      0.0440200 -0.00096039 -0.00648831  0.06968234  0.91456298  1.97029643
    6    4    0
     18.7100000  0.01401563 -0.02340307  0.04444858 -0.01141229
      4.1330000  0.08677082 -0.14488852  0.27518140 -0.07065352
      1.2000000  0.28989800 -0.48406704  0.91937060 -0.23605074
      0.3827000  0.50380929 -0.33577647 -1.60003149  0.83046596
      0.1209000  0.33300269  0.97846269  0.85030470 -1.43719673
      0.0356900  0.01527008  0.03243194  0.10626998  1.41395069
    3    3    0
      1.0970000  0.40691812 -1.00348958  0.56624396
      0.3180000  0.67709523  0.64636203 -1.14647711
      0.1000000  0.08599578  0.32531359  1.21810935
    2    2    0
      0.7610000  0.77395967 -0.92129087
      0.2680000  0.33524368  1.15559600
a  7
   11    5    0
  11420.0000000  0.00052292  0.00011489 -0.00014146 -0.00042585  0.00050882
   1712.0000000  0.00404440  0.00089418 -0.00110157 -0.00327712  0.00390349
    389.3000000  0.02077195  0.00461987 -0.00569424 -0.01675015  0.01989184
    110.0000000  0.08071586  0.01851391 -0.02287713 -0.06342449  0.07408790
     35.5700000  0.23304673  0.05731173 -0.07120280 -0.17170416  0.19188959
     12.5400000  0.43348270  0.13211407 -0.16650552 -0.24387121  0.21130098
      4.6440000  0.34754229  0.17277322 -0.22276036  0.00235668 -0.21221431
      0.5118000 -0.00926912 -0.60203051  0.80366767 -1.76842072  3.41606271
      1.2930000  0.04144942 -0.15219401  0.69593567  1.74871007 -1.68933831
      0.1787000  0.00358961 -0.38032995 -1.23550596 -0.20136900 -3.36265858
      0.0576000 -0.00088296 -0.00709376 -0.14289679  0.99667117  1.78008739
    6    4    0
     26.6300000  0.01465875 -0.02625125  0.04282281 -0.01176036
      5.9480000  0.09169364 -0.16420720  0.26786586 -0.07356359
      1.7420000  0.29845398 -0.53447867  0.87187764 -0.23944240
      0.5550000  0.50074457 -0.21676946 -1.58376844  0.82783736
      0.1725000  0.32708724  0.90809322  0.86525642 -1.39525441
      0.0491000  0.01595180  0.04140841  0.13635915  1.37764461
    3    3    0
      1.6540000  0.39796402 -0.97374864  0.60215734
      0.4690000  0.68205900  0.56936361 -1.18866653
      0.1510000  0.09446598  0.38005351  1.21604482
    2    2    0
      1.0930000  0.77942544 -0.87685081
      0.3640000  0.33982621  1.12289337
a  8
   11    5    0
  15330.0000000  0.00050793  0.00011490  0.00015888 -0.00046246  0.00044889
   2299.0000000  0.00392846  0.00089426  0.00123548 -0.00355666  0.00344298
    522.4000000  0.02024024  0.00463231  0.00639515 -0.01823495  0.01761049
    147.3000000  0.07917090  0.01871182  0.02572244 -0.06919036  0.06582534
     47.5500000  0.23066215  0.05844252  0.07963123 -0.18741996  0.17150141
     16.7600000  0.43310260  0.13652702  0.18152184 -0.25525176  0.18363553
      6.2070000  0.35032408  0.17604273  0.22519573  0.03023052 -0.19034022
      0.6882000 -0.00885705 -0.60572541 -0.72388727 -2.16993736  3.11041418
      1.7520000  0.04289977 -0.16135006 -0.78206316  1.87332864 -1.49001595
      0.2384000  0.00348476 -0.37168240  1.28434859  0.27353353 -3.20577440
      0.0737600 -0.00081936 -0.00678979  0.05710151  0.77903289  1.80676737
    6    4    0
     34.4600000  0.01591663 -0.02590522  0.04095064 -0.01953858
      7.7490000  0.09966880 -0.16221667  0.25642998 -0.12234921
      2.2800000  0.31027035 -0.50498273  0.79827006 -0.38087478
      0.7156000  0.49300388 -0.21348117 -1.32576978  1.09421870
      0.2140000  0.32551771  0.86075269  0.48432590 -1.51301759
      0.0597400  0.01879361  0.11290655  0.42212113  1.29152451
    3    3    0
      2.3140000  0.39715259 -0.91235742  0.68096061
      0.6450000  0.68386120  0.44563993 -1.25540416
      0.2140000  0.09475506  0.48778846  1.19846201
    2    2    0
      1.4280000  0.72903914 -0.95304539
      0.5000000  0.39133554  1.13430599
a  9
   11    5    0
  19500.0000000  0.00050693  0.00011690  0.00017420 -0.00050549  0.00039528
   2923.0000000  0.00392248  0.00091128  0.00135505 -0.00388319  0.00302754
    664.5000000  0.02019733  0.00471340  0.00699975 -0.01990683  0.01549181
    187.5000000  0.07900027  0.01907435  0.02805796 -0.07519309  0.05764585
     60.6200000  0.23041509  0.05963627  0.08609356 -0.20255835  0.14963426
     21.4200000  0.43285831  0.14008176  0.19157362 -0.26315153  0.15150101
      7.9500000  0.35002398  0.17708331  0.22279151  0.05422291 -0.17232298
      2.2570000  0.04339840 -0.17203301 -0.84724324  1.98894489 -1.27151430
      0.8815000 -0.00856495 -0.60734951 -0.64693233 -2.52474175  2.79050117
      0.3041000  0.00343307 -0.36266885  1.29605470  0.69663422 -3.05510758
      0.0915800 -0.00078456 -0.00652375  0.00899266  0.56274182  1.83764926
    6    4    0
     43.8800000  0.01665209 -0.02860526  0.04141888 -0.01529584
      9.9260000  0.10439110 -0.17932483  0.25965275 -0.09588879
      2.9300000  0.31701431 -0.54457265  0.78851206 -0.29119456
      0.9132000  0.48927179 -0.12865074 -1.42701137  0.90965816
      0.2672000  0.32335379  0.83772931  0.68347811 -1.40005230
      0.0736100  0.02010658  0.07561852  0.28434524  1.31789628
    3    3    0
      3.1070000  0.39535817 -0.89773649  0.69423893
      0.8550000  0.68701275  0.40993702 -1.28560158
      0.2920000  0.09304952  0.51024328  1.21196384
    2    2    0
      1.9170000  0.70731659 -1.02836007
      0.7240000  0.40066713  1.18206897
a 16
   16    6    0
 374100.0000000  0.00005421 -0.00001498  0.00000436  0.00000479  0.00000061 -0.00000346
  56050.0000000  0.00042086 -0.00011621  0.00003376  0.00003706  0.00000478 -0.00002683
  12760.0000000  0.00220698 -0.00061162  0.00017792  0.00019572  0.00002139 -0.00013775
   3615.0000000  0.00919259 -0.00255385  0.00074215  0.00081700  0.00007163 -0.00055648
   1183.0000000  0.03211233 -0.00908758  0.00264940  0.00294126 -0.00007144 -0.00166472
    428.8000000  0.09466838 -0.02770570  0.00808441  0.00909517 -0.00216961 -0.00313132
    167.8000000  0.22363009 -0.07200316  0.02124577  0.02479101 -0.01826160  0.00418870
     69.4700000  0.37439272 -0.14643407  0.04384439  0.05426102 -0.08345590  0.05404261
     29.8400000  0.32910674 -0.19512976  0.06124305  0.08253085 -0.20193101  0.15914753
     12.7200000  0.08470441  0.00818243 -0.00358470 -0.00850786  0.06407195 -0.06099892
      5.2440000  0.00044675  0.51650963 -0.20435300 -0.31070924  0.86686985 -0.69913567
      2.2190000  0.00164275  0.54227774 -0.38260039 -0.56681142  0.10390837  0.29039757
      0.3490000  0.00035101 -0.01001080  0.71794501  1.02804080  3.41172397 -4.34203310
      0.7767000 -0.00064082  0.06910116  0.08253436  0.96564296 -3.06792186  2.20648521
      0.1322000 -0.00014758  0.00341293  0.38698542 -1.57628231 -0.74736579  4.44735639
      0.0497000  0.00003939 -0.00074044  0.00455897  0.02794464 -0.65974147 -2.43603092
   10    5    0
    574.4000000  0.00242255  0.00061965  0.00084781 -0.00132557  0.00058745
    135.8000000  0.01927889  0.00493526  0.00675016 -0.01053555  0.00466392
     43.1900000  0.08853731  0.02325230  0.03146695 -0.04642343  0.01980256
     15.8700000  0.25464731  0.06849469  0.09179042 -0.12812247  0.05250462
      6.2080000  0.43397852  0.12390187  0.16213614 -0.19441511  0.06974762
      2.4830000  0.35494488  0.09692507  0.12909909 -0.17373772  0.06918769
      0.3229000 -0.00550116 -0.57323293 -0.45676077 -1.90566437  1.57218319
      0.8688000  0.06205775 -0.22746577 -0.65537473  1.65182763 -0.83354772
      0.1098000  0.00287477 -0.35584965  1.02344976  0.69772843 -1.91783599
      0.0351000 -0.00074146 -0.01289598  0.05494092  0.34023682  1.49367119
    3    3    0
      0.2690000  0.60501333 -0.72838397  1.46978123
      0.8190000  0.49058227  1.00451353 -0.71441676
      0.1010000  0.03777677 -0.35504747 -1.38475454
    2    2    0
      0.5570000  0.80291734 -0.99003103
      0.2180000  0.27877462  1.24383376
a 17
   16    6    0
 456100.0000000  0.00004936  0.00001361  0.00000420  0.00000458  0.00000111 -0.00000364
  68330.0000000  0.00038350  0.00010561  0.00003248  0.00003540  0.00000873 -0.00002824
  15550.0000000  0.00201100  0.00055630  0.00017134  0.00018712  0.00004101 -0.00014428
   4405.0000000  0.00839586  0.00232469  0.00071515  0.00078092  0.00016208 -0.00059296
   1439.0000000  0.02950715  0.00832996  0.00257036  0.00283082  0.00023668 -0.00180665
    520.4000000  0.08794561  0.02557942  0.00789477  0.00879197 -0.00102387 -0.00388167
    203.1000000  0.21177213  0.06770913  0.02110487  0.02434435 -0.01560066  0.00174794
     83.9600000  0.36598274  0.14026595  0.04424120  0.05384544 -0.07785242  0.04635771
     36.2000000  0.34175432  0.19780211  0.06514071  0.08636847 -0.21176901  0.15908644
     15.8300000  0.10221805  0.01912258  0.00605056  0.00547369  0.02402691 -0.02671655
      6.3340000  0.00092816 -0.49966126 -0.20633716 -0.31202776  0.90602292 -0.70272962
      2.6940000 -0.00141876 -0.56382448 -0.40657233 -0.61204345  0.19099497  0.21873535
      0.9768000 -0.00073633 -0.07928149  0.07582317  0.94907724 -3.16210990  2.20508471
      0.4313000  0.00022374  0.00913785  0.72932724  1.09164127  3.44870470 -4.20582046
      0.1625000 -0.00010096 -0.00339569  0.38765890 -1.61012342 -0.82149451  4.26567947
      0.0591000  0.00002462  0.00069570  0.00473271  0.04372569 -0.60805008 -2.35008200
   10    5    0
    663.3000000  0.00240439  0.00065170  0.00092943 -0.00128849  0.00040868
    156.8000000  0.01921408  0.00519076  0.00741931 -0.01036232  0.00330557
     49.9800000  0.08850701  0.02468143  0.03453413 -0.04477899  0.01344259
     18.4200000  0.25601337  0.07278930  0.10054127 -0.12417681  0.03565221
      7.2400000  0.43692381  0.13404209  0.17614813 -0.17431470  0.03812734
      2.9220000  0.35032088  0.09470735  0.13530368 -0.18867536  0.06011442
      1.0220000  0.05871765 -0.26155937 -0.79351421  1.71148023 -0.62785405
      0.3818000 -0.00505261 -0.56806354 -0.26518859 -2.16849585  1.31062232
      0.1301000  0.00303006 -0.33187181  0.97436130  1.05437885 -1.80892691
      0.0419000 -0.00071770 -0.01173727  0.01787852  0.13159130  1.53751300
    3    3    0
      1.0460000  0.47869874 -0.98953951  0.75764542
      0.3440000  0.61117811  0.66698905 -1.56483605
      0.1350000  0.04402438  0.39881740  1.42589184
    2    2    0
      0.7060000  0.79296816 -1.14057748
      0.3120000  0.27065891  1.36251945
