a  1
    4    2    0
     18.7311370  0.01324538 -0.04247841
      2.8253937  0.09282234 -0.29768464
      0.6401217  0.32179883 -1.03202064
      0.1612778  0.69434577  1.13253557
a  6
   11    4    0
   3047.5249000  0.00182850 -0.00041428  0.00015540 -0.00006181
    457.3695100  0.01398983 -0.00316965  0.00118895 -0.00047291
    103.9486900  0.06860980 -0.01554477  0.00583092 -0.00231928
     29.2101550  0.23139925 -0.05242763  0.01966586 -0.00782220
      9.2866630  0.46635893 -0.10566193  0.03963431 -0.01576476
      3.1639270  0.36108682 -0.08181066  0.03068758 -0.01220615
      7.8682724 -0.00246390 -0.05736262  0.17648357  0.14085605
      1.8812885 -0.00332121 -0.07732199  0.23789116  0.18986702
      0.5442493  0.02360933  0.54965504 -1.69108526 -1.34969843
      0.1687144 -0.00762087  0.57126902  1.23046499  2.21619955
      0.0438000  0.00208974  0.03326712  0.29200166 -1.62928305
    5    3    0
      7.8682724  0.04516718 -0.06661588  0.03270998
      1.8812885  0.20713285 -0.30549474  0.15000520
      0.5442493  0.48722821 -0.71859996  0.35284972
      0.1687144  0.43831523  0.92131918 -1.14865757
      0.0438000  0.06573843  0.23275832  1.25701302
    1    1    0
      0.8000000  1.00000000
a  7
   11    4    0
   4173.5110000  0.00182797 -0.00041526  0.00017467 -0.00003063
    627.4579000  0.01394287 -0.00316741  0.00133232 -0.00023361
    142.9021000  0.06833151 -0.01552294  0.00652945 -0.00114487
     40.2343300  0.23137591 -0.05256189  0.02210922 -0.00387663
     12.8202100  0.46732272 -0.10616215  0.04465522 -0.00782985
      4.3904370  0.35911231 -0.08157989  0.03431512 -0.00601682
     11.6263580 -0.00242721 -0.05941606  0.15425825  0.12753026
      2.7162800 -0.00357064 -0.08740638  0.22692780  0.18760851
      0.7722180  0.02419275  0.59221831 -1.53753988 -1.27113371
      0.2120313 -0.00744364  0.56799159  1.09562079  2.29586092
      0.0639000  0.00248862 -0.00007643  0.31413408 -1.77667104
    5    3    0
     11.6263580  0.04665299 -0.06221210  0.02596249
      2.7162800  0.22360506 -0.29817896  0.12443671
      0.7722180  0.51146740 -0.68204547  0.28463274
      0.2120313  0.43405970  0.98374114 -1.15791788
      0.0639000  0.02870770  0.11498042  1.36496869
    1    1    0
      0.8000000  1.00000000
a  8
   11    4    0
   5484.6717000  0.00182367 -0.00042799  0.00020005 -0.00001536
    825.2349500  0.01389347 -0.00326062  0.00152409 -0.00011705
    188.0469600  0.06816726 -0.01599799  0.00747785 -0.00057428
     52.9645000  0.23176964 -0.05439339  0.02542478 -0.00195255
     16.8975700  0.46828433 -0.10990039  0.05137009 -0.00394508
      5.7996353  0.35706555 -0.08379875  0.03916956 -0.00300811
     15.5396160 -0.00234943 -0.06117361  0.15369117  0.10769613
      3.5999336 -0.00313942 -0.08174316  0.20536964  0.14390882
      1.0137618  0.02398189  0.62443275 -1.56881046 -1.09931372
      0.2700058 -0.00729167  0.54531878  1.26217795  2.21644961
      0.0845000  0.00257542 -0.01098627  0.16442695 -1.83888862
    5    3    0
     15.5396160  0.04933296 -0.06108914  0.03224636
      3.5999336  0.23648928 -0.29284533  0.15458057
      1.0137618  0.50614803 -0.62676452  0.33084229
      0.2700058  0.42960180  0.84914450 -1.27512109
      0.0845000  0.03661902  0.24663098  1.37393618
    1    1    0
      0.8000000  1.00000000
a 15
   17    5    0
  19413.3000000  0.00034409 -0.00188417  0.00013454 -0.00013961  0.00005307
   2909.4200000  0.00264001 -0.01445606  0.00103225 -0.00107111  0.00040717
    661.3640000  0.01300838 -0.07123065  0.00508632 -0.00527776  0.00200630
    185.7590000  0.04461517 -0.24430150  0.01744467 -0.01810128  0.00688107
     59.1943000  0.09008592 -0.49328797  0.03522387 -0.03654968  0.01389409
     20.0310000  0.06229201 -0.34109548  0.02435637 -0.02527313  0.00960739
    339.4780000  0.00286087 -0.00022442  0.00094460 -0.00024700 -0.00019877
     81.0101000  0.03706966 -0.00290798  0.01223967 -0.00320052 -0.00257562
     25.8780000  0.11993020 -0.00940808  0.03959857 -0.01035452 -0.00833282
      9.4522100 -0.09957196  0.00781105 -0.03287668  0.00859683  0.00691832
      3.6656600 -0.63179838  0.04956223 -0.20860726  0.05454813  0.04389771
      1.4674600 -0.41522045  0.03257250 -0.13709754  0.03584925  0.02884975
      2.1562300  0.00352621 -0.00133942 -0.17860830  0.46739793 -0.27881785
      0.7489970 -0.00045801  0.00017397  0.02319910 -0.06070945  0.03621513
      0.2831450 -0.01507460  0.00572603  0.76355343 -1.99813386  1.19195092
      0.0998317  0.00532334 -0.00359065  0.38650380  2.05545036 -2.64800966
      0.0348000 -0.00164183  0.00120585 -0.00353784 -0.19475985  2.12115888
   11    4    0
    339.4780000  0.00453869 -0.00114959  0.00128307 -0.00041812
     81.0101000  0.03350220 -0.00848563  0.00947095 -0.00308636
     25.8780000  0.13896111 -0.03519686  0.03928378 -0.01280168
      9.4522100  0.33743423 -0.08546727  0.09539139 -0.03108587
      3.6656600  0.44835951 -0.11356306  0.12674955 -0.04130477
      1.4674600  0.23723070 -0.06008715  0.06706423 -0.02185469
      2.1562300 -0.00035818 -0.01239294  0.02195649 -0.00990474
      0.7489970  0.00552554  0.19118076 -0.33871381  0.15279629
      0.2831450  0.01583560  0.54790368 -0.97071766  0.43789788
      0.0998317 -0.00674440  0.41294410  1.30327362 -1.47974008
      0.0348000  0.00233010  0.02125496 -0.03076063  1.55841847
    1    1    0
      0.5500000  1.00000000
a 16
   17    5    0
  21917.1000000  0.00186279 -0.00052685  0.00014635 -0.00014503  0.00005376
   3301.4900000  0.01418271 -0.00401124  0.00111428 -0.00110424  0.00040931
    754.1460000  0.06946439 -0.01964634  0.00545756 -0.00540838  0.00200473
    212.7110000  0.23769448 -0.06722619  0.01867477 -0.01850649  0.00685980
     67.9896000  0.48170091 -0.13623757  0.03784545 -0.03750443  0.01390177
     23.0515000  0.33695054 -0.09529840  0.02647295 -0.02623440  0.00972431
    423.7350000 -0.00002909 -0.00245020  0.00086108 -0.00028914 -0.00010588
    100.7100000 -0.00038795 -0.03267307  0.01148244 -0.00385559 -0.00141184
     32.1599000 -0.00138711 -0.11682120  0.04105499 -0.01378549 -0.00504799
     11.8079000  0.00068660  0.05782452 -0.02032153  0.00682359  0.00249867
      4.6311000  0.00724979  0.61056982 -0.21457525  0.07205034  0.02638349
      1.8702500  0.00556973  0.46907655 -0.16484964  0.05535341  0.02026939
      2.6158400  0.00103009 -0.00531089 -0.18957172  0.44742698 -0.25254968
      0.9221670 -0.00027548  0.00142028  0.05069677 -0.11965447  0.06753884
      0.3412870 -0.00433848  0.02236808  0.79842666 -1.88444575  1.06367342
      0.1171670  0.00312683 -0.00905547  0.34445509  2.03500981 -2.50013710
      0.0405000 -0.00109073  0.00292754 -0.00830343 -0.22274183  2.07958821
   11    4    0
    423.7350000  0.00403320 -0.00110088  0.00114568 -0.00043539
    100.7100000  0.03047098 -0.00831718  0.00865568 -0.00328935
     32.1599000  0.12955903 -0.03536365  0.03680293 -0.01398594
     11.8079000  0.32496522 -0.08870054  0.09231060 -0.03508010
      4.6311000  0.44975115 -0.12276135  0.12775767 -0.04855078
      1.8702500  0.25428935 -0.06940928  0.07223420 -0.02745062
      2.6158400 -0.00033315 -0.01065166  0.01673724 -0.00831426
      0.9221670  0.00712310  0.22774555 -0.35786265  0.17776904
      0.3412870  0.01732162  0.55382095 -0.87023359  0.43229041
      0.1171670 -0.00723968  0.38596718  1.20723245 -1.47869515
      0.0405000  0.00267033  0.01916247  0.04334249  1.53787337
    1    1    0
      0.6500000  1.00000000
a  9
   11    4    0
   7001.7130900  0.00181160 -0.00044006  0.00021994 -0.00001194
   1051.3660900  0.01385476 -0.00336548  0.00168205 -0.00009131
    239.2856900  0.06810391 -0.01654320  0.00826823 -0.00044885
     67.3974453  0.23215827 -0.05639384  0.02818543 -0.00153007
     21.5199573  0.46919089 -0.11397171  0.05696264 -0.00309226
      7.4031013  0.35504718 -0.08624493  0.04310489 -0.00233998
     20.8479528 -0.00233018 -0.05889372  0.15410088  0.09912533
      4.8083083 -0.00314503 -0.07948874  0.20798967  0.13378927
      1.3440699  0.02423846  0.61261196 -1.60295602 -1.03110077
      0.3581514 -0.00671158  0.55320237  1.31734245  2.09927598
      0.1076000  0.00231984 -0.00604930  0.11477607 -1.78497079
    5    3    0
     20.8479528  0.04928879 -0.06311962  0.02980884
      4.8083083  0.23802726 -0.30481962  0.14395398
      1.3440699  0.49714232 -0.63664444  0.30066143
      0.3581514  0.43250008  0.87901812 -1.20614303
      0.1076000  0.05043218  0.20917911  1.34663932
    1    1    0
      0.8000000  1.00000000
a 17
   17    5    0
  25180.1000000  0.00035891 -0.00186661  0.00015272 -0.00015197  0.00005569
   3780.3500000  0.00274789 -0.01429131  0.00116925 -0.00116356  0.00042635
    860.4740000  0.01352934 -0.07036390  0.00575683 -0.00572884  0.00209916
    242.1450000  0.04649361 -0.24180569  0.01978337 -0.01968718  0.00721377
     77.3349000  0.09457909 -0.49189045  0.04024409 -0.04004842  0.01467452
     26.2470000  0.06654453 -0.34608727  0.02831518 -0.02817751  0.01032479
    491.7650000  0.00236227 -0.00018489  0.00087191 -0.00030786 -0.00009140
    116.9840000  0.03158126 -0.00247176  0.01165664 -0.00411579 -0.00122192
     37.4153000  0.11570541 -0.00905586  0.04270686 -0.01507919 -0.00447680
     13.7834000 -0.04628710  0.00362273 -0.01708457  0.00603232  0.00179091
      5.4521500 -0.60599435  0.04742908 -0.22367249  0.07897558  0.02344677
      2.2258800 -0.47834185  0.03743816 -0.17655596  0.06233940  0.01850772
      3.1864900  0.00573931 -0.00160061 -0.19264129  0.44761397 -0.24583987
      1.1442700 -0.00140364  0.00039145  0.04711347 -0.10947106  0.06012402
      0.4203770 -0.02416193  0.00673842  0.81100124 -1.88441161  1.03496213
      0.1426570  0.00906378 -0.00402028  0.34225448  2.02260967 -2.41957264
      0.0483000 -0.00291325  0.00137052 -0.00897114 -0.22312097  2.03548899
   11    4    0
    491.7650000  0.00396083 -0.00114696  0.00118632 -0.00037944
    116.9840000  0.03010090 -0.00871647  0.00901560 -0.00288364
     37.4153000  0.12894995 -0.03734068  0.03862216 -0.01235328
     13.7834000  0.32560260 -0.09428636  0.09752215 -0.03119240
      5.4521500  0.45027937 -0.13038962  0.13486444 -0.04313631
      2.2258800  0.25034837 -0.07249462  0.07498255 -0.02398312
      3.1864900 -0.00032431 -0.01071437  0.01664445 -0.00710301
      1.1442700  0.00733889  0.24245542 -0.37664723  0.16073406
      0.4203770  0.01686337  0.55711650 -0.86546380  0.36933634
      0.1426570 -0.00612558  0.37660092  1.26738737 -1.36869162
      0.0483000  0.00234499  0.01915734 -0.03014924  1.51172850
    1    1    0
      0.7500000  1.00000000
