a  1
    5    3    0
     33.8700000  0.00584277 -0.00586796  0.03885351
      5.0950000  0.04362630 -0.04381436  0.29010791
      1.1590000  0.19529384 -0.19613571  1.29867280
      0.3258000  0.45141513 -1.18183041 -1.98276975
      0.1027000  0.44861177  1.46882938  0.92907440
    2    2    0
      1.4070000  0.01627801 -1.26798688
      0.3880000  0.98990787  0.79255163
    1    1    0
      1.0570000  1.00000000
a  6
   10    4    0
   8236.0000000  0.00053275  0.00010449 -0.00015229 -0.00061626
   1235.0000000  0.00412164  0.00081217 -0.00118337 -0.00474650
    280.8000000  0.02115754  0.00420212 -0.00611944 -0.02418053
     79.2700000  0.08213511  0.01682169 -0.02444814 -0.09102473
     25.5900000  0.23568705  0.05199989 -0.07522751 -0.24033159
      8.9970000  0.43639614  0.11994983 -0.17148278 -0.31260829
      3.3190000  0.34884328  0.16484983 -0.23088490  0.13587979
      0.9059000  0.03712087 -0.14150591  0.75875849  2.34242324
      0.3643000 -0.01870479 -0.59881338  0.81486086 -3.30742366
      0.1285000 -0.00400812 -0.39464309 -1.38596892  1.55368418
    5    3    0
     18.7100000  0.01404130 -0.02349621  0.04505278
      4.1330000  0.08692979 -0.14546518  0.27892202
      1.2000000  0.29042912 -0.48599363  0.93186786
      0.3827000  0.50143194 -0.33913192 -1.65886723
      0.1209000  0.34262201  1.00360005  0.96358464
    2    2    0
      1.0970000  0.40396173 -1.10936375
      0.3180000  0.72490496  0.93187220
    1    1    0
      0.7610000  1.00000000
a  7
   10    4    0
  11420.0000000  0.00052300 -0.00011510 -0.00014446 -0.00061598
   1712.0000000  0.00404500 -0.00089575 -0.00112514 -0.00473389
    389.3000000  0.02077499 -0.00462782 -0.00581719 -0.02416473
    110.0000000  0.08072697 -0.01854213 -0.02339396 -0.09085461
     35.5700000  0.23307393 -0.05737481 -0.07296329 -0.24141844
     12.5400000  0.43350093 -0.13210970 -0.17155443 -0.31082951
      4.6440000  0.34747209 -0.17245079 -0.23145787  0.11302174
      1.2930000  0.04126269  0.15215368  0.72615913  2.32914799
      0.5118000 -0.00850931  0.59917181  0.84545088 -3.24008238
      0.1787000  0.00238479  0.38798444 -1.39663080  1.51325005
    5    3    0
     26.6300000  0.01468306 -0.02659018  0.04345008
      5.9480000  0.09184570 -0.16632726  0.27178960
      1.7420000  0.29894894 -0.54137925  0.88464902
      0.5550000  0.49825191 -0.21264412 -1.65931752
      0.1725000  0.33699392  0.93340739  1.01246858
    2    2    0
      1.6540000  0.40202605 -1.09982391
      0.4690000  0.73003710  0.91557818
    1    1    0
      1.0930000  1.00000000
a  8
   10    4    0
  15330.0000000  0.00050800 -0.00011509  0.00016255 -0.00059982
   2299.0000000  0.00392900 -0.00089571  0.00126390 -0.00460915
    522.4000000  0.02024300 -0.00463962  0.00654163 -0.02361355
    147.3000000  0.07918101 -0.01873749  0.02629678 -0.08918036
     47.5500000  0.23068703 -0.05849781  0.08131361 -0.23870835
     16.7600000  0.43311808 -0.13649770  0.18474257 -0.30411310
      6.2070000  0.35026013 -0.17569300  0.22795226  0.10688077
      1.7520000  0.04272794  0.16126509 -0.80343391  2.29678820
      0.6882000 -0.00815460  0.60272887 -0.72534417 -3.23652599
      0.2384000  0.00238103  0.37921288  1.33961925  1.54433832
    5    3    0
     34.4600000  0.01594310 -0.02683774  0.04414236
      7.7490000  0.09983455 -0.16805601  0.27641629
      2.2800000  0.31078633 -0.52316068  0.86048774
      0.7156000  0.49038246 -0.20800321 -1.60670917
      0.2140000  0.33678740  0.93241768  0.96438870
    2    2    0
      2.3140000  0.40677245 -1.09047434
      0.6450000  0.72881629  0.90742764
    1    1    0
      1.4280000  1.00000000
a  9
   10    4    0
  19500.0000000  0.00050700 -0.00011709  0.00017883 -0.00059753
   2923.0000000  0.00392300 -0.00091266  0.00139066 -0.00458750
    664.5000000  0.02019998 -0.00472038  0.00718234 -0.02350859
    187.5000000  0.07900994 -0.01909850  0.02874882 -0.08852887
     60.6200000  0.23043882 -0.05968679  0.08796231 -0.23673578
     21.4200000  0.43287175 -0.14003711  0.19405969 -0.29429997
      7.9500000  0.34996398 -0.17672971  0.22247103  0.10423732
      2.2570000  0.04323454  0.17192430 -0.86597306  2.26607724
      0.8815000 -0.00789372  0.60434039 -0.62489748 -3.23665700
      0.3041000  0.00238499  0.36999988  1.29381257  1.57351037
    5    3    0
     43.8800000  0.01667887 -0.02915604  0.04312343
      9.9260000  0.10455893 -0.18277768  0.27033849
      2.9300000  0.31752398 -0.55505827  0.82096246
      0.9132000  0.48659360 -0.12430086 -1.58826939
      0.2672000  0.33522956  0.88371934  0.98484203
    2    2    0
      3.1070000  0.40942359 -1.08398278
      0.8550000  0.72866446  0.90094086
    1    1    0
      1.9170000  1.00000000
a 16
   15    5    0
 374100.0000000  0.00005421 -0.00001498  0.00000435  0.00000474  0.00000151
  56050.0000000  0.00042086 -0.00011620  0.00003373  0.00003674  0.00001174
  12760.0000000  0.00220698 -0.00061158  0.00017775  0.00019406  0.00005726
   3615.0000000  0.00919258 -0.00255370  0.00074147  0.00081030  0.00021714
   1183.0000000  0.03211230 -0.00908708  0.00264713  0.00292135  0.00037536
    428.8000000  0.09466830 -0.02770451  0.00807854  0.00905868 -0.00124719
    167.8000000  0.22363000 -0.07200202  0.02123686  0.02484964 -0.01864299
     69.4700000  0.37439301 -0.14643904  0.04385000  0.05494687 -0.09450546
     29.8400000  0.32910801 -0.19515004  0.06129409  0.08453047 -0.23623749
     12.7200000  0.08470380  0.00819193 -0.00361486 -0.00926806  0.07775760
      5.2440000  0.00044082  0.51660105 -0.20458861 -0.31948863  1.01842595
      2.2190000  0.00164825  0.54217801 -0.38210301 -0.56341073  0.02249750
      0.7767000 -0.00062227  0.06884283  0.08290857  0.99367511 -3.53434758
      0.3490000  0.00030124 -0.00918052  0.71478370  0.97456117  4.43143264
      0.1322000 -0.00008410  0.00226824  0.39306153 -1.52372371 -1.88998527
    9    4    0
    574.4000000  0.00242264 -0.00062056  0.00085978 -0.00141029
    135.8000000  0.01927960 -0.00494250  0.00684545 -0.01120756
     43.1900000  0.08854009 -0.02328188  0.03190644 -0.04919275
     15.8700000  0.25465397 -0.06856968  0.09305957 -0.13521501
      6.2080000  0.43398396 -0.12398485  0.16432176 -0.20263427
      2.4830000  0.35495296 -0.09702052  0.13087272 -0.18284027
      0.8688000  0.06189433  0.22856856 -0.66831350  1.78535205
      0.3229000 -0.00502989  0.56966133 -0.45859745 -2.21392935
      0.1098000  0.00209818  0.36570946  1.06635216  1.12490385
    2    2    0
      0.2690000  0.62595078 -1.07747376
      0.8190000  0.49120571  1.14519912
    1    1    0
      0.5570000  1.00000000
a 17
   15    5    0
 456100.0000000  0.00001383 -0.00004930 -0.00000419  0.00000451  0.00000200
  68330.0000000  0.00010730 -0.00038302 -0.00003245  0.00003487  0.00001563
  15550.0000000  0.00056519 -0.00200851 -0.00017117  0.00018444  0.00007641
   4405.0000000  0.00236182 -0.00838545 -0.00071444  0.00076991  0.00030782
   1439.0000000  0.00846051 -0.02946982 -0.00256799  0.00279693  0.00069032
    520.4000000  0.02596870 -0.08783102 -0.00788845  0.00871701  0.00000810
    203.1000000  0.06864800 -0.21146908 -0.02109490  0.02435575 -0.01546500
     83.9600000  0.14189438 -0.36535589 -0.04424482  0.05461518 -0.08680971
     36.2000000  0.19933799 -0.34087259 -0.06519711  0.08908746 -0.24458021
     15.8300000  0.01957191 -0.10213189 -0.00603178  0.00500118  0.02996767
      6.3340000 -0.49974067 -0.00314543  0.20660463 -0.32408724  1.05209420
      2.6940000 -0.56373590 -0.00108977  0.40607514 -0.60768793  0.12809594
      0.9768000 -0.07903307  0.00037407 -0.07629024  0.98674396 -3.60998928
      0.4313000  0.00835148 -0.00015607 -0.72599905  1.01695430  4.39568019
      0.1625000 -0.00232471  0.00005141 -0.39390987 -1.53220573 -1.86985787
    9    4    0
    663.3000000  0.00240448 -0.00065253  0.00093232 -0.00131497
    156.8000000  0.01921480 -0.00519749  0.00744240 -0.01057709
     49.9800000  0.08850969 -0.02470779  0.03464013 -0.04562654
     18.4200000  0.25601996 -0.07285716  0.10084719 -0.12637158
      7.2400000  0.43692693 -0.13409894  0.17666541 -0.17625473
      2.9220000  0.35033394 -0.09482961  0.13572469 -0.19257905
      1.0220000  0.05854987  0.26264097 -0.79721511  1.75497925
      0.3818000 -0.00458440  0.56466176 -0.26491657 -2.27267727
      0.1301000  0.00226979  0.34095877  0.98794677  1.21096209
    2    2    0
      1.0460000  0.47915717 -1.15114237
      0.3440000  0.63700240  1.07189005
    1    1    0
      0.7060000  1.00000000
