a  1
    4    2    0
     13.0100000  0.01820994 -0.04221183
      1.9620000  0.12763796 -0.29587305
      0.4446000  0.44231889 -1.02532385
      0.1220000  0.54591363  1.25910103
    1    0    0
      0.7270000  1.00000000
a  6
    9    3    0
   6665.0000000  0.00069200  0.00014601 -0.00002573
   1000.0000000  0.00532900  0.00115412 -0.00029363
    228.0000000  0.02707700  0.00572542 -0.00104612
     64.7100000  0.10171801  0.02331583 -0.00973952
     21.0600000  0.27474002  0.06396657 -0.02949019
      7.4950000  0.44856404  0.15005634 -0.19476928
      2.7970000  0.28507403  0.12734947 -0.22658100
      0.5215000  0.01520396 -0.54520749  1.76205904
      0.1596000 -0.00319139 -0.57989356 -1.56474043
    4    2    0
      9.4390000  0.03813038 -0.05537140
      2.0020000  0.20959750 -0.30436908
      0.5456000  0.50884226 -0.73892030
      0.1517000  0.46842401  1.08294339
    1    1    0
      0.5500000  1.00000000
a  7
    9    3    0
   9046.0000000  0.00070000 -0.00015300 -0.00003529
   1357.0000000  0.00538900 -0.00120797 -0.00036661
    309.3000000  0.02740600 -0.00599188 -0.00138761
     87.7300000  0.10320700 -0.02454307 -0.01146032
     28.5600000  0.27872300 -0.06745618 -0.03465162
     10.2100000  0.44853998 -0.15806098 -0.21176935
      3.8380000  0.27823798 -0.12181445 -0.20625783
      0.7466000  0.01544013  0.54886376  1.73946427
      0.2248000 -0.00286410  0.57893864 -1.54462164
    4    2    0
     13.5500000  0.03992493 -0.05636096
      2.9170000  0.21720125 -0.30661725
      0.7973000  0.51039477 -0.72051080
      0.2185000  0.46210068  1.07764222
    1    1    0
      0.8170000  1.00000000
a  8
    9    3    0
  11720.0000000  0.00071000 -0.00016000 -0.00004313
   1759.0000000  0.00547000 -0.00126298 -0.00042558
    400.8000000  0.02783700 -0.00626692 -0.00167228
    113.7000000  0.10480002 -0.02571535 -0.01282298
     37.0300000  0.28306205 -0.07092201 -0.03914285
     13.2700000  0.44871911 -0.16539909 -0.22500328
      5.0250000  0.27095208 -0.11694498 -0.18838037
      1.0130000  0.01545767  0.55727527  1.72409522
      0.3023000 -0.00258547  0.57284158 -1.53539055
    4    2    0
     17.7000000  0.04301039 -0.05828595
      3.8540000  0.22887251 -0.31015882
      1.0460000  0.50863802 -0.68928577
      0.2753000  0.46066936  1.05989813
    1    1    0
      1.1850000  1.00000000
a 15
   12    4    0
  94840.0000000  0.00025551 -0.00007068  0.00001551 -0.00002525
  14220.0000000  0.00198193 -0.00054288  0.00011953 -0.00019811
   3236.0000000  0.01027600 -0.00287713  0.00063114 -0.00100758
    917.1000000  0.04148230 -0.01156056  0.00255579 -0.00414772
    299.5000000  0.13198400 -0.03984457  0.00878728 -0.01257700
    108.1000000  0.30866199 -0.10105676  0.02284050 -0.02997007
     42.1800000  0.42064699 -0.20074676  0.04615301 -0.03354735
     17.2800000  0.22287799 -0.11665153  0.02987141 -0.02713217
      4.8580000  0.01640354  0.52815275 -0.16649145  0.08075859
      1.8180000 -0.00254249  0.62247940 -0.34069072  0.61238579
      0.3372000  0.00074801 -0.00362615  0.62532343 -2.22121815
      0.1232000 -0.00033095 -0.03090159  0.55048699  1.89342839
    8    3    0
    370.5000000  0.00395998  0.00093544 -0.00118226
     87.3300000  0.03032193  0.00692481 -0.00851988
     27.5900000  0.12989649  0.03191347 -0.04153171
     10.0000000  0.32841685  0.07755595 -0.09799518
      3.8250000  0.45847007  0.13221581 -0.19041631
      1.4940000  0.25300129  0.00749733  0.04148534
      0.3921000  0.00946808 -0.53838281  1.20753363
      0.1186000 -0.00167987 -0.56856346 -1.19027788
    1    1    0
      0.3730000  1.00000000
a 16
   12    4    0
 110800.0000000  0.00024766  0.00006863  0.00001992 -0.00002709
  16610.0000000  0.00192041  0.00052712  0.00015355 -0.00021294
   3781.0000000  0.00996274  0.00279379  0.00080983 -0.00107997
   1071.0000000  0.04030080  0.01125329  0.00329112 -0.00447905
    349.8000000  0.12861540  0.03884572  0.01130087 -0.01356037
    126.3000000  0.30350917  0.09941359  0.02964869 -0.03310038
     49.2600000  0.42149056  0.19961654  0.05999677 -0.03777987
     20.1600000  0.23081717  0.12329239  0.04133514 -0.03345636
      5.7200000  0.01774659 -0.51319925 -0.20750668  0.10481077
      2.1820000 -0.00315322 -0.60711918 -0.39308717  0.64124472
      0.4327000  0.00083788 -0.03967535  0.63353418 -2.25099303
      0.1570000 -0.00036515  0.00946869  0.55634076  1.89137897
    8    3    0
    399.7000000  0.00447541  0.00116301 -0.00137275
     94.1900000  0.03417081  0.00866030 -0.01003937
     29.7500000  0.14425003  0.03910591 -0.04750691
     10.7700000  0.35392806  0.09350317 -0.11163854
      4.1190000  0.45908511  0.14806639 -0.19871223
      1.6250000  0.20638296 -0.03022884  0.10548243
      0.4726000  0.01021355 -0.56198596  1.13331724
      0.1407000 -0.00006007 -0.53434524 -1.18235481
    1    1    0
      0.4790000  1.00000000
