a  1
    7    5    0
     82.6400000  0.00193295 -0.00127641  0.00428848 -0.01270584  0.03530488
     12.4100000  0.01478429 -0.00976272  0.03280066 -0.09718134  0.27003131
      2.8240000  0.07282680 -0.04809078  0.16157473 -0.47871135  1.33016333
      0.7977000  0.24447657 -0.20700969  0.97478714 -0.66728127 -2.72050605
      0.2581000  0.47140803 -0.44856685 -0.45400917  2.55309357  2.77222801
      0.0898900  0.29987361  0.14061791 -1.08439421 -2.54067109 -1.71052311
      0.0236300  0.06755286  0.96235397  0.88630001  1.03136549  0.53182116
    4    4    0
      2.2920000  0.01755169 -0.06649687  0.42898392 -1.64100870
      0.8380000  0.08699875 -0.60460075  0.85452671  2.22606077
      0.2920000  0.48694361 -0.43001818 -1.53226041 -1.44261719
      0.0848000  0.55935783  0.85997949  0.86168735  0.52072541
    3    3    0
      2.0620000  0.00951233 -0.19414335  1.26182216
      0.6620000  0.34457030 -0.97012916 -1.07618909
      0.1900000  0.77167743  0.83197283  0.44340182
    2    2    0
      1.3970000  0.16137390 -1.06973273
      0.3600000  0.92724225  0.55730733
a  6
   13    6    0
  33980.0000000  0.00009100 -0.00001901 -0.00002379 -0.00004439  0.00015131 -0.00027157
   5089.0000000  0.00070402 -0.00015112 -0.00019017 -0.00034195  0.00111384 -0.00198739
   1157.0000000  0.00369309 -0.00078561 -0.00098674 -0.00179638  0.00594342 -0.01062649
    326.6000000  0.01536035 -0.00332656 -0.00419394 -0.00744975  0.02388560 -0.04252727
    106.1000000  0.05293018 -0.01152084 -0.01453998 -0.02564974  0.08148961 -0.14490736
     38.1100000  0.14704536 -0.03418549 -0.04371156 -0.07045391  0.19558753 -0.34090096
     14.7500000  0.30563325 -0.07722861 -0.10025407 -0.14416153  0.31927732 -0.53386555
      6.0350000  0.39933051 -0.14158298 -0.19291878 -0.17335702 -0.15769264  0.45345034
      2.5300000  0.21702550 -0.11808542 -0.16747699 -0.07904544 -0.66705600  1.41044287
      0.7355000  0.01611749  0.27400364  1.23032940  2.48100516 -0.00442775 -2.92485354
      0.2905000 -0.00361557  0.58851251  0.07490351 -3.76050268  1.81427571  3.66463911
      0.1111000  0.00167151  0.28084684 -1.07570373  1.87546146 -3.11797565 -3.08012913
      0.0414500 -0.00043023  0.00322699 -0.04053930  0.12619631  2.06090556  1.46765973
    7    5    0
     34.5100000  0.00537998 -0.00645819  0.02489877 -0.03769314  0.00775081
      7.9150000  0.03614527 -0.04338922  0.16728195 -0.25324070  0.05207370
      2.3680000  0.14254533 -0.17111313  0.65970626 -0.99869995  0.20536194
      0.8132000  0.34213716 -0.72322077  0.05645574  2.04855198 -0.70339044
      0.2890000  0.46566940  0.21979020 -1.26786062 -1.88614135  1.31648583
      0.1007000  0.24412365  0.74613091  1.00735074  0.84832988 -1.81335698
      0.0321800  0.00725805  0.01925757  0.01213557  0.11898958  1.53688652
    4    4    0
      1.8480000  0.13261203 -0.51663718  1.17747628 -0.52241412
      0.6490000  0.55538281 -0.54822527 -1.34197347  1.02537710
      0.2280000  0.45751534  0.92030238  0.51574190 -1.41217331
      0.0766000  0.03332873  0.05286903  0.33085488  1.31198064
    3    3    0
      1.4190000  0.35288487 -0.96538182  0.69312303
      0.4850000  0.70424378  0.48474248 -1.29474937
      0.1870000  0.10545389  0.43822447  1.24043256
    2    2    0
      1.0110000  0.72618544 -1.02376948
      0.4240000  0.37675965  1.19728919
a  7
   13    6    0
  45840.0000000  0.00009200 -0.00002001 -0.00002312 -0.00004279  0.00011958 -0.00030387
   6868.0000000  0.00071701 -0.00015906 -0.00018477 -0.00033358  0.00089932 -0.00227116
   1563.0000000  0.00374908 -0.00082433 -0.00095530 -0.00174393  0.00477910 -0.01210361
    442.4000000  0.01553229 -0.00347937 -0.00405187 -0.00722735  0.01913044 -0.04815563
    144.3000000  0.05314697 -0.01197066 -0.01396006 -0.02473221  0.06477811 -0.16275120
     52.1800000  0.14678884 -0.03540014 -0.04198545 -0.06839259  0.15453567 -0.37704456
     20.3400000  0.30466445 -0.08010015 -0.09685949 -0.14218794  0.25165065 -0.57718328
      8.3810000  0.39767076 -0.14673916 -0.18829623 -0.18710420 -0.11141654  0.55422674
      3.5290000  0.21762082 -0.11635822 -0.15592173 -0.10368116 -0.43694635  1.42091147
      1.0540000  0.01715389  0.27998402  1.09373216  2.44683246 -0.52393072 -2.83181111
      0.4118000 -0.00320100  0.58657878  0.24306063 -3.47214528  2.39797877  3.22589988
      0.1552000  0.00154448  0.28029804 -1.11761346  1.51345422 -3.37233785 -2.42502957
      0.0546400 -0.00037315  0.00366280 -0.07963375  0.27877233  2.08179702  1.06377003
    7    5    0
     49.3300000  0.00553847 -0.00819924  0.02396962 -0.03647742  0.00936630
     11.3700000  0.03799952 -0.05625512  0.16445593 -0.25027219  0.06426230
      3.4350000  0.14917530 -0.22084160  0.64560712 -0.98249732  0.25227549
      1.1820000  0.34868259 -0.68898603  0.00585529  1.99578142 -0.80232587
      0.4173000  0.46047914  0.27496814 -1.22052458 -1.76482840  1.37928910
      0.1428000  0.23951716  0.69605941  1.00487164  0.70479193 -1.77841170
      0.0440200  0.00765125  0.02312193  0.03996696  0.21143724  1.48098292
    4    4    0
      2.8370000  0.12774578 -0.49500786  1.12732793 -0.57174395
      0.9680000  0.55277278 -0.57156421 -1.21624063  1.06910116
      0.3350000  0.46565198  0.90144196  0.38527479 -1.41036344
      0.1110000  0.03885603  0.07807976  0.41492484  1.26991250
    3    3    0
      2.0270000  0.35966870 -0.96313587  0.66382859
      0.6850000  0.70708961  0.50927760 -1.18838778
      0.2450000  0.10178351  0.42878802  1.17697202
    2    2    0
      1.4270000  0.72827463 -0.96038904
      0.5590000  0.39025147  1.14036610
a  8
   13    6    0
  61420.0000000  0.00009000 -0.00002001 -0.00002442 -0.00004507  0.00014564 -0.00030250
   9199.0000000  0.00069801 -0.00015908 -0.00019541 -0.00034808  0.00107811 -0.00222726
   2091.0000000  0.00366407 -0.00082943 -0.00101709 -0.00182931  0.00573383 -0.01186369
    590.9000000  0.01521826 -0.00350977 -0.00432411 -0.00757317  0.02295725 -0.04729351
    192.3000000  0.05242388 -0.01216206 -0.01500590 -0.02606082  0.07813588 -0.16072841
     69.3200000  0.14592267 -0.03627688 -0.04549880 -0.07161866  0.18543228 -0.37332800
     26.9700000  0.30525918 -0.08302233 -0.10615820 -0.14710685  0.29354195 -0.56297396
     11.1000000  0.39849536 -0.15211182 -0.20588055 -0.17540091 -0.19529647  0.60145616
      4.6820000  0.21696258 -0.11532967 -0.16212439 -0.08312913 -0.53640402  1.32097776
      1.4280000  0.01776493  0.28895808  1.24322737  2.41959516 -0.10709981 -2.75611068
      0.5547000 -0.00290827  0.58753095  0.03001800 -3.63260669  1.77091139  3.20626752
      0.2067000  0.00147732  0.27383786 -1.04643105  1.82377834 -2.85001832 -2.50558691
      0.0695900 -0.00033482  0.00343555 -0.03700044  0.11997849  1.90478124  1.16573846
    7    5    0
     63.4200000  0.00605111 -0.00851888  0.01912629 -0.03612510  0.01751013
     14.6600000  0.04184815 -0.05891475  0.13227329 -0.24983340  0.12109630
      4.4590000  0.16133249 -0.22712745  0.50993837 -0.96315469  0.46684898
      1.5310000  0.35635231 -0.62787120  0.23236656  1.65997802 -1.27138998
      0.5302000  0.44962987  0.22562625 -1.28227331 -1.04164461  1.78827328
      0.1750000  0.23923485  0.69955052  0.83112586 -0.02440248 -1.89015517
      0.0534800  0.00913539  0.06775371  0.24465922  0.58102040  1.33450342
    4    4    0
      3.7750000  0.13812507 -0.48357149  1.08300833 -0.67383658
      1.3000000  0.56532875 -0.54380009 -1.08484074  1.21420695
      0.4440000  0.44811020  0.86384555  0.19268844 -1.51835839
      0.1540000  0.03476788  0.13141481  0.54630886  1.25723651
    3    3    0
      2.6660000  0.35906390 -0.91117453  0.69381326
      0.8590000  0.68895521  0.37553213 -1.26255506
      0.3240000  0.14044535  0.50505534  1.18224169
    2    2    0
      1.8460000  0.70216894 -0.96956123
      0.7140000  0.42390722  1.11955030
a  9
   13    6    0
  74530.0000000  0.00009500 -0.00002201 -0.00002796 -0.00005134  0.00018421 -0.00029601
  11170.0000000  0.00073801 -0.00017208 -0.00021892 -0.00039787  0.00141251 -0.00226744
   2543.0000000  0.00385807 -0.00089142 -0.00113169 -0.00208685  0.00752218 -0.01209248
    721.0000000  0.01592627 -0.00374971 -0.00478091 -0.00855516  0.02986822 -0.04786830
    235.9000000  0.05428989 -0.01286777 -0.01643123 -0.02909021  0.10036445 -0.16066152
     85.6000000  0.14951471 -0.03807558 -0.04937524 -0.07787130  0.23172828 -0.36508829
     33.5500000  0.30825331 -0.08626523 -0.11393593 -0.15394250  0.34622949 -0.52491478
     13.9300000  0.39484178 -0.15587613 -0.21688277 -0.15859047 -0.32513099  0.65880556
      5.9150000  0.21101715 -0.11090628 -0.15905857 -0.06128206 -0.64125381  1.16174021
      1.8430000  0.01728996  0.29865276  1.34165496  2.38887059  0.35399880 -2.62506492
      0.7124000 -0.00234602  0.58648001 -0.12387674 -3.75052484  1.10777966  3.18553808
      0.2637000  0.00129254  0.26749221 -0.98318241  2.06993675 -2.30934935 -2.64707993
      0.0859400 -0.00027338  0.00331353 -0.01616538 -0.02052871  1.70541203  1.32337024
    7    5    0
     80.3900000  0.00635470 -0.00975326  0.02121860 -0.03666371  0.01218105
     18.6300000  0.04425760 -0.06792706  0.14777800 -0.25534627  0.08483555
      5.6940000  0.16871832 -0.25895079  0.56335766 -0.97342823  0.32340916
      1.9530000  0.36103806 -0.63228681  0.06817866  1.83725609 -0.95162837
      0.6702000  0.44357939  0.31138683 -1.20441767 -1.40353590  1.47054051
      0.2166000  0.23754631  0.65153596  0.92970012  0.36028806 -1.76507654
      0.0656800  0.00970830  0.04235305  0.13853563  0.36790650  1.40990011
    4    4    0
      5.0140000  0.13855545 -0.48052011  1.08678669 -0.66729581
      1.7250000  0.56805671 -0.53982483 -1.08054207  1.21297628
      0.5860000  0.44609266  0.85529385  0.18314645 -1.54143603
      0.2070000  0.03370716  0.14024778  0.54493018  1.27502169
    3    3    0
      3.5620000  0.35206654 -0.89065469  0.73425144
      1.1480000  0.69201956  0.31301389 -1.34870595
      0.4600000  0.13698417  0.54761135  1.22492033
    2    2    0
      2.3760000  0.69437676 -0.97939353
      0.9240000  0.43152732  1.12033698
a 16
   17    7    0
 727800.0000000  0.00002360  0.00000652 -0.00000189 -0.00000230 -0.00000073 -0.00000938  0.00001132
 109000.0000000  0.00018348  0.00005065 -0.00001470 -0.00001781 -0.00000565 -0.00007264  0.00008768
  24800.0000000  0.00096429  0.00026678 -0.00007757 -0.00009406 -0.00003021 -0.00038218  0.00046151
   7014.0000000  0.00406540  0.00112578 -0.00032659 -0.00039546 -0.00013000 -0.00158295  0.00191326
   2278.0000000  0.01469741  0.00411103 -0.00119717 -0.00145181 -0.00051571 -0.00557122  0.00675801
    814.7000000  0.04650847  0.01324282 -0.00384903 -0.00465497 -0.00194989 -0.01580881  0.01936729
    313.4000000  0.12550913  0.03769372 -0.01105707 -0.01339121 -0.00763957 -0.03213713  0.04085372
    127.7000000  0.26843609  0.08984286 -0.02647310 -0.03189071 -0.02813147 -0.00940810  0.02230141
     54.4800000  0.38481596  0.16708585 -0.05089674 -0.06161632 -0.08715730  0.19739007 -0.19704444
     23.8500000  0.26538046  0.16935430 -0.05302694 -0.06423133 -0.12694941  0.44501820 -0.47216778
      9.4280000  0.04372343 -0.12784924  0.04257782  0.05143698  0.17189779 -0.82338039  0.89898843
      4.2900000 -0.00381385 -0.56487623  0.25094974  0.35283808  0.58541256 -1.36434045  1.34955357
      1.9090000  0.00218833 -0.43161036  0.33320033  0.54850705  0.20330403  3.04482381 -3.71826845
      0.6270000 -0.00090662 -0.03954497 -0.26305926 -1.74281996 -3.77639571 -2.34112900  5.55486359
      0.2873000  0.00056207  0.00842544 -0.67020402  0.04303143  5.35551637  0.22614714 -6.43317646
      0.1172000 -0.00023617 -0.00309749 -0.28379235  1.19967608 -2.66001224  1.88903283  4.74628585
      0.0428000  0.00005831  0.00064374 -0.00254179 -0.00601694  0.10269924 -1.55988292 -2.12044287
   12    6    0
   1546.0000000  0.00044118  0.00011315  0.00014458  0.00008320  0.00014288 -0.00011732
    366.4000000  0.00377569  0.00095885  0.00122847  0.00056259  0.00168916 -0.00126131
    118.4000000  0.01983594  0.00513656  0.00654697  0.00451973  0.00399212 -0.00393336
     44.5300000  0.07420610  0.01927128  0.02454422  0.01778272  0.01220507 -0.01320909
     18.3800000  0.19732714  0.05362768  0.06750401  0.08485904 -0.08481612  0.02956391
      7.9650000  0.35185139  0.09608829  0.12080258  0.15865349 -0.17415241  0.06535696
      3.5410000  0.37869172  0.11830835  0.14399925  0.40562725 -0.92053563  0.47473342
      1.5910000  0.17091499 -0.00945465  0.00597589 -0.80831111  2.67891669 -1.49265791
      0.6205000  0.01519295 -0.35858505 -1.01519955 -0.66983029 -2.77158997  2.18684072
      0.2420000  0.00000491 -0.52789487  0.21933244  1.84345173  1.60632602 -2.54251057
      0.0901400  0.00048890 -0.24368870  0.78593570 -1.16913065 -0.14459565  2.48917501
      0.0317000 -0.00006641 -0.00525279  0.02101095 -0.10652431 -0.56632478 -1.61889121
    4    4    0
      0.2030000  0.35777227 -1.06296267  0.58688201 -1.84535053
      0.5040000  0.57738518  0.57760899 -1.62924136  1.49381177
      1.2500000  0.19260985  0.48894270  1.34059921 -0.72576179
      0.0748000  0.01905240 -0.04833085  0.37561828  1.44397239
    3    3    0
      0.3350000  0.59932554 -0.74942068  1.48571122
      0.8690000  0.47012804  1.04147792 -0.72473265
      0.1400000  0.07246852 -0.33195247 -1.38519241
    2    2    0
      0.6830000  0.78261558 -1.02088141
      0.2970000  0.30135458  1.25054845
a 17
   17    7    0
 834900.0000000  0.00000667 -0.00002312 -0.00000197 -0.00000241 -0.00000056 -0.00001049  0.00001382
 125000.0000000  0.00005186 -0.00017976 -0.00001526 -0.00001870 -0.00000434 -0.00008116  0.00010688
  28430.0000000  0.00027331 -0.00094572 -0.00008062 -0.00009888 -0.00002322 -0.00042827  0.00056418
   8033.0000000  0.00115538 -0.00399269 -0.00034002 -0.00041622 -0.00010167 -0.00177374  0.00233853
   2608.0000000  0.00421480 -0.01443115 -0.00124573 -0.00152683 -0.00041306 -0.00627582  0.00829607
    933.9000000  0.01354547 -0.04555654 -0.00399688 -0.00487610 -0.00165978 -0.01783670  0.02376287
    360.0000000  0.03847047 -0.12295804 -0.01147759 -0.01398131 -0.00697770 -0.03756681  0.05141731
    147.0000000  0.09173310 -0.26367718 -0.02755798 -0.03313048 -0.02776596 -0.01820210  0.03437187
     62.8800000  0.17058711 -0.38170068 -0.05331128 -0.06371381 -0.09002171  0.18934106 -0.21018724
     27.6000000  0.17683322 -0.26959651 -0.05715146 -0.06742266 -0.13882415  0.46998318 -0.55481796
     11.0800000 -0.11456862 -0.04801032  0.03954944  0.04440473  0.17184160 -0.81142357  0.98467407
      5.0750000 -0.56364147 -0.00057315  0.26444496  0.37003269  0.62256159 -1.35876926  1.49547154
      2.2780000 -0.44142616 -0.00558079  0.34931285  0.58833070  0.22259582  3.03292059 -4.08019200
      0.7775000 -0.04324132  0.00058620 -0.26905246 -1.77791075 -3.81979842 -2.27774584  5.75719522
      0.3527000  0.00771651 -0.00047269 -0.67898520  0.03786872  5.38943188  0.09448635 -6.32874066
      0.1431000 -0.00300300  0.00020083 -0.28043519  1.21233558 -2.73946880  1.99909982  4.55997796
      0.0519000  0.00060491 -0.00005014 -0.00246539 -0.01960751  0.16111611 -1.63518832 -2.02426655
   12    6    0
   1703.0000000  0.00047404  0.00012829 -0.00016106  0.00009809  0.00007408 -0.00004570
    403.6000000  0.00406413  0.00109378 -0.00136991  0.00074239  0.00084824 -0.00045389
    130.3000000  0.02133553  0.00583581 -0.00735879  0.00540299  0.00119699 -0.00143373
     49.0500000  0.07946121  0.02193226 -0.02775901  0.02329510 -0.00240230 -0.00334011
     20.2600000  0.20892713  0.06016536 -0.07744139  0.10137268 -0.09308227  0.01650786
      8.7870000  0.36494511  0.10698338 -0.13863889  0.20740445 -0.22818286  0.04795321
      3.9190000  0.37172425  0.12256312 -0.16544461  0.42949754 -0.70436674  0.18640376
      1.7650000  0.14629724 -0.03866248  0.08979622 -1.22621462  2.74001565 -0.80608216
      0.7207000  0.01077512 -0.38485370  1.05304952 -0.05089907 -3.42368881  1.44405801
      0.2839000  0.00119670 -0.50905927 -0.42049210  1.53242404  2.55447311 -2.00156470
      0.1060000  0.00030089 -0.22286105 -0.68071776 -1.22748644 -1.00547992  2.33649859
      0.0376000  0.00003273 -0.00450786 -0.00664344  0.01365571 -0.13798651 -1.72987575
    4    4    0
      0.2540000  0.35452361 -1.06877694  0.59848803 -1.88730869
      0.6280000  0.57534378  0.57858219 -1.65136583  1.51174404
      1.5510000  0.19714141  0.48889498  1.35074171 -0.72765685
      0.0952000  0.02012204 -0.04608673  0.36905273  1.46995932
    3    3    0
      0.4230000  0.59248124 -0.69171687  1.98651452
      1.0890000  0.47851501  1.03092848 -0.83950633
      0.2170000  0.05736456 -0.37126277 -1.74625339
    2    2    0
      0.8270000  0.78541423 -1.08038966
      0.3780000  0.28816333  1.30425428
