a  1
    5    3    0
     13.0100000  0.01880230 -0.01602625  0.04242553
      1.9620000  0.13178993 -0.11233194  0.29737099
      0.4446000  0.45670720 -0.38927715  1.03051483
      0.1220000  0.47198754 -0.25551595 -1.90125359
      0.0297400  0.09036829  1.12900199  1.00002897
    2    2    0
      0.7270000  0.24695020 -1.10389887
      0.1410000  0.86044699  0.73430790
a  6
   10    4    0
   6665.0000000  0.00069204  0.00014547 -0.00003263 -0.00004348
   1000.0000000  0.00532927  0.00115031 -0.00033794 -0.00026650
    228.0000000  0.02707857  0.00570450 -0.00131250 -0.00167311
     64.7100000  0.10172122  0.02325765 -0.01020242 -0.00212816
     21.0600000  0.27474721  0.06382063 -0.03044577 -0.00346999
      7.4950000  0.44850778  0.15033349 -0.18275679  0.09924942
      2.7970000  0.28499059  0.12788697 -0.20943059  0.13663426
      0.5215000  0.01602233 -0.55141549  1.59874201 -1.26220260
      0.1596000 -0.00495365 -0.56199296 -1.24050794  2.33935634
      0.0469000  0.00151260 -0.01810057 -0.25718332 -1.77358439
    5    3    0
      9.4390000  0.03818873 -0.05329080  0.02259363
      2.0020000  0.20991826 -0.29293230  0.12419411
      0.5456000  0.50962097 -0.71115511  0.30150748
      0.1517000  0.45166938  0.95880393 -1.06619072
      0.0404100  0.03269522  0.15472712  1.27940447
    2    2    0
      0.5500000  0.80621305 -0.83098973
      0.1510000  0.31138887  1.11515038
a  7
   10    4    0
   9046.0000000  0.00070003  0.00015245 -0.00004338 -0.00003279
   1357.0000000  0.00538921  0.00120411 -0.00041625 -0.00018249
    309.3000000  0.02740723  0.00597045 -0.00170356 -0.00127958
     87.7300000  0.10320921  0.02448582 -0.01181998 -0.00022181
     28.5600000  0.27872751  0.06731551 -0.03513007  0.00213021
     10.2100000  0.44848651  0.15842202 -0.19176794  0.11845137
      3.8380000  0.27817566  0.12232041 -0.18387891  0.12869661
      0.7466000  0.01611838 -0.55542852  1.50758117 -1.28380826
      0.2248000 -0.00431177 -0.56037433 -1.10357338  2.23815423
      0.0612400  0.00127941 -0.01929380 -0.35058151 -1.65594059
    5    3    0
     13.5500000  0.04000174 -0.05465998  0.02142002
      2.9170000  0.21761911 -0.29736350  0.11653007
      0.7973000  0.51137670 -0.69876569  0.27383055
      0.2185000  0.44479684  0.97396394 -1.00774511
      0.0561100  0.03418343  0.13341810  1.25952044
    2    2    0
      0.8170000  0.78768689 -0.86237319
      0.2300000  0.33139101  1.11996346
a  8
   10    4    0
  11720.0000000  0.00071003  0.00015950 -0.00004828 -0.00003006
   1759.0000000  0.00547017  0.00125951 -0.00045729 -0.00016983
    400.8000000  0.02783804  0.00624726 -0.00187588 -0.00119116
    113.7000000  0.10480166  0.02566792 -0.01303127 -0.00016077
     37.0300000  0.28306492  0.07081224 -0.03931990  0.00255213
     13.2700000  0.44866705  0.16588848 -0.21134830  0.11198692
      5.0250000  0.27090239  0.11745430 -0.17564391  0.10240833
      1.0130000  0.01605760 -0.56430908  1.57645892 -1.14333087
      0.3023000 -0.00386218 -0.55441918 -1.24768807  2.07313628
      0.0789600  0.00114689 -0.01884480 -0.23760886 -1.62642563
    5    3    0
     17.7000000  0.04309876 -0.05460385  0.02591654
      3.8540000  0.22934278 -0.29056516  0.13791046
      1.0460000  0.50968312 -0.64574155  0.30648724
      0.2753000  0.44117808  0.87142033 -1.04447824
      0.0685600  0.03933201  0.24087868  1.22399161
    2    2    0
      1.1850000  0.76284068 -0.88179444
      0.3320000  0.36400237  1.10769563
a  9
   10    4    0
  14710.0000000  0.00072102  0.00016452 -0.00005039 -0.00002988
   2207.0000000  0.00555314  0.00130474 -0.00049386 -0.00016129
    502.8000000  0.02826789  0.00647639 -0.00204973 -0.00112321
    142.6000000  0.10644524  0.02664879 -0.01406858 -0.00009633
     46.4700000  0.28681568  0.07359836 -0.04294386  0.00301841
     16.7000000  0.44859112  0.17132573 -0.22502198  0.10746676
      6.3560000  0.26472064  0.11279557 -0.16562548  0.08479053
      1.3160000  0.01586918 -0.56989533  1.60936996 -1.04889109
      0.3897000 -0.00347164 -0.55064428 -1.32602622  1.95702998
      0.0986300  0.00103711 -0.01862614 -0.17049020 -1.60028908
    5    3    0
     22.6700000  0.04496191 -0.05709589  0.02258771
      4.9770000  0.23615875 -0.29989146  0.11864011
      1.3470000  0.50947184 -0.64696420  0.25594561
      0.3471000  0.43786304  0.92426299 -0.97067309
      0.0850200  0.04173219  0.16973609  1.22613223
    2    2    0
      1.6400000  0.73803495 -0.90793345
      0.4640000  0.39279023  1.10215905
a 15
   13    5    0
  94840.0000000 -0.00006966 -0.00025551  0.00001919 -0.00002508  0.00001364
  14220.0000000 -0.00053503 -0.00198195  0.00014775 -0.00019664  0.00010839
   3236.0000000 -0.00283590 -0.01027609  0.00078051 -0.00100108  0.00053661
    917.1000000 -0.01139336 -0.04148267  0.00315632 -0.00411896  0.00223634
    299.5000000 -0.03927925 -0.13198513  0.01084888 -0.01253022  0.00612919
    108.1000000 -0.09960650 -0.30866469  0.02805726 -0.02992191  0.01343434
     42.1800000 -0.19797631 -0.42065029  0.05638686 -0.03426577  0.00216590
     17.2800000 -0.11484602 -0.22288035  0.03583991 -0.02737720  0.00653793
      4.8580000  0.51866640 -0.01639772 -0.19315734  0.08379687  0.02772039
      1.8180000  0.60114562  0.00258202 -0.37389847  0.60302353 -0.36136001
      0.3372000  0.04022705 -0.00088809  0.63312724 -2.16574595  1.68932341
      0.1232000 -0.01600381  0.00058717  0.53436044  1.79204221 -3.02105384
      0.0417000  0.00460491 -0.00018394  0.01313582  0.07150847  2.11692770
    9    4    0
    370.5000000  0.00394989  0.00096014 -0.00115812  0.00043109
     87.3300000  0.03024811  0.00711233 -0.00836142  0.00303757
     27.5900000  0.12954828  0.03273190 -0.04060403  0.01550017
     10.0000000  0.32758101  0.07960413 -0.09599629  0.03572502
      3.8250000  0.45696264  0.13523603 -0.18497506  0.07636875
      1.4940000  0.25310049  0.00872397  0.03724170 -0.03028914
      0.3921000  0.01713289 -0.54195768  1.14774960 -0.59713135
      0.1186000 -0.00276150 -0.54718950 -1.03543312  1.32932588
      0.0343000  0.00083760 -0.03330280 -0.16420369 -1.36580016
    2    2    0
      0.3730000  0.84514444 -0.85398012
      0.1130000  0.24229890  1.17679328
a 16
   13    5    0
 110800.0000000  0.00024764  0.00006867  0.00001998 -0.00002642  0.00001462
  16610.0000000  0.00192027  0.00052747  0.00015407 -0.00020763  0.00011638
   3781.0000000  0.00996197  0.00279569  0.00081239 -0.00105381  0.00057499
   1071.0000000  0.04029770  0.01126079  0.00330194 -0.00436897  0.00241654
    349.8000000  0.12860456  0.03887171  0.01132928 -0.01326028  0.00665108
    126.3000000  0.30348127  0.09947618  0.02971094 -0.03242186  0.01515553
     49.2600000  0.42143224  0.19973703  0.05998159 -0.03766203  0.00414850
     20.1600000  0.23078173  0.12334569  0.04135868 -0.03307038  0.00932460
      5.7200000  0.01789864 -0.51323462 -0.20730628  0.10568861  0.01248783
      2.1820000 -0.00300676 -0.60644845 -0.39479681  0.62426367 -0.37097374
      0.4327000  0.00099534 -0.04281565  0.64203364 -2.17236428  1.68293266
      0.1570000 -0.00062774  0.01518326  0.53935450  1.75199246 -2.90238800
      0.0507000  0.00018782 -0.00421122  0.01342322  0.09845320  2.02458615
    9    4    0
    399.7000000  0.00447536  0.00116298 -0.00130675  0.00055298
     94.1900000  0.03417043  0.00865886 -0.00956645  0.00399072
     29.7500000  0.14424818  0.03911402 -0.04515065  0.01953079
     10.7700000  0.35392380  0.09350944 -0.10620287  0.04534241
      4.1190000  0.45907662  0.14822383 -0.18787759  0.08703924
      1.6250000  0.20638984 -0.03069763  0.09667768 -0.06287831
      0.4726000  0.01027590 -0.56513359  1.05369174 -0.59379725
      0.1407000 -0.00023051 -0.51457293 -0.97606325  1.32198945
      0.0399000  0.00021309 -0.03190036 -0.22180190 -1.33767700
    2    2    0
      0.4790000  0.82698013 -0.90506502
      0.1520000  0.25981354  1.19813845
a 17
   13    5    0
 127900.0000000  0.00024115  0.00006786  0.00002057 -0.00002765  0.00001515
  19170.0000000  0.00187096  0.00052162  0.00015887 -0.00021788  0.00012096
   4363.0000000  0.00970834  0.00276405  0.00083643 -0.00110312  0.00059638
   1236.0000000  0.03931558  0.01114911  0.00341064 -0.00459687  0.00252094
    403.6000000  0.12593279  0.03857932  0.01170511 -0.01394383  0.00695613
    145.7000000  0.29934289  0.09945562  0.03103303 -0.03467837  0.01625467
     56.8100000  0.42188732  0.20138432  0.06294483 -0.04064958  0.00538008
     23.2300000  0.23720256  0.13029404  0.04605991 -0.03816806  0.01139869
      6.6440000  0.01915123 -0.50945929 -0.21916664  0.12492679  0.00077838
      2.5750000 -0.00338376 -0.61006932 -0.41054841  0.64453234 -0.37260097
      0.5371000  0.00107931 -0.04516176  0.64715323 -2.19723354  1.66333446
      0.1938000 -0.00065952  0.01459487  0.54527874  1.75218021 -2.81871095
      0.0608000  0.00019146 -0.00397183  0.01357718  0.09685615  1.97295478
    9    4    0
    417.6000000  0.00525991  0.00143647 -0.00155036  0.00051524
     98.3300000  0.03983389  0.01078501 -0.01157785  0.00382789
     31.0400000  0.16465829  0.04704130 -0.05215082  0.01777183
     11.1900000  0.38732981  0.11111162 -0.12346989  0.04216571
      4.2490000  0.45708501  0.15347514 -0.18470713  0.06746642
      1.6240000  0.15161639 -0.09004919  0.18467111 -0.08928016
      0.5322000  0.00171727 -0.58214970  1.01603308 -0.46135162
      0.1620000  0.00220763 -0.46703290 -1.11290124  1.23063126
      0.0466000 -0.00040059 -0.02587060 -0.09415522 -1.36131961
    2    2    0
      0.6000000  0.81850284 -0.93521079
      0.1960000  0.26649287  1.21389772
