$Basis = NqVD 
$
$  REFERENCE
$ K.~Faegri, Technical Report, Department of Chemistry,
$            University of Oslo, 1994. 
$***********************************************************************
a 1 2 
   0.201529638D+00    0.821230D+00
   0.133249963D+01    0.274403D+00
a 1 3 
   0.151376392D+00    0.647676D+00
   0.681289259D+00    0.407885D+00
   0.450036251D+01    0.704756D-01
a 1 4 		                  
   0.121949668D+00   -0.501107D+00
   0.444538199D+00   -0.478319D+00
   0.196225853D+01   -0.137965D+00
   0.130107118D+02   -0.196822D-01
a 1 5 	                  
   0.103072419D+00   -0.385457D+00
   0.327230425D+00   -0.503041D+00
   0.116466271D+01   -0.201897D+00
   0.512357525D+01   -0.450211D-01
   0.340613445D+02   -0.602520D-02
a 1 6 		                  
   0.900589387D-01   -0.297387D+00
   0.259020928D+00   -0.497724D+00
   0.801968251D+00   -0.255927D+00
   0.284277215D+01   -0.750662D-01
   0.125102024D+02   -0.152069D-01
   0.834248045D+02   -0.198374D-02
a 1 7 	                  
   0.799257907D-01   -0.226735D+00
   0.212382661D+00   -0.473072D+00
   0.592527486D+00   -0.300705D+00
   0.181866375D+01   -0.108960D+00
   0.642137909D+01   -0.284207D-01
   0.282322958D+02   -0.556376D-02
   0.188804781D+03   -0.718089D-03
a 1 8 
   0.717117438D-01    0.170613D+00
   0.178561560D+00    0.436009D+00
   0.459602093D+00    0.334738D+00
   0.127235312D+01    0.144436D+00
   0.389932041D+01    0.451978D-01
   0.137769008D+02    0.111808D-01
   0.604942229D+02    0.215089D-02
   0.400975276D+03    0.279289D-03
a 1 9 
   0.658223831D-01   -0.131822D+00
   0.155175796D+00   -0.392219D+00
   0.371859478D+00   -0.351833D+00
   0.939085534D+00   -0.177806D+00
   0.256206661D+01   -0.657295D-01
   0.779302524D+01   -0.196039D-01
   0.276633701D+02   -0.476224D-02
   0.123676699D+03   -0.893455D-03
   0.836694131D+03   -0.112248D-03
a 1 10 
   0.607056806D-01    0.100419D+00
   0.135914803D+00    0.343354D+00
   0.305294594D+00    0.358099D+00
   0.714273708D+00    0.210521D+00
   0.178196874D+01    0.898925D-01
   0.485020456D+01    0.310598D-01
   0.148717321D+02    0.899044D-02
   0.542452951D+02    0.212382D-02
   0.255630484D+03    0.372317D-03
   0.177633551D+04    0.439124D-04
a 2 2 
   0.532146954D+00    0.825590D+00
   0.409776140D+01    0.283174D+00
a 2 3 	                  
   0.382942516D+00    0.657218D+00
   0.199894316D+01    0.409187D+00
   0.136230977D+02    0.802627D-01
a 2 4 	                  
   0.297578440D+00   -0.513015D+00
   0.123994174D+01   -0.469981D+00
   0.576890625D+01   -0.154909D+00
   0.383548999D+02   -0.238143D-01
a 2 5 	                  
   0.244598312D+00   -0.397509D+00
   0.874135332D+00   -0.487426D+00
   0.331856718D+01   -0.220743D+00
   0.147643251D+02   -0.548483D-01
   0.980778983D+02   -0.758026D-02
a 2 6 
   0.208947547D+00   -0.307847D+00
   0.667069841D+00   -0.478022D+00
   0.221242301D+01   -0.272006D+00
   0.799111398D+01   -0.909818D-01
   0.351740478D+02   -0.195239D-01
   0.234063716D+03   -0.258630D-02
a 2 7 
   0.183373995D+00   -0.239096D+00
   0.536662852D+00   -0.453136D+00
   0.161048371D+01   -0.308372D+00
   0.509130328D+01   -0.127651D+00
   0.180736637D+02   -0.359192D-01
   0.794213832D+02   -0.720167D-02
   0.529191615D+03   -0.938066D-03
a 2 8 
   0.164441946D+00   -0.187403D+00
   0.449482376D+00   -0.420776D+00
   0.124834553D+01   -0.331402D+00
   0.359265080D+01   -0.161098D+00
   0.111308075D+02   -0.550920D-01
   0.394222327D+02   -0.141073D-01
   0.173612448D+03   -0.273777D-02
   0.116087011D+04   -0.352737D-03
a 2 9 
   0.148903731D+00   -0.145825D+00
   0.383750333D+00   -0.383194D+00
   0.997488234D+00   -0.344693D+00
   0.266199800D+01   -0.191798D+00
   0.745770639D+01   -0.769753D-01
   0.228597833D+02   -0.237075D-01
   0.804726377D+02   -0.585054D-02
   0.351919761D+03   -0.113069D-02
   0.233338169D+04   -0.147079D-03
a 2 10 
   0.138273516D+00   -0.118464D+00
   0.341256198D+00   -0.349949D+00
   0.843607762D+00   -0.347884D+00
   0.212573913D+01   -0.213587D+00
   0.553149286D+01   -0.965382D-01
   0.153166910D+02   -0.341545D-01
   0.467012634D+02   -0.995668D-02
   0.163942641D+03   -0.242141D-02
   0.719530946D+03   -0.465967D-03
   0.485105755D+04   -0.594387D-04
a 3 4 
   0.477366840D-01   -0.285400D-01
   0.105156239D+01   -0.658507D+00
   0.517765495D+01   -0.397268D+00
   0.348677162D+02   -0.738070D-01
a 3 5 
   0.476421604D-01    0.161200D-01
   0.836351751D+00    0.522210D+00
   0.330263476D+01    0.460241D+00
   0.150548166D+02    0.142226D+00
   0.999620246D+02    0.211813D-01
a 3 6 
   0.477946367D-01    0.100079D-01
   0.705582745D+00    0.416056D+00
   0.240573853D+01    0.480217D+00
   0.890268180D+01    0.202353D+00
   0.394022120D+02    0.478584D-01
   0.261831794D+03    0.651617D-02
a 3 7 
   0.301298301D-01    0.105002D-01
   0.749638071D-01   -0.249884D-01
   0.731749156D+00   -0.425502D+00
   0.248149047D+01   -0.472448D+00
   0.916205571D+01   -0.196615D+00
   0.405283542D+02   -0.462962D-01
   0.269326244D+03   -0.629100D-02
a 3 8 
   0.281255523D-01    0.550348D-02
   0.724996492D-01   -0.147228D-01
   0.632637426D+00   -0.340352D+00
   0.192900577D+01   -0.471689D+00
   0.621029399D+01   -0.246039D+00
   0.222187846D+02   -0.769738D-01
   0.977078826D+02   -0.160460D-01
   0.650451930D+03   -0.211070D-02
a 3 9 
   0.280410332D-01    0.319556D-02
   0.734083866D-01   -0.978915D-02
   0.565488009D+00   -0.276543D+00
   0.159000320D+01   -0.454538D+00
   0.463027208D+01   -0.281654D+00
   0.144516771D+02   -0.107847D+00
   0.511790623D+02   -0.290919D-01
   0.224882748D+03   -0.575255D-02
   0.149884989D+04   -0.746882D-03
a 3 10 
   0.284495781D-01   -0.765004D-03
   0.757647598D-01    0.396891D-02
   0.446275821D+00    0.160530D+00
   0.108346840D+01    0.384553D+00
   0.270904274D+01    0.341182D+00
   0.721790308D+01    0.181790D+00
   0.210189697D+02    0.681295D-01
   0.702998905D+02    0.190541D-01
   0.292976537D+03    0.401499D-02
   0.185945662D+04    0.560925D-03
a 3 11 
   0.281913946D-01   -0.226901D-03
   0.751941847D-01   -0.829189D-03
   0.317450770D+00   -0.598147D-01
   0.720147690D+00   -0.290702D+00
   0.171416630D+01   -0.385186D+00
   0.432764466D+01   -0.257446D+00
   0.116283180D+02   -0.116584D+00
   0.342151417D+02   -0.394132D-01
   0.115617258D+03   -0.104631D-01
   0.485732730D+03   -0.215105D-02
   0.310163793D+04   -0.296884D-03
a 3 12 
   0.234686380D-01   -0.681759D-03
   0.541652478D-01    0.183157D-02
   0.112594686D+00   -0.623959D-02
   0.454883440D+00   -0.162281D+00
   0.108401982D+01   -0.376582D+00
   0.264248213D+01   -0.333326D+00
   0.674801245D+01   -0.182880D+00
   0.183854152D+02   -0.731941D-01
   0.553370561D+02   -0.228193D-01
   0.192690139D+03   -0.571939D-02
   0.840590097D+03   -0.111479D-02
   0.561461421D+04   -0.144002D-03
a 3 13 
   0.222581418D-01    0.702183D-04
   0.503325503D-01    0.663436D-03
   0.111924595D+00    0.686873D-03
   0.353513750D+00    0.841901D-01
   0.798438506D+00    0.306703D+00
   0.183586165D+01    0.360034D+00
   0.441158573D+01    0.239551D+00
   0.111726155D+02    0.113640D+00
   0.305081078D+02    0.416186D-01
   0.928185052D+02    0.123463D-01
   0.329220796D+03    0.299556D-02
   0.147981754D+04    0.563259D-03
   0.103666378D+05    0.683094D-04
a 4 2 
   0.100125157D+00   -0.125999D+00
   0.386936991D+01   -0.970149D+00
a 4 3 
   0.102973497D+00    0.551437D-01
   0.274119535D+01    0.817789D+00
   0.194428251D+02    0.268056D+00
a 4 4 
   0.103864431D+00   -0.295514D-01
   0.205031786D+01   -0.662049D+00
   0.984863142D+01   -0.391319D+00
   0.659910054D+02   -0.709005D-01
a 4 5 
   0.104441437D+00    0.176772D-01
   0.166119842D+01    0.532194D+00
   0.641049550D+01    0.452054D+00
   0.289504516D+02    0.135440D+00
   0.192128907D+03    0.198410D-01
a 4 6 
   0.660084015D-01   -0.175043D-01
   0.193471983D+00    0.460921D-01
   0.174738850D+01    0.540653D+00
   0.671359713D+01    0.438146D+00
   0.302706416D+02    0.128781D+00
   0.200901022D+03    0.187904D-01
a 4 7 
   0.599298211D-01   -0.945584D-02
   0.180051428D+00    0.267299D-01
   0.146723659D+01    0.437697D+00
   0.488140988D+01    0.466035D+00
   0.178379524D+02    0.186850D+00
   0.787627312D+02    0.429516D-01
   0.523524505D+03    0.580009D-02
a 4 8 
   0.590861068D-01   -0.572619D-02
   0.180319964D+00    0.177372D-01
   0.128860211D+01    0.358168D+00
   0.386046298D+01    0.466451D+00
   0.122805261D+02    0.233423D+00
   0.437774410D+02    0.707450D-01
   0.192451857D+03    0.145811D-01
   0.128139547D+04    0.191151D-02
a 4 9 
   0.588929680D-01    0.374300D-02
   0.181085122D+00   -0.125555D-01
   0.115889213D+01   -0.295161D+00
   0.319754891D+01   -0.451692D+00
   0.917849494D+01   -0.269617D+00
   0.284773961D+02   -0.998683D-01
   0.100728219D+03   -0.265459D-01
   0.442543193D+03   -0.521910D-02
   0.294983180D+04   -0.677202D-03
a 4 10 
   0.512781440D-01   -0.214925D-02
   0.143730635D+00    0.952158D-02
   0.346078333D+00   -0.336084D-01
   0.132457156D+01   -0.336578D+00
   0.362224768D+01   -0.436327D+00
   0.103701665D+02   -0.243365D+00
   0.321311926D+02   -0.875918D-01
   0.113628065D+03   -0.229407D-01
   0.499162569D+03   -0.449664D-02
   0.332697949D+04   -0.582670D-03
a 4 11 
   0.433952907D-01   -0.175356D-02
   0.107674483D+00    0.661427D-02
   0.254257561D+00   -0.167148D-01
   0.110682041D+01   -0.256070D+00
   0.282599869D+01   -0.423866D+00
   0.741120768D+01   -0.287706D+00
   0.205449562D+02   -0.125332D+00
   0.621856904D+02   -0.405904D-01
   0.215719034D+03   -0.103462D-01
   0.928518446D+03   -0.205202D-02
   0.605800093D+04   -0.273666D-03
a 4 12 
   0.419390895D-01   -0.904733D-03
   0.103110577D+00    0.343236D-02
   0.250780234D+00   -0.102856D-01
   0.975505230D+00   -0.194467D+00
   0.231180650D+01   -0.387276D+00
   0.557247239D+01   -0.315355D+00
   0.140495874D+02   -0.163522D+00
   0.377768345D+02   -0.636288D-01
   0.111796668D+03   -0.198122D-01
   0.380253020D+03   -0.506918D-02
   0.160705674D+04   -0.102453D-02
   0.103179290D+05   -0.139989D-03
a 4 13 
   0.404426487D-01   -0.169197D-05
   0.981456071D-01   -0.745023D-04
   0.243233439D+00    0.165160D-02
   0.723309920D+00    0.934115D-01
   0.162565008D+01    0.323040D+00
   0.376090539D+01    0.363607D+00
   0.913588231D+01    0.227033D+00
   0.234610216D+02    0.101095D+00
   0.650395698D+02    0.352318D-01
   0.200614331D+03    0.101156D-01
   0.719090608D+03    0.240119D-02
   0.324942325D+04    0.445696D-03
   0.226925302D+05    0.540676D-04
a 5 4 2 
   0.190054685D+00   -0.329850D-01   0.166944075D+00  0.808688D+00
   0.338022888D+01   -0.663273D+00   0.917744926D+00  0.330681D+00
   0.160067379D+02   -0.387597D+00
   0.106927184D+03   -0.692653D-01
a 5 5 2 
   0.190437565D+00    0.202719D-01   0.168201102D+00  0.808560D+00
   0.274606685D+01    0.534244D+00   0.924330386D+00  0.330806D+00
   0.104477930D+02    0.449139D+00
   0.469072390D+02    0.132941D+00
   0.311169409D+03    0.193162D-01
a 5 5 3 
   0.189700265D+00    0.202825D-01   0.124327666D+00  0.632636D+00
   0.274102168D+01    0.533932D+00   0.518834942D+00  0.455202D+00
   0.104335547D+02    0.449387D+00   0.257788994D+01  0.106360D+00
   0.468449476D+02    0.133095D+00
   0.310757208D+03    0.193420D-01
a 5 6 3 
   0.117754590D+00    0.172006D-01   0.123351854D+00  0.632836D+00
   0.362200072D+00   -0.510737D-01   0.518309073D+00  0.456282D+00
   0.291536138D+01   -0.544915D+00   0.257619144D+01  0.105868D+00
   0.110675437D+02   -0.432103D+00
   0.496573239D+02   -0.124574D+00
   0.329523396D+03   -0.180106D-01
a 5 7 3 
   0.107825472D+00    0.947958D-02   0.123181056D+00  0.631685D+00
   0.338211477D+00   -0.307854D-01   0.517782968D+00  0.457433D+00
   0.245148049D+01   -0.443472D+00   0.257481105D+01  0.106141D+00
   0.806858346D+01   -0.461700D+00
   0.292996807D+02   -0.181741D+00
   0.129236043D+03   -0.412352D-01
   0.859102189D+03   -0.555070D-02
a 5 8 3 
   0.105811427D+00   -0.569049D-02   0.123155643D+00  0.631365D+00
   0.336086579D+00    0.207858D-01   0.517692054D+00  0.457740D+00
   0.214699405D+01    0.362589D+00   0.257468545D+01  0.106217D+00
   0.636156606D+01    0.464162D+00
   0.200854334D+02    0.229349D+00
   0.714520412D+02    0.685532D-01
   0.314046286D+03    0.140624D-01
   0.209111704D+04    0.184068D-02
a 5 7 4 
   0.107398949D+00    0.948528D-02   0.953769785D-01 -0.479657D+00
   0.336896124D+00   -0.307345D-01   0.336124448D+00 -0.504861D+00
   0.245006402D+01   -0.443382D+00   0.123930644D+01 -0.198193D+00
   0.806488267D+01   -0.461785D+00   0.599647961D+01 -0.355067D-01
   0.292878735D+02   -0.181803D+00
   0.129184215D+03   -0.412521D-01
   0.858756651D+03   -0.555310D-02
a 5 8 4 
   0.105356394D+00   -0.570554D-02   0.953766268D-01 -0.479541D+00
   0.334675122D+00    0.207708D-01   0.336284054D+00 -0.505027D+00
   0.214617045D+01    0.362590D+00   0.123982358D+01 -0.198183D+00
   0.636003390D+01    0.464172D+00   0.599703302D+01 -0.355188D-01
   0.200810254D+02    0.229371D+00
   0.714348462D+02    0.685662D-01
   0.313968896D+03    0.140658D-01
   0.209059836D+04    0.184112D-02
a 5 9 4 
   0.104347080D+00    0.353278D-02   0.953783914D-01 -0.479522D+00
   0.333071092D+00   -0.144815D-01   0.336377827D+00 -0.505123D+00
   0.190709433D+01   -0.293162D+00   0.124034861D+01 -0.198137D+00
   0.518292942D+01   -0.450280D+00   0.599917835D+01 -0.355054D-01
   0.147257170D+02   -0.270134D+00
   0.455218200D+02   -0.993167D-01
   0.160894482D+03   -0.263034D-01
   0.706788316D+03   -0.516246D-02
   0.471118829D+04   -0.669855D-03
a 5 9 5 
   0.104341907D+00    0.353143D-02   0.772177522D-01 -0.354681D+00
   0.333019761D+00   -0.144775D-01   0.238728507D+00 -0.502984D+00
   0.190685075D+01   -0.293129D+00   0.746894506D+00 -0.277301D+00
   0.518233807D+01   -0.450284D+00   0.261204033D+01 -0.799943D-01
   0.147242863D+02   -0.270161D+00   0.120533648D+02 -0.131143D-01
   0.455184539D+02   -0.993238D-01
   0.160883245D+03   -0.263053D-01
   0.706743386D+03   -0.516286D-02
   0.471089232D+04   -0.669912D-03
a 5 10 5 
   0.854580131D-01   -0.241430D-02   0.769969766D-01 -0.353901D+00
   0.238379691D+00    0.971405D-02   0.238657780D+00 -0.504331D+00
   0.577194231D+00   -0.361523D-01   0.748083208D+00 -0.277099D+00
   0.219768575D+01   -0.340830D+00   0.261537482D+01 -0.798163D-01
   0.597675078D+01   -0.435911D+00   0.120628951D+02 -0.130986D-01
   0.170254610D+02   -0.239279D+00
   0.526687677D+02   -0.847345D-01
   0.186258453D+03   -0.220284D-01
   0.818416684D+03   -0.430629D-02
   0.545638853D+04   -0.557600D-03
a 5 10 6 
   0.854560168D-01   -0.241650D-02   0.648220904D-01 -0.259361D+00
   0.238384163D+00    0.972347D-02   0.181914916D+00 -0.472641D+00
   0.577135953D+00   -0.361659D-01   0.509904356D+00 -0.331166D+00
   0.219782065D+01   -0.340865D+00   0.149822308D+01 -0.131389D+00
   0.597729195D+01   -0.435908D+00   0.510265442D+01 -0.328303D-01
   0.170273867D+02   -0.239257D+00   0.224557223D+02 -0.502501D-02
   0.526746916D+02   -0.847234D-01
   0.186279120D+03   -0.220254D-01
   0.818507399D+03   -0.430569D-02
   0.545699377D+04   -0.557521D-03
a 5 11 6 
   0.769282891D-01   -0.179377D-02   0.647582518D-01 -0.259126D+00
   0.200476020D+00    0.659254D-02   0.181922909D+00 -0.473182D+00
   0.488066681D+00   -0.221581D-01   0.510423796D+00 -0.331144D+00
   0.191389587D+01   -0.276029D+00   0.149987916D+01 -0.131190D+00
   0.489944609D+01   -0.426456D+00   0.510644061D+01 -0.327937D-01
   0.129238809D+02   -0.275556D+00   0.224699976D+02 -0.502011D-02
   0.362102892D+02   -0.114585D+00
   0.111280600D+03   -0.357317D-01
   0.393094230D+03   -0.883245D-02
   0.172720286D+04   -0.170118D-02
   0.115224025D+05   -0.219429D-03
a 5 12 6 
   0.723435008D-01   -0.723092D-03   0.647119882D-01 -0.258844D+00
   0.183893301D+00    0.243135D-02   0.181831953D+00 -0.473356D+00
   0.460129740D+00   -0.112512D-01   0.510410044D+00 -0.331317D+00
   0.158468385D+01   -0.186575D+00   0.150040107D+01 -0.131166D+00
   0.368714133D+01   -0.382079D+00   0.510846148D+01 -0.327761D-01
   0.877220841D+01   -0.319755D+00   0.224774436D+02 -0.501756D-02
   0.219573050D+02   -0.166845D+00
   0.588371767D+02   -0.649803D-01
   0.173813792D+03   -0.202531D-01
   0.590622975D+03   -0.518911D-02
   0.249516284D+04   -0.104950D-02
   0.160203363D+05   -0.143418D-03
a 5 11 7 
   0.769464297D-01   -0.179262D-02   0.530635229D-01 -0.165729D+00
   0.200557273D+00    0.659019D-02   0.134622997D+00 -0.409136D+00
   0.488247458D+00   -0.221665D-01   0.340290385D+00 -0.371717D+00
   0.191402977D+01   -0.276050D+00   0.882380307D+00 -0.199545D+00
   0.489974659D+01   -0.426448D+00   0.247552753D+01 -0.688960D-01
   0.129246065D+02   -0.275543D+00   0.803632202D+01 -0.170961D-01
   0.362124746D+02   -0.114579D+00   0.338958041D+02 -0.255566D-02
   0.111287527D+03   -0.357290D-01
   0.393119298D+03   -0.883169D-02
   0.172731849D+04   -0.170103D-02
   0.115232356D+05   -0.219409D-03
a 5 12 7 
   0.723509459D-01   -0.723688D-03   0.530963927D-01 -0.166124D+00
   0.183935241D+00    0.243384D-02   0.134841756D+00 -0.409625D+00
   0.460221823D+00   -0.112614D-01   0.340909830D+00 -0.371308D+00
   0.158498834D+01   -0.186647D+00   0.883560908D+00 -0.199209D+00
   0.368790474D+01   -0.382089D+00   0.247853200D+01 -0.688034D-01
   0.877384270D+01   -0.319707D+00   0.804779083D+01 -0.170653D-01
   0.219602212D+02   -0.166812D+00   0.339484927D+02 -0.254939D-02
   0.588407130D+02   -0.649714D-01
   0.173812849D+03   -0.202521D-01
   0.590584497D+03   -0.518930D-02
   0.249486663D+04   -0.104962D-02
   0.160177049D+05   -0.143445D-03
a 5 13 7 
   0.680875117D-01   -0.112047D-03   0.530728617D-01 -0.166049D+00
   0.168170465D+00    0.758484D-03   0.134852543D+00 -0.409870D+00
   0.419844153D+00    0.541451D-03   0.341072402D+00 -0.371306D+00
   0.110901513D+01    0.812428D-01   0.883897686D+00 -0.199065D+00
   0.255024067D+01    0.319381D+00   0.247834782D+01 -0.687825D-01
   0.592770333D+01    0.371536D+00   0.804514741D+01 -0.170718D-01
   0.143902086D+02    0.231754D+00   0.339356075D+02 -0.255092D-02
   0.368770231D+02    0.102395D+00
   0.101817211D+03    0.356090D-01
   0.311767736D+03    0.102734D-01
   0.110420454D+04    0.246698D-02
   0.489531706D+04    0.467394D-03
   0.331992942D+05    0.589344D-04
a 5 13 8 
   0.680874190D-01   -0.113219D-03   0.460144344D-01 -0.112085D+00
   0.168171230D+00    0.763120D-03   0.108790631D+00 -0.344892D+00
   0.419838650D+00    0.525805D-03   0.254953640D+00 -0.377479D+00
   0.110843392D+01    0.811642D-01   0.608268898D+00 -0.247880D+00
   0.254950192D+01    0.319357D+00   0.151626256D+01 -0.108977D+00
   0.592641358D+01    0.371584D+00   0.416859101D+01 -0.346173D-01
   0.143877935D+02    0.231797D+00   0.131210872D+02 -0.830581D-02
   0.368725376D+02    0.102412D+00   0.546226197D+02 -0.115613D-02
   0.101809062D+03    0.356139D-01
   0.311759034D+03    0.102742D-01
   0.110424796D+04    0.246699D-02
   0.489594111D+04    0.467348D-03
   0.332073388D+05    0.589193D-04
a 6 4 2 
   0.296852278D+00   -0.350835D-01   0.278374699D+00  0.805050D+00
   0.502689737D+01   -0.663428D+00   0.155225511D+01  0.337843D+00
   0.235906458D+02   -0.385876D+00
   0.157273333D+03   -0.684091D-01
a 6 5 2 
   0.296821333D+00    0.218233D-01   0.279839682D+00  0.804944D+00 
   0.408093837D+01    0.533686D+00   0.155992616D+01  0.337942D+00 
   0.153811964D+02    0.448540D+00
   0.687778119D+02    0.132118D+00
   0.456098514D+03    0.191090D-01
a 6 5 3 
   0.295280850D+00    0.218535D-01   0.201486881D+00  0.625028D+00
   0.406903979D+01    0.533297D+00   0.856236835D+00  0.462744D+00
   0.153494220D+02    0.448855D+00   0.419292868D+01  0.112039D+00
   0.686402463D+02    0.132336D+00
   0.455191051D+03    0.191455D-01
a 6 6 3 
   0.181741476D+00    0.168445D-01   0.199872545D+00  0.624386D+00
   0.577130267D+00   -0.542548D-01   0.854181045D+00  0.464410D+00
   0.436684905D+01   -0.546762D+00   0.418603017D+01  0.111805D+00
   0.164572433D+02   -0.428782D+00
   0.736105454D+02   -0.122233D+00
   0.488438078D+03   -0.175740D-01
a 6 7 3 
   0.166891069D+00    0.933942D-02   0.199616768D+00  0.623432D+00
   0.538414635D+00   -0.333030D-01   0.853232881D+00  0.465314D+00
   0.366952742D+01   -0.445632D+00   0.418281917D+01  0.112060D+00
   0.119979880D+02   -0.459628D+00
   0.433925258D+02   -0.179226D+00
   0.191274307D+03   -0.403567D-01
   0.127157238D+04   -0.542284D-02
a 6 8 3 
   0.163250204D+00   -0.551788D-02   0.199554336D+00  0.623129D+00
   0.532107585D+00    0.225860D-01   0.852929141D+00  0.465580D+00
   0.320161932D+01    0.363019D+00   0.418156952D+01  0.112150D+00
   0.941979824D+01    0.463379D+00
   0.295944726D+02    0.228066D+00
   0.105141359D+03    0.676696D-01
   0.462053765D+03    0.138464D-01
   0.307670934D+04    0.181088D-02
a 6 7 4 
   0.165689807D+00    0.935307D-02   0.151734616D+00 -0.469155D+00
   0.534612569D+00   -0.331885D-01   0.545544268D+00 -0.508201D+00
   0.366547656D+01   -0.445452D+00   0.200072048D+01 -0.209474D+00
   0.119871456D+02   -0.459802D+00   0.943686331D+01 -0.381179D-01
   0.433573255D+02   -0.179352D+00
   0.191118553D+03   -0.403908D-01
   0.127053224D+04   -0.542773D-02
a 6 8 4 
   0.161954835D+00   -0.554128D-02   0.151707825D+00 -0.469013D+00
   0.528026402D+00    0.225215D-01   0.545672895D+00 -0.508385D+00
   0.319839819D+01    0.362859D+00   0.200131955D+01 -0.209473D+00
   0.941141054D+01    0.463429D+00   0.943772839D+01 -0.381237D-01
   0.295667675D+02    0.228211D+00
   0.105036122D+03    0.677358D-01
   0.461583158D+03    0.138622D-01
   0.307355934D+04    0.181295D-02
a 6 9 4 
   0.159603964D+00    0.320496D-02   0.151685857D+00 -0.468935D+00
   0.521710915D+00   -0.152635D-01   0.545718024D+00 -0.508514D+00
   0.280312768D+01   -0.286534D+00   0.200189359D+01 -0.209456D+00
   0.753335964D+01   -0.449740D+00   0.944060497D+01 -0.381101D-01
   0.212498943D+02   -0.273750D+00
   0.655336118D+02   -0.100601D+00
   0.231516319D+03   -0.266224D-01
   0.101693555D+04   -0.522185D-02
   0.677839838D+04   -0.677636D-03
a 6 9 5 
   0.159567790D+00    0.320753D-02   0.121290517D+00 -0.344662D+00
   0.521504593D+00   -0.152679D-01   0.383462940D+00 -0.499949D+00
   0.280309202D+01   -0.286591D+00   0.120042406D+01 -0.289926D+00
   0.753393142D+01   -0.449743D+00   0.413615859D+01 -0.868519D-01
   0.212531719D+02   -0.273730D+00   0.187342945D+02 -0.140042D-01
   0.655473238D+02   -0.100577D+00
   0.231566076D+03   -0.266149D-01
   0.101715546D+04   -0.522034D-02
   0.677986778D+04   -0.677437D-03
a 6 10 5 
   0.127944669D+00   -0.239889D-02   0.120909314D+00 -0.343687D+00
   0.361561010D+00    0.902247D-02   0.383047760D+00 -0.501136D+00
   0.897374956D+00   -0.388431D-01   0.120123520D+01 -0.289995D+00
   0.330538097D+01   -0.344528D+00   0.413888923D+01 -0.867431D-01
   0.894898368D+01   -0.434434D+00   0.187399733D+02 -0.139972D-01
   0.253975298D+02   -0.235817D+00
   0.784704837D+02   -0.826193D-01
   0.277464568D+03   -0.213756D-01
   0.121918130D+04   -0.417228D-02
   0.812857220D+04   -0.540097D-03
a 6 10 6 
   0.127773922D+00   -0.240911D-02   0.100837663D+00 -0.250654D+00
   0.360828595D+00    0.906047D-02   0.289541472D+00 -0.464181D+00
   0.894967533D+00   -0.387556D-01   0.815455514D+00 -0.341995D+00
   0.330330085D+01   -0.344385D+00   0.237858429D+01 -0.141989D+00
   0.894432402D+01   -0.434537D+00   0.795877548D+01 -0.358708D-01
   0.253857695D+02   -0.235918D+00   0.347102827D+02 -0.532955D-02
   0.784344029D+02   -0.826607D-01
   0.277336521D+03   -0.213875D-01
   0.121861854D+04   -0.417465D-02
   0.812481713D+04   -0.540407D-03
a 6 11 5 
   0.116363033D+00   -0.171730D-02   0.100745137D+00 -0.250395D+00
   0.310523132D+00    0.596374D-02   0.289470091D+00 -0.464540D+00
   0.774311616D+00   -0.244600D-01   0.815851660D+00 -0.342073D+00
   0.287889208D+01   -0.279552D+00   0.238014546D+01 -0.141873D+00
   0.733281355D+01   -0.425688D+00   0.796237017D+01 -0.358456D-01
   0.192611915D+02   -0.272747D+00   0.347232908D+02 -0.532647D-02
   0.538673475D+02   -0.112239D+00
   0.165484017D+03   -0.347901D-01
   0.584545107D+03   -0.857990D-02
   0.256841364D+04   -0.165162D-02
   0.171346534D+05   -0.212997D-03
a 6 12 6 
   0.109112739D+00   -0.695344D-03   0.100670555D+00 -0.250108D+00
   0.283086806D+00    0.202146D-02   0.289289235D+00 -0.464640D+00
   0.719079731D+00   -0.125340D-01   0.815629438D+00 -0.342265D+00
   0.236770549D+01   -0.188243D+00   0.238026867D+01 -0.141894D+00
   0.550130111D+01   -0.383838D+00   0.796350893D+01 -0.358390D-01
   0.130899186D+02   -0.319431D+00   0.347273180D+02 -0.532550D-02
   0.328254027D+02   -0.164259D+00
   0.882424566D+02   -0.630783D-01
   0.261602651D+03   -0.194696D-01
   0.891881125D+03   -0.495653D-02
   0.377921725D+04   -0.997503D-03
   0.243286890D+05   -0.135738D-03
a 6 11 7 
   0.116388056D+00   -0.171651D-02   0.860712864D-01 -0.179666D+00
   0.310651543D+00    0.596216D-02   0.228063771D+00 -0.412820D+00
   0.774614908D+00   -0.244722D-01   0.590981587D+00 -0.369350D+00
   0.287919322D+01   -0.279586D+00   0.154977795D+01 -0.196167D+00
   0.733351871D+01   -0.425677D+00   0.436788185D+01 -0.663316D-01
   0.192629724D+02   -0.272729D+00   0.141660453D+02 -0.155841D-01
   0.538731723D+02   -0.112228D+00   0.602564483D+02 -0.215207D-02
   0.165502853D+03   -0.347853D-01
   0.584611367D+03   -0.857869D-02
   0.256870365D+04   -0.165139D-02
   0.171365808D+05   -0.212966D-03
a 6 12 7 
   0.109061686D+00   -0.692763D-03   0.859486579D-01 -0.179205D+00
   0.282953284D+00    0.201157D-02   0.227771971D+00 -0.412730D+00
   0.718793607D+00   -0.124967D-01   0.590163472D+00 -0.369417D+00
   0.236562724D+01   -0.187869D+00   0.154659152D+01 -0.196384D+00
   0.549445441D+01   -0.383603D+00   0.435525909D+01 -0.665369D-01
   0.130693441D+02   -0.319618D+00   0.141181282D+02 -0.156559D-01
   0.327636552D+02   -0.164498D+00   0.600234052D+02 -0.216537D-02
   0.880498468D+02   -0.632172D-01
   0.260963442D+03   -0.195232D-01
   0.889497383D+03   -0.497218D-02
   0.376836386D+04   -0.100097D-02
   0.242547563D+05   -0.136247D-03
a 6 13 7 
   0.997103322D-01    0.240567D-03   0.860601686D-01 -0.179828D+00
   0.247651013D+00   -0.152932D-02   0.228359977D+00 -0.413591D+00
   0.618262009D+00    0.120357D-02   0.592475604D+00 -0.369290D+00
   0.151764745D+01   -0.709273D-01   0.155433391D+01 -0.195637D+00
   0.363511488D+01   -0.316847D+00   0.438062928D+01 -0.660857D-01
   0.854372156D+01   -0.379910D+00   0.142090368D+02 -0.155194D-01
   0.208827262D+02   -0.236459D+00   0.604608807D+02 -0.214050D-02
   0.539058806D+02   -0.103060D+00
   0.150081347D+03   -0.353417D-01
   0.463988056D+03   -0.100598D-01
   0.166242072D+04   -0.238115D-02
   0.747991399D+04   -0.443074D-03
   0.517216257D+05   -0.543979D-04         
a 6 13 8 
   0.996878573D-01   -0.243116D-03   0.654174006D-01  0.878081D-01
   0.247591596D+00    0.153955D-02   0.156063211D+00  0.310509D+00
   0.618051997D+00   -0.124436D-02   0.368777030D+00  0.382942D+00
   0.151547332D+01    0.707565D-01   0.883478235D+00  0.276816D+00
   0.363247759D+01    0.316752D+00   0.219547568D+01  0.131102D+00
   0.853874782D+01    0.380019D+00   0.597000861D+01  0.427740D-01
   0.208723977D+02    0.236575D+00   0.186715008D+02  0.101130D-01
   0.538835897D+02    0.103114D+00   0.774667619D+02  0.139835D-02
   0.150033045D+03    0.353587D-01
   0.463899887D+03    0.100635D-01
   0.166242292D+04    0.238155D-02
   0.748205548D+04    0.443007D-03
   0.517582518D+05    0.543593D-04
a 7 4 2 
   0.424921556D+00   -0.365214D-01   0.413727874D+00  0.802625D+00
   0.699046082D+01   -0.663247D+00   0.232893461D+01  0.342611D+00
   0.326019571D+02   -0.384972D+00
   0.217038294D+03   -0.678969D-01
a 7 5 2 
   0.424248589D+00    0.228471D-01   0.415392971D+00  0.802528D+00
   0.566571533D+01    0.532414D+00   0.233761202D+01  0.342698D+00
   0.212109358D+02    0.448720D+00
   0.945619798D+02    0.131913D+00
   0.626913412D+03    0.190246D-01
a 7 6 2 
   0.269536674D+00   -0.166288D-01   0.410546663D+00  0.800099D+00
   0.874634545D+00    0.581096D-01   0.230890871D+01  0.345942D+00
   0.616086836D+01    0.549168D+00
   0.230751614D+02    0.424604D+00
   0.102976405D+03    0.119735D+00
   0.683267947D+03    0.171367D-01
a 7 5 3 
   0.421791832D+00    0.228975D-01   0.293856646D+00  0.619890D+00
   0.564548908D+01    0.532042D+00   0.126465706D+01  0.467776D+00
   0.211593765D+02    0.449027D+00   0.613661461D+01  0.115971D+00
   0.943414846D+02    0.132152D+00
   0.625463759D+03    0.190649D-01
a 7 6 3 
   0.258115746D+00    0.165380D-01   0.291656854D+00  0.618979D+00
   0.838140962D+00   -0.564574D-01   0.126122634D+01  0.469535D+00
   0.610204402D+01   -0.547680D+00   0.612532770D+01  0.115854D+00
   0.228838787D+02   -0.426712D+00
   0.102135424D+03   -0.120753D+00
   0.677678113D+03   -0.172964D-01
a 7 7 3 
   0.237326819D+00   -0.918111D-02   0.291319557D+00  0.618173D+00
   0.780905424D+00    0.350151D-01   0.125988606D+01  0.470276D+00
   0.512231163D+01    0.446528D+00   0.612046602D+01  0.116086D+00
   0.166733599D+02    0.458474D+00
   0.601305070D+02    0.177778D+00
   0.264938065D+03    0.398312D-01
   0.176133598D+04    0.534613D-02
a 7 8 3 
   0.231615307D+00   -0.533971D-02   0.291223201D+00  0.617900D+00
   0.768667652D+00    0.237617D-01   0.125938802D+01  0.470505D+00
   0.445379454D+01    0.362372D+00   0.611822213D+01  0.116175D+00
   0.130404395D+02    0.463114D+00
   0.408265925D+02    0.227710D+00
   0.144913783D+03    0.672566D-01
   0.636776713D+03    0.137403D-01
   0.424019093D+04    0.179606D-02
a 7 7 4 
   0.235033212D+00   -0.920242D-02   0.218626248D+00 -0.462509D+00
   0.773491362D+00    0.348395D-01   0.797349947D+00 -0.510018D+00
   0.511424783D+01    0.446255D+00   0.291646933D+01 -0.217097D+00
   0.166512176D+02    0.458730D+00   0.135428589D+02 -0.399265D-01
   0.600573298D+02    0.177968D+00
   0.264612965D+03    0.398825D-01
   0.175916416D+04    0.535349D-02
a 7 8 4 
   0.229120246D+00   -0.536605D-02   0.218570451D+00 -0.462359D+00
   0.760697335D+00    0.236342D-01   0.797434887D+00 -0.510199D+00
   0.444603955D+01    0.361959D+00   0.291710185D+01 -0.217104D+00
   0.130177116D+02    0.463221D+00   0.135438931D+02 -0.399299D-01
   0.407492468D+02    0.228032D+00
   0.144622999D+03    0.673958D-01
   0.635480480D+03    0.137728D-01
   0.423152217D+04    0.180031D-02
a 7 9 4 
   0.224837253D+00   -0.288624D-02   0.218517044D+00 -0.462244D+00
   0.746956811D+00    0.155179D-01   0.797398081D+00 -0.510341D+00
   0.384345767D+01    0.279034D+00   0.291761014D+01 -0.217111D+00
   0.102420598D+02    0.449524D+00   0.135470628D+02 -0.399188D-01
   0.287412823D+02    0.278097D+00
   0.884936821D+02    0.102388D+00
   0.312538986D+03    0.270979D-01
   0.137276002D+04    0.531409D-02
   0.914998402D+04    0.689685D-03
a 7 9 5 
   0.224745306D+00   -0.289374D-02   0.173147169D+00 -0.338321D+00
   0.746497546D+00    0.155340D-01   0.556290728D+00 -0.497573D+00
   0.384427370D+01    0.279211D+00   0.174397494D+01 -0.298277D+00
   0.102460160D+02    0.449528D+00   0.595565717D+01 -0.916467D-01
   0.287564960D+02    0.278007D+00   0.266667982D+02 -0.146370D-01
   0.885473817D+02    0.102321D+00
   0.312730826D+03    0.270781D-01
   0.137360564D+04    0.531011D-02
   0.915563048D+04    0.689162D-03
a 7 10 5 
   0.195480366D+00   -0.168032D-02   0.172879278D+00 -0.337996D+00
   0.598478753D+00    0.496457D-02   0.556363746D+00 -0.498368D+00
   0.169869981D+01   -0.587309D-01   0.174625148D+01 -0.298087D+00
   0.514835312D+01   -0.375651D+00   0.596215967D+01 -0.914786D-01
   0.139079106D+02   -0.418767D+00   0.266861664D+02 -0.146200D-01
   0.397055750D+02   -0.212443D+00
   0.123992015D+03   -0.712338D-01
   0.444702415D+03   -0.178542D-01
   0.198727750D+04   -0.339721D-02
   0.135070431D+05   -0.427228D-03
a 7 10 6 
   0.195535813D+00   -0.167590D-02   0.143001866D+00 -0.245143D+00
   0.598791541D+00    0.494084D-02   0.416963142D+00 -0.457767D+00
   0.170066539D+01   -0.588077D-01   0.117848999D+01 -0.349107D+00
   0.514943048D+01   -0.375599D+00   0.342469899D+01 -0.149600D+00
   0.139072687D+02   -0.418673D+00   0.113391067D+02 -0.380974D-01
   0.396937394D+02   -0.212442D+00   0.491789648D+02 -0.555842D-02
   0.123911359D+03   -0.712622D-01
   0.444217042D+03   -0.178714D-01
   0.198402025D+04   -0.340287D-02
   0.134758521D+05   -0.428345D-03
a 7 11 6 
   0.162649846D+00    0.166409D-02   0.142815149D+00 -0.244940D+00
   0.440925903D+00   -0.547675D-02   0.417118984D+00 -0.458516D+00
   0.111675682D+01    0.259430D-01   0.118032067D+01 -0.348999D+00
   0.402648761D+01    0.280993D+00   0.342989146D+01 -0.149298D+00
   0.102220466D+02    0.425203D+00   0.113519909D+02 -0.380337D-01
   0.267726336D+02    0.271391D+00   0.492316708D+02 -0.554915D-02
   0.747819326D+02    0.110967D+00
   0.229682580D+03    0.342653D-01
   0.811298792D+03    0.843825D-02
   0.356473831D+04    0.162379D-02
   0.237817371D+05    0.209383D-03
a 7 12 6 
   0.153288055D+00   -0.767433D-03   0.142724995D+00 -0.244704D+00
   0.404506813D+00    0.204896D-02   0.416888075D+00 -0.458576D+00
   0.103727692D+01   -0.145997D-01   0.117998194D+01 -0.349162D+00
   0.337996035D+01   -0.199079D+00   0.342977882D+01 -0.149329D+00
   0.791287743D+01   -0.389938D+00   0.113525715D+02 -0.380317D-01
   0.189580328D+02   -0.313995D+00   0.492335376D+02 -0.554882D-02
   0.478683253D+02   -0.156732D+00
   0.129633162D+03   -0.587691D-01
   0.387122966D+03   -0.178355D-01
   0.132877556D+04   -0.448587D-02
   0.566515090D+04   -0.893994D-03
   0.366650507D+05   -0.120617D-03
a 7 11 7 
   0.162677453D+00    0.166365D-02   0.122079897D+00  0.177760D+00
   0.441096676D+00   -0.547606D-02   0.329739013D+00  0.406703D+00
   0.111717954D+01    0.259583D-01   0.861638996D+00  0.372519D+00
   0.402700734D+01    0.281039D+00   0.226203939D+01  0.202770D+00
   0.102233254D+02    0.425190D+00   0.634655299D+01  0.694613D-01
   0.267760312D+02    0.271367D+00   0.204788794D+02  0.160512D-01
   0.747934459D+02    0.110950D+00   0.872081519D+02  0.215894D-02
   0.229719857D+03    0.342586D-01
   0.811429491D+03    0.843655D-02
   0.356531172D+04    0.162346D-02
   0.237855597D+05    0.209340D-03
a 7 12 7 
   0.153235867D+00   -0.770119D-03   0.122044119D+00  0.177737D+00
   0.404427692D+00    0.205898D-02   0.329806632D+00  0.406920D+00
   0.103714695D+01   -0.146229D-01   0.862060536D+00  0.372469D+00
   0.338130653D+01   -0.199242D+00   0.226276370D+01  0.202650D+00
   0.791655034D+01   -0.389974D+00   0.634688016D+01  0.694472D-01
   0.189671996D+02   -0.313898D+00   0.204788911D+02  0.160517D-01
   0.478893184D+02   -0.156651D+00   0.872092182D+02  0.215893D-02
   0.129679056D+03   -0.587412D-01
   0.387235677D+03   -0.178282D-01
   0.132909001D+04   -0.448438D-02
   0.566625067D+04   -0.893756D-03
   0.366710976D+05   -0.120591D-03
a 7 13 7 
   0.144941208D+00   -0.141159D-03   0.122012798D+00  0.177694D+00
   0.371901983D+00   -0.295417D-03   0.329828470D+00  0.407089D+00
   0.945340156D+00   -0.521517D-02   0.862446504D+00  0.372536D+00
   0.262194041D+01   -0.110981D+00   0.226425491D+01  0.202541D+00
   0.585593938D+01   -0.335444D+00   0.635075493D+01  0.693846D-01
   0.134041584D+02   -0.356152D+00   0.204892617D+02  0.160391D-01
   0.321400561D+02   -0.212106D+00   0.872531536D+02  0.215714D-02
   0.815158661D+02   -0.913518D-01
   0.222747104D+03   -0.315459D-01
   0.673426988D+03   -0.917171D-02
   0.234606737D+04   -0.223990D-02
   0.101786185D+05   -0.435354D-03
   0.671734091D+05   -0.570285D-04
a 7 13 8 
   0.144594627D+00   -0.117604D-03   0.975068753D-01 -0.101903D+00
   0.370648788D+00   -0.383610D-03   0.239408178D+00 -0.320041D+00
   0.941741494D+00   -0.485618D-02   0.573473296D+00 -0.378043D+00
   0.259286775D+01   -0.108380D+00   0.137698049D+01 -0.270002D+00
   0.580560219D+01   -0.334714D+00   0.341201386D+01 -0.127004D+00
   0.133143182D+02   -0.357877D+00   0.921074006D+01 -0.410521D-01
   0.319857266D+02   -0.213461D+00   0.286065092D+02 -0.944260D-02
   0.813040237D+02   -0.918377D-01   0.118546602D+03 -0.127177D-02
   0.222771298D+03   -0.316334D-01
   0.675819203D+03   -0.916195D-02
   0.236472740D+04   -0.222609D-02
   0.103169103D+05   -0.429715D-03
   0.685480792D+05   -0.557500D-04
a 8 4 2 
   0.579948344D+00   -0.377423D-01   0.545486617D+00  0.799875D+00
   0.928501466D+01   -0.663259D+00   0.316506696D+01  0.350980D+00
   0.430990009D+02   -0.384045D+00
   0.286605281D+03   -0.674667D-01
a 8 5 2 
   0.578442285D+00    0.236910D-01   0.547312186D+00  0.799801D+00
   0.751571741D+01    0.531585D+00   0.317471812D+01  0.351037D+00
   0.279854253D+02    0.448651D+00
   0.124466642D+03    0.131737D+00
   0.824980670D+03    0.189581D-01
a 8 6 2 
   0.367017355D+00   -0.163955D-01   0.541720604D+00  0.797786D+00
   0.120733316D+01    0.601275D-01   0.314181301D+01  0.353782D+00
   0.822466148D+01    0.550197D+00
   0.306842765D+02    0.422519D+00
   0.136713832D+03    0.118402D+00
   0.907095455D+03    0.168960D-01
a 8 5 3 
   0.575490876D+00    0.237799D-01   0.376818291D+00  0.616445D+00
   0.748559164D+01    0.531266D+00   0.168592142D+01  0.473628D+00
   0.279128034D+02    0.448921D+00   0.814116053D+01  0.123005D+00
   0.124160906D+03    0.131972D+00
   0.822978883D+03    0.189980D-01
a 8 6 3 
   0.348866360D+00    0.163498D-01   0.374960493D+00  0.616215D+00
   0.114682696D+01   -0.580891D-01   0.168464030D+01  0.474667D+00
   0.812859017D+01   -0.548422D+00   0.813908086D+01  0.122710D+00
   0.303716447D+02   -0.425115D+00
   0.135337628D+03   -0.119651D+00
   0.897944613D+03   -0.170908D-01
a 8 7 3 
   0.321279171D+00   -0.905110D-02   0.374545050D+00  0.615563D+00
   0.106984299D+01    0.362920D-01   0.168305960D+01  0.475270D+00
   0.682049938D+01    0.447326D+00   0.813347314D+01  0.122912D+00
   0.221238095D+02    0.457479D+00
   0.796147584D+02    0.176658D+00
   0.350669303D+03    0.394326D-01
   0.233133714D+04    0.528823D-02
a 8 8 3 
   0.313084111D+00   -0.517978D-02   0.374411283D+00  0.615328D+00
   0.105052623D+01    0.245992D-01   0.168239931D+01  0.475465D+00
   0.591436772D+01    0.361921D+00   0.813053382D+01  0.122997D+00
   0.172488018D+02    0.462823D+00
   0.538563377D+02    0.227467D+00
   0.191029175D+03    0.669608D-01
   0.839355308D+03    0.136643D-01
   0.558917076D+04    0.178541D-02
a 8 7 4 
   0.317967483D+00   -0.909048D-02   0.275449176D+00 -0.460681D+00
   0.105830933D+01    0.360994D-01   0.104579842D+01 -0.508474D+00
   0.680797276D+01    0.447016D+00   0.385247657D+01 -0.228914D+00
   0.220891054D+02    0.457772D+00   0.176867721D+02 -0.430419D-01
   0.794997449D+02    0.176880D+00
   0.350157238D+03    0.394927D-01
   0.232791574D+04    0.529686D-02
a 8 8 4 
   0.309358975D+00   -0.521683D-02   0.275386721D+00 -0.460580D+00
   0.103787339D+01    0.244405D-01   0.104593186D+01 -0.508619D+00
   0.590103371D+01    0.361326D+00   0.385333846D+01 -0.228908D+00
   0.172077345D+02    0.462959D+00   0.176886738D+02 -0.430414D-01
   0.537152989D+02    0.227921D+00
   0.190499243D+03    0.671546D-01
   0.836992116D+03    0.137093D-01
   0.557336195D+04    0.179131D-02
a 8 9 4 
   0.302414896D+00   -0.259395D-02   0.275314656D+00 -0.460481D+00
   0.101377494D+01    0.155124D-01   0.104588344D+01 -0.508752D+00
   0.503471072D+01    0.272140D+00   0.385399605D+01 -0.228912D+00
   0.133196471D+02    0.449288D+00   0.176928204D+02 -0.430287D-01
   0.372290103D+02    0.282229D+00
   0.114490796D+03    0.104161D+00
   0.404275535D+03    0.275777D-01
   0.177563811D+04    0.540791D-02
   0.118351301D+05    0.701936D-03
a 8 9 5 
   0.302495986D+00   -0.260848D-02   0.214609664D+00 -0.337277D+00
   0.101359959D+01    0.155591D-01   0.716909952D+00 -0.490394D+00
   0.503847574D+01    0.272602D+00   0.228197436D+01 -0.310167D+00
   0.133344141D+02    0.449303D+00   0.775619418D+01 -0.996481D-01
   0.372790245D+02    0.281957D+00   0.344933145D+02 -0.159030D-01
   0.114656804D+03    0.103993D+00
   0.404865835D+03    0.275280D-01
   0.177823663D+04    0.539791D-02
   0.118524768D+05    0.700626D-03
a 8 10 5 
   0.236934343D+00    0.238511D-02  0.214095818D+00 -0.336693D+00 
   0.681548452D+00   -0.816474D-02  0.716496332D+00 -0.491240D+00 
   0.173258366D+01    0.419256D-01  0.228362821D+01 -0.310178D+00 
   0.616911058D+01    0.347674D+00  0.776188204D+01 -0.995282D-01 
   0.166137418D+02    0.432902D+00  0.345095637D+02 -0.158909D-01 
   0.469379309D+02    0.232426D+00
   0.144812229D+03    0.804660D-01
   0.511962030D+03    0.207078D-01
   0.224957601D+04    0.403507D-02
   0.149990207D+05    0.522183D-03
a 8 10 6 
   0.236568150D+00    0.239732D-02   0.175079541D+00 -0.245034D+00
   0.679998420D+00   -0.821357D-02   0.529991709D+00 -0.447718D+00
   0.172746898D+01    0.418261D-01   0.152827936D+01 -0.356688D+00
   0.616478917D+01    0.347531D+00   0.444894575D+01 -0.161503D+00
   0.166044259D+02    0.433022D+00   0.146233374D+02 -0.419372D-01
   0.469154791D+02    0.232531D+00   0.632729504D+02 -0.606840D-02
   0.144742718D+03    0.805073D-01
   0.511713928D+03    0.207198D-01
   0.224848495D+04    0.403746D-02
   0.149917385D+05    0.522495D-03
a 8 11 6 
   0.217096322D+00   -0.164999D-02   0.174985900D+00 -0.244928D+00
   0.595310599D+00    0.516613D-02   0.529984854D+00 -0.447953D+00
   0.151922592D+01   -0.269880D-01   0.152896733D+01 -0.356714D+00
   0.536536141D+01   -0.281961D+00   0.445131416D+01 -0.161402D+00
   0.135848219D+02   -0.424815D+00   0.146292540D+02 -0.419109D-01
   0.355023580D+02   -0.270468D+00   0.632950436D+02 -0.606503D-02
   0.990739008D+02   -0.110080D+00
   0.304239110D+03   -0.338983D-01
   0.107463470D+04   -0.833915D-02
   0.472179748D+04   -0.160434D-02
   0.315012097D+05   -0.206856D-03
a 8 12 6 
   0.207862977D+00    0.100981D-02   0.174927537D+00 -0.244826D+00
   0.558971969D+00   -0.272031D-02   0.529874100D+00 -0.448018D+00
   0.143800330D+01    0.184834D-01   0.152896065D+01 -0.356783D+00
   0.476278437D+01    0.225081D+00   0.445194153D+01 -0.161391D+00
   0.113898093D+02    0.402624D+00   0.146317285D+02 -0.419008D-01
   0.278715192D+02    0.300434D+00   0.633045395D+02 -0.606356D-02
   0.719214593D+02    0.140903D+00
   0.199459791D+03    0.501510D-01
   0.611187477D+03    0.145654D-01
   0.215621188D+04    0.351913D-02
   0.946387138D+04    0.673365D-03
   0.630850699D+05    0.868932D-04
a 8 12 7 
   0.217249501D+00   -0.164879D-02   0.148117637D+00  0.177975D+00
   0.595963546D+00    0.516317D-02   0.413591066D+00  0.395126D+00
   0.152076168D+01   -0.270277D-01   0.110434024D+01  0.374806D+00
   0.536720106D+01   -0.282078D+00   0.291920599D+01  0.216381D+00
   0.135894406D+02   -0.424789D+00   0.815581346D+01  0.769759D-01
   0.355145220D+02   -0.270398D+00   0.262066135D+02  0.177797D-01
   0.991110360D+02   -0.110039D+00   0.111540757D+03  0.237604D-02
   0.304356806D+03   -0.338826D-01
   0.107505047D+04   -0.833516D-02
   0.472362466D+04   -0.160356D-02
   0.315134082D+05   -0.206756D-03
a 8 12 7 
   0.207987071D+00    0.101276D-02   0.148101985D+00  0.177997D+00
   0.559509937D+00   -0.273147D-02   0.413684932D+00  0.395249D+00
   0.143921978D+01    0.185425D-01   0.110468939D+01  0.374740D+00
   0.476678564D+01    0.225426D+00   0.291959647D+01  0.216309D+00
   0.114014492D+02    0.402702D+00   0.815559041D+01  0.769739D-01
   0.279037920D+02    0.300232D+00   0.262057046D+02  0.177811D-01
   0.720100303D+02    0.140732D+00   0.111538504D+03  0.237614D-02
   0.199705114D+03    0.500792D-01
   0.611939883D+03    0.145436D-01
   0.215887241D+04    0.351375D-02
   0.947558144D+04    0.672326D-03
   0.631634223D+05    0.867586D-04
a 8 13 7 
   0.195745126D+00    0.292638D-03   0.148086378D+00  0.178023D+00
   0.511434992D+00   -0.439524D-04   0.413808557D+00  0.395440D+00
   0.130816725D+01    0.777077D-02   0.110535555D+01  0.374741D+00
   0.373611305D+01    0.131161D+00   0.292144753D+01  0.216170D+00
   0.833781630D+01    0.347530D+00   0.815946537D+01  0.769152D-01
   0.190771371D+02    0.346005D+00   0.262153667D+02  0.177709D-01
   0.457385846D+02    0.198816D+00   0.111579046D+03  0.237471D-02
   0.116024070D+03    0.838275D-01
   0.316972825D+03    0.286331D-01
   0.956868449D+03    0.829861D-02
   0.332276082D+04    0.202973D-02
   0.143402834D+05    0.396691D-03
   0.939618113D+05    0.524815D-04
a 8 13 8 
   0.195851684D+00    0.294548D-03   0.128610098D+00 -0.129667D+00
   0.511854764D+00   -0.503711D-04   0.336095926D+00 -0.341804D+00
   0.130926077D+01    0.781070D-02   0.842581865D+00 -0.373200D+00
   0.374050400D+01    0.131506D+00   0.207848530D+01 -0.257473D+00
   0.834727313D+01    0.347660D+00   0.523971521D+01 -0.116284D+00
   0.190964322D+02    0.345791D+00   0.143438847D+02 -0.355641D-01
   0.457791721D+02    0.198633D+00   0.451965490D+02 -0.761716D-02
   0.116110464D+03    0.837444D-01   0.191014733D+03 -0.954771D-03
   0.317150266D+03    0.286088D-01
   0.957216169D+03    0.829345D-02
   0.332326369D+04    0.202902D-02
   0.143391722D+05    0.396672D-03
   0.939324362D+05    0.524974D-04
a 9 4 2 
   0.756220144D+00   -0.386332D-01   0.707435416D+00  0.798133D+00
   0.118963245D+02   -0.663116D+00   0.416383471D+01  0.355552D+00
   0.550227987D+02   -0.383512D+00
   0.365585299D+03   -0.671832D-01
a 9 5 2 
   0.753631874D+00    0.242866D-01   0.709436661D+00  0.798070D+00
   0.961479442D+01    0.530515D+00   0.417445396D+01  0.355597D+00
   0.356526673D+02    0.448916D+00
   0.158267766D+03    0.131780D+00
   0.104881854D+04    0.189356D-01
a 9 6 2 
   0.478093301D+00    0.161884D-01   0.703049986D+00  0.796313D+00
   0.159026268D+01   -0.616666D-01   0.413675472D+01  0.358003D+00
   0.105794692D+02   -0.550820D+00
   0.393544748D+02   -0.421039D+00
   0.175129805D+03   -0.117445D+00
   0.116195985D+04   -0.167225D-01
a 9 5 3 
   0.750137987D+00    0.244064D-01   0.480630747D+00  0.613770D+00
   0.957362039D+01    0.530274D+00   0.219242749D+01  0.477226D+00
   0.355582057D+02    0.449129D+00   0.105497636D+02  0.126930D+00
   0.157876375D+03    0.131999D+00
   0.104626705D+04    0.189732D-01
a 9 6 3 
   0.452045316D+00   -0.161762D-01   0.478784747D+00  0.613706D+00
   0.150146452D+01    0.593294D-01   0.219202319D+01  0.478027D+00
   0.104387339D+02    0.548832D+00   0.105518227D+02  0.126606D+00
   0.388960980D+02    0.424005D+00
   0.173109946D+03    0.118869D+00
   0.114852540D+04    0.169438D-01
a 9 7 3 
   0.416614870D+00    0.893239D-02   0.478292365D+00  0.613148D+00
   0.140083304D+01   -0.372456D-01   0.219015203D+01  0.478541D+00
   0.875325348D+01   -0.447665D+00   0.105451604D+02  0.126787D+00
   0.283198923D+02   -0.456867D+00
   0.101743217D+03   -0.175935D+00
   0.448022818D+03   -0.391639D-01
   0.297861308D+04   -0.524903D-02
a 9 8 3 
   0.405479316D+00   -0.504153D-02   0.478123251D+00  0.612937D+00
   0.137268296D+01    0.252069D-01   0.218932118D+01  0.478713D+00
   0.757225649D+01    0.361181D+00   0.105414522D+02  0.126868D+00
   0.220195203D+02    0.462739D+00
   0.686104540D+02    0.227502D+00
   0.243233065D+03    0.668144D-01
   0.106867314D+04    0.136233D-01
   0.711622410D+04    0.177955D-02
a 9 7 4 
   0.411999242D+00    0.898411D-02   0.347290137D+00 -0.458219D+00
   0.138410911D+01   -0.370284D-01   0.134665041D+01 -0.508286D+00
   0.873493929D+01   -0.447307D+00   0.497498401D+01 -0.235755D+00
   0.282685536D+02   -0.457200D+00   0.226582816D+02 -0.448976D-01
   0.101571855D+03   -0.176194D+00
   0.447257764D+03   -0.392336D-01
   0.297349929D+04   -0.525906D-02
a 9 8 4 
   0.400178191D+00   -0.508323D-02   0.347214144D+00 -0.458136D+00
   0.135412528D+01    0.250059D-01   0.134680569D+01 -0.508415D+00
   0.755083201D+01    0.360362D+00   0.497602817D+01 -0.235746D+00
   0.219511655D+02    0.462916D+00   0.226608697D+02 -0.448951D-01
   0.683744309D+02    0.228112D+00
   0.242348570D+03    0.670708D-01
   0.106473192D+04    0.136824D-01
   0.708986987D+04    0.178730D-02
a 9 9 4 
   0.389820122D+00   -0.233338D-02   0.347114669D+00 -0.458038D+00
   0.131622994D+01    0.153457D-01   0.134671018D+01 -0.508544D+00
   0.636095859D+01    0.265309D+00   0.497673900D+01 -0.235754D+00
   0.167339180D+02    0.449204D+00   0.226656717D+02 -0.448828D-01
   0.466349317D+02    0.286379D+00
   0.143297961D+03    0.105998D+00
   0.505937316D+03    0.280800D-01
   0.222211476D+04    0.550682D-02
   0.148107761D+05    0.714845D-03
a 9 9 5 
   0.390090257D+00   -0.235606D-02   0.267825204D+00 -0.335272D+00
   0.131637668D+01    0.154260D-01   0.914330042D+00 -0.486813D+00
   0.636985616D+01    0.266087D+00   0.293124690D+01 -0.317047D+00
   0.167662448D+02    0.449229D+00   0.992978745D+01 -0.104439D+00
   0.467395108D+02    0.285905D+00   0.439068210D+02 -0.166512D-01
   0.143637036D+03    0.105720D+00
   0.507140194D+03    0.279983D-01
   0.222740713D+04    0.549036D-02
   0.148461005D+05    0.712690D-03
a 9 10 5 
   0.303312142D+00    0.238361D-02   0.267273923D+00 -0.334833D+00
   0.877834694D+00   -0.788548D-02   0.914014171D+00 -0.487545D+00
   0.224649987D+01    0.428485D-01   0.293353616D+01 -0.317024D+00
   0.792375977D+01    0.348357D+00   0.993751838D+01 -0.104311D+00
   0.213030006D+02    0.432492D+00   0.439308225D+02 -0.166365D-01
   0.600973941D+02    0.231540D+00
   0.185324777D+03    0.798698D-01
   0.655156042D+03    0.205211D-01
   0.287877822D+04    0.399662D-02
   0.191944273D+05    0.517165D-03
a 9 10 6 
   0.302933063D+00    0.239547D-02   0.216806456D+00 -0.243619D+00
   0.876195235D+00   -0.793416D-02   0.670271209D+00 -0.441815D+00
   0.224084902D+01    0.427737D-01   0.195144673D+01 -0.361378D+00
   0.791940733D+01    0.348262D+00   0.568450937D+01 -0.168681D+00
   0.212942376D+02    0.432591D+00   0.185875046D+02 -0.443345D-01
   0.600780663D+02    0.231613D+00   0.802213321D+02 -0.636985D-02
   0.185264471D+03    0.798966D-01
   0.654939003D+03    0.205292D-01
   0.287782312D+04    0.399822D-02
   0.191880513D+05    0.517373D-03
a 9 11 6 
   0.278374955D+00   -0.163368D-02   0.216716355D+00 -0.243556D+00
   0.770056132D+00    0.490162D-02   0.670315116D+00 -0.442019D+00
   0.197783378D+01   -0.277311D-01   0.195232295D+01 -0.361387D+00
   0.688634466D+01   -0.282306D+00   0.568735671D+01 -0.168582D+00
   0.174024091D+02   -0.424551D+00   0.185947421D+02 -0.443078D-01
   0.454038836D+02   -0.270006D+00   0.802486436D+02 -0.636637D-02
   0.126617015D+03   -0.109540D+00
   0.388771236D+03   -0.336658D-01
   0.137320496D+04   -0.827574D-02
   0.603367165D+04   -0.159187D-02
   0.402535271D+05   -0.205235D-03
a 9 12 6 
   0.266227159D+00    0.996079D-03   0.216653554D+00 -0.243477D+00
   0.722043786D+00   -0.248449D-02   0.670206134D+00 -0.442081D+00
   0.186667105D+01    0.189074D-01   0.195236580D+01 -0.361442D+00
   0.609413824D+01    0.224370D+00   0.568818592D+01 -0.168567D+00
   0.145476301D+02    0.402466D+00   0.185978988D+02 -0.442964D-01
   0.355552576D+02    0.300882D+00   0.802608920D+02 -0.636468D-02
   0.917249559D+02    0.140752D+00
   0.254504003D+03    0.499542D-01
   0.780455579D+03    0.144800D-01
   0.275591635D+04    0.349344D-02
   0.121091705D+05    0.667444D-03
   0.808166055D+05    0.859736D-04
a 9 11 7 
   0.278656306D+00   -0.163209D-02   0.182266672D+00  0.176970D+00
   0.771209475D+00    0.489685D-02   0.519195449D+00  0.388189D+00
   0.198056833D+01   -0.277862D-01   0.140179587D+01  0.376442D+00
   0.688963113D+01   -0.282468D+00   0.371774847D+01  0.224325D+00
   0.174107261D+02   -0.424517D+00   0.103567178D+02  0.816137D-01
   0.454258164D+02   -0.269906D+00   0.331525332D+02  0.188441D-01
   0.126682768D+03   -0.109482D+00   0.140990302D+03  0.250154D-02
   0.388978340D+03   -0.336443D-01
   0.137393611D+04   -0.827029D-02
   0.603688526D+04   -0.159081D-02
   0.402750084D+05   -0.205098D-03
a 9 12 7 
   0.266489372D+00    0.999912D-03   0.182254647D+00  0.177002D+00
   0.723098083D+00   -0.249844D-02   0.519318440D+00  0.388296D+00
   0.186906144D+01    0.189921D-01   0.140220707D+01  0.376378D+00
   0.610136506D+01    0.224851D+00   0.371819498D+01  0.224259D+00
   0.145683511D+02    0.402568D+00   0.103565060D+02  0.816116D-01
   0.356120429D+02    0.300595D+00   0.331516804D+02  0.188453D-01
   0.918799736D+02    0.140518D+00   0.140988526D+03  0.250161D-02
   0.254934313D+03    0.498568D-01
   0.781776781D+03    0.144506D-01
   0.276059110D+04    0.348624D-02
   0.121297665D+05    0.666064D-03
   0.809553886D+05    0.857970D-04
a 9 13 7 
   0.237302665D+00    0.477317D-04   0.182211483D+00  0.177010D+00
   0.608902814D+00   -0.135632D-02   0.519485875D+00  0.388545D+00
   0.153215740D+01   -0.163883D-02   0.140329412D+01  0.376423D+00
   0.382678457D+01   -0.806295D-01   0.372160329D+01  0.224087D+00
   0.884794566D+01   -0.317560D+00   0.103647776D+02  0.815160D-01
   0.204152080D+02   -0.372897D+00   0.331739858D+02  0.188254D-01
   0.489813915D+02   -0.230982D+00   0.141080652D+03  0.249888D-02
   0.124084598D+03   -0.100948D+00
   0.338189901D+03   -0.351612D-01
   0.101828414D+04   -0.102917D-01
   0.352746263D+04   -0.253239D-02
   0.151906807D+05   -0.496796D-03
   0.993474555D+05   -0.659328D-04
a 9 13 8 
   0.234990213D+00    0.959242D-04   0.157475424D+00  0.129037D+00
   0.600156751D+00   -0.152823D-02   0.419435263D+00  0.334869D+00
   0.150351325D+01   -0.725198D-03   0.106413395D+01  0.371825D+00
   0.368268666D+01   -0.745810D-01   0.263781276D+01  0.264479D+00
   0.862222191D+01   -0.312878D+00   0.664464136D+01  0.122892D+00
   0.199379945D+02   -0.376031D+00   0.181207664D+02  0.379555D-01
   0.478586423D+02   -0.235481D+00   0.569952572D+02  0.808161D-02
   0.121241611D+03   -0.103460D+00   0.240839347D+03  0.100853D-02
   0.330379193D+03   -0.361406D-01
   0.994562826D+03   -0.105920D-01
   0.344466697D+04   -0.260803D-02
   0.148319386D+05   -0.511796D-03
   0.969900217D+05   -0.679385D-04
a 10 4 2 
   0.953860881D+00   -0.393116D-01   0.896517936D+00  0.796932D+00
   0.148245223D+02   -0.662912D+00   0.531572889D+01  0.358326D+00
   0.683742037D+02   -0.383197D+00
   0.453983813D+03   -0.669864D-01
a 10 5 2 
   0.949939491D+00    0.247252D-01   0.898702555D+00  0.796874D+00
   0.119630073D+02    0.529399D+00   0.532731635D+01  0.358366D+00
   0.442131718D+02    0.449320D+00
   0.195967804D+03    0.131924D+00
   0.129844421D+04    0.189353D-01
a 10 6 2 
   0.602841611D+00    0.160083D-01   0.891487560D+00  0.795302D+00
   0.202360856D+01   -0.628826D-01   0.528450680D+01  0.360520D+00
   0.132256461D+02   -0.551221D+00
   0.490871039D+02   -0.419932D+00
   0.218230389D+03   -0.116724D+00
   0.144790210D+04   -0.165912D-01
a 10 5 3 
   0.945820110D+00    0.248700D-01   0.602588004D+00  0.611664D+00
   0.119096644D+02    0.529243D+00   0.277780237D+01  0.479642D+00
   0.440960588D+02    0.449473D+00   0.133282628D+02  0.129349D+00
   0.195490189D+03    0.132123D+00
   0.129534375D+04    0.189700D-01
a 10 6 3 
   0.567717142D+00    0.160211D-01   0.600574729D+00  0.611615D+00
   0.190223981D+01   -0.603068D-01   0.277760431D+01  0.480359D+00
   0.130328311D+02   -0.549065D+00   0.133319148D+02  0.129044D+00
   0.484585898D+02   -0.423189D+00
   0.215458412D+03   -0.118286D+00
   0.142946057D+04   -0.168334D-01
a 10 7 3 
   0.523427206D+00    0.882665D-02   0.600004073D+00  0.611119D+00
   0.177417194D+01   -0.379871D-01   0.277541407D+01  0.480811D+00
   0.109211404D+02   -0.447782D+00   0.133240477D+02  0.129210D+00
   0.352634911D+02   -0.456465D+00
   0.126522484D+03   -0.175437D+00
   0.557026348D+03   -0.389712D-01
   0.370334745D+04   -0.522080D-02
a 10 8 3 
   0.508908571D+00   -0.492291D-02   0.599799957D+00  0.610928D+00
   0.173546513D+01    0.256691D-01   0.277440527D+01  0.480965D+00
   0.942822626D+01    0.360382D+00   0.133195147D+02  0.129286D+00
   0.273552043D+02    0.462750D+00
   0.850976110D+02    0.227651D+00
   0.301557467D+03    0.667416D-01
   0.132487762D+04    0.136000D-01
   0.882226905D+04    0.177613D-02
a 10 7 4 
   0.517185296D+00    0.888712D-02   0.431961434D+00 -0.455876D+00
   0.175110261D+01   -0.377410D-01   0.169523072D+01 -0.508504D+00
   0.108955212D+02   -0.447370D+00   0.626915193D+01 -0.240136D+00
   0.351908419D+02   -0.456841D+00   0.283833429D+02 -0.460935D-01
   0.126278416D+03   -0.175735D+00
   0.555935595D+03   -0.390513D-01
   0.369605529D+04   -0.523232D-02
a 10 8 4 
   0.501648102D+00   -0.496569D-02   0.431866651D+00 -0.455801D+00
   0.170968201D+01    0.254198D-01   0.169538591D+01 -0.508623D+00
   0.939588112D+01    0.359315D+00   0.627032270D+01 -0.240128D+00
   0.272496454D+02    0.462977D+00   0.283864344D+02 -0.460903D-01
   0.847324954D+02    0.228428D+00
   0.300193388D+03    0.670646D-01
   0.131880372D+04    0.136740D-01
   0.878164891D+04    0.178584D-02
a 10 9 4 
   0.487082775D+00   -0.210293D-02   0.431732452D+00 -0.455697D+00
   0.165427762D+01    0.150970D-01   0.169521069D+01 -0.508751D+00
   0.781997606D+01    0.258836D+00   0.627099874D+01 -0.240142D+00
   0.204817857D+02    0.449195D+00   0.283916438D+02 -0.460793D-01
   0.569553815D+02    0.290346D+00
   0.174907863D+03    0.107785D+00
   0.617502136D+03    0.285715D-01
   0.271210673D+04    0.560396D-02
   0.180764426D+05    0.727512D-03
a 10 9 5 
   0.487547452D+00   -0.213391D-02   0.330844379D+00 -0.333190D+00
   0.165477470D+01    0.152112D-01   0.114436888D+01 -0.484796D+00
   0.783631613D+01    0.259935D+00   0.368190809D+01 -0.321486D+00
   0.205383449D+02    0.449226D+00   0.124400122D+02 -0.107553D+00
   0.571333137D+02    0.289667D+00   0.547521880D+02 -0.171277D-01
   0.175476917D+03    0.107397D+00
   0.619516666D+03    0.284579D-01
   0.272096655D+04    0.558107D-02
   0.181355770D+05    0.724516D-03
a 10 10 5 
   0.377368130D+00    0.237591D-02   0.330223922D+00 -0.332807D+00
   0.109794113D+01   -0.763666D-02   0.114401859D+01 -0.485445D+00
   0.282610864D+01    0.435837D-01   0.368451069D+01 -0.321471D+00
   0.989396653D+01    0.348795D+00   0.124489881D+02 -0.107434D+00
   0.265652664D+02    0.432178D+00   0.547806530D+02 -0.171133D-01
   0.748551030D+02    0.230894D+00
   0.230748681D+03    0.794254D-01
   0.815706960D+03    0.203814D-01
   0.358424815D+04    0.396782D-02
   0.238983890D+05    0.513404D-03
a 10 10 6 
   0.376862135D+00    0.238848D-02   0.266380485D+00 -0.241939D+00
   0.109573664D+01   -0.768912D-02   0.834459587D+00 -0.438119D+00
   0.281852362D+01    0.435014D-01   0.244206669D+01 -0.364518D+00
   0.988801485D+01    0.348690D+00   0.711350367D+01 -0.173334D+00
   0.265531951D+02    0.432286D+00   0.231680956D+02 -0.459193D-01
   0.748283624D+02    0.230975D+00   0.997651837D+02 -0.655850D-02
   0.230664973D+03    0.794550D-01
   0.815405504D+03    0.203902D-01
   0.358292166D+04    0.396958D-02
   0.238895351D+05    0.513634D-03
a 10 11 6 
   0.346635716D+00    0.161719D-02   0.266285019D+00 -0.241891D+00
   0.965487413D+00   -0.467624D-02   0.834522409D+00 -0.438297D+00
   0.249318590D+01    0.282864D-01   0.244306589D+01 -0.364525D+00
   0.859000885D+01    0.282355D+00   0.711672613D+01 -0.173244D+00
   0.216761958D+02    0.424361D+00   0.231763823D+02 -0.458939D-01
   0.564808665D+02    0.269778D+00   0.997965779D+02 -0.655517D-02
   0.157420276D+03    0.109192D+00
   0.483304119D+03    0.335092D-01
   0.170709694D+04    0.823259D-02
   0.750074634D+04    0.158337D-02
   0.500413570D+05    0.204129D-03
a 10 12 6 
   0.331079557D+00    0.977393D-03   0.266213819D+00 -0.241820D+00
   0.903734441D+00   -0.226925D-02   0.834400861D+00 -0.438352D+00
   0.234620958D+01    0.191444D-01   0.244311931D+01 -0.364576D+00
   0.757365792D+01    0.223067D+00   0.711767569D+01 -0.173231D+00
   0.180479161D+02    0.402089D+00   0.231800145D+02 -0.458836D-01
   0.440495757D+02    0.301656D+00   0.998107537D+02 -0.655365D-02
   0.113562930D+03    0.141023D+00
   0.315050815D+03    0.499902D-01
   0.966116020D+03    0.144822D-01
   0.341152366D+04    0.349344D-02
   0.149899094D+05    0.667409D-03
   0.100044487D+06    0.859700D-04
a 10 11 7 
   0.347042675D+00    0.161595D-02   0.222950142D+00  0.175654D+00
   0.967133523D+00   -0.467227D-02   0.643322164D+00  0.383608D+00
   0.249706877D+01    0.283541D-01   0.174780858D+01  0.377684D+00
   0.859505044D+01    0.282558D+00   0.464285241D+01  0.229458D+00
   0.216891152D+02    0.424321D+00   0.129053375D+02  0.846887D-01
   0.565151441D+02    0.269652D+00   0.411809782D+02  0.195440D-01
   0.157522908D+03    0.109119D+00   0.174994689D+03  0.257916D-02
   0.483627645D+03    0.334823D-01
   0.170823988D+04    0.822577D-02
   0.750576823D+04    0.158204D-02
   0.500748665D+05    0.203958D-03
a 10 12 7 
   0.331479839D+00    0.982139D-03   0.222939208D+00  0.175687D+00
   0.905317898D+00   -0.228598D-02   0.643470629D+00  0.383704D+00
   0.234983093D+01    0.192486D-01   0.174829037D+01  0.377626D+00
   0.758479833D+01    0.223657D+00   0.464339291D+01  0.229396D+00
   0.180795448D+02    0.402215D+00   0.129051836D+02  0.846857D-01
   0.441353247D+02    0.301302D+00   0.411802154D+02  0.195449D-01
   0.113795217D+03    0.140735D+00   0.174993510D+03  0.257920D-02
   0.315693686D+03    0.498711D-01
   0.968085056D+03    0.144461D-01
   0.341847421D+04    0.348461D-02
   0.150204395D+05    0.665714D-03
   0.100248213D+06    0.857515D-04
a 10 13 7 
   0.302276460D+00    0.102724D-03   0.222913328D+00  0.175718D+00
   0.790033483D+00    0.932644D-03   0.643687022D+00  0.383904D+00
   0.201201849D+01    0.452269D-02   0.174944532D+01  0.377643D+00
   0.528374166D+01    0.100870D+00   0.464673653D+01  0.229250D+00
   0.119342117D+02    0.331526D+00   0.129128138D+02  0.846103D-01
   0.274000871D+02    0.362793D+00   0.412002414D+02  0.195299D-01
   0.656825860D+02    0.216744D+00   0.175076170D+03  0.257716D-02
   0.166496379D+03    0.928208D-01
   0.454393132D+03    0.319589D-01
   0.137010462D+04    0.930089D-02
   0.475218416D+04    0.228108D-02
   0.204865380D+05    0.446628D-03
   0.134097427D+06    0.591868D-04
a 10 13 8 
   0.302644368D+00    0.107607D-03   0.191945437D+00  0.128019D+00
   0.791493814D+00    0.916548D-03   0.517510865D+00  0.329933D+00
   0.201631075D+01    0.462390D-02   0.132199609D+01  0.371209D+00
   0.530332292D+01    0.101696D+00   0.328622742D+01  0.269159D+00
   0.119708980D+02    0.332008D+00   0.827443658D+01  0.127257D+00
   0.274784148D+02    0.362353D+00   0.225023678D+02  0.395497D-01
   0.658686570D+02    0.216224D+00   0.706634044D+02  0.837822D-02
   0.166975633D+03    0.925378D-01   0.298568871D+03  0.104098D-02
   0.455749388D+03    0.318504D-01
   0.137447997D+04    0.926650D-02
   0.476879828D+04    0.227179D-02
   0.205663609D+05    0.444586D-03
   0.134683192D+06    0.588759D-04
a 10 14 8 
   0.282549395D+00    0.874245D-04   0.191955723D+00  0.128074D+00
   0.711919020D+00   -0.153451D-02   0.517711391D+00  0.330087D+00
   0.174457042D+01    0.118171D-03   0.132272642D+01  0.371210D+00
   0.407360111D+01   -0.544807D-01   0.328784647D+01  0.269037D+00
   0.956000869D+01   -0.274575D+00   0.827713068D+01  0.127192D+00
   0.214995750D+02   -0.373464D+00   0.225077265D+02  0.395354D-01
   0.495420318D+02   -0.257875D+00   0.706798492D+02  0.837515D-02
   0.118996200D+03   -0.123743D+00   0.298639645D+03  0.104056D-02
   0.302042362D+03   -0.475257D-01
   0.824984707D+03   -0.155804D-01
   0.248473770D+04   -0.444833D-02
   0.858625426D+04   -0.108762D-02
   0.367726759D+05   -0.214022D-03
   0.238577285D+06   -0.287158D-04
a 10 14 9 
   0.281217069D+00    0.101786D-03   0.119215803D+00 -0.368819D-01
   0.707348567D+00   -0.158007D-02   0.297695204D+00 -0.203903D+00
   0.173096405D+01    0.354205D-03   0.720619092D+00 -0.338909D+00
   0.402582517D+01   -0.533591D-01   0.171667928D+01 -0.333191D+00
   0.950835549D+01   -0.273879D+00   0.406443097D+01 -0.223899D+00
   0.214226335D+02   -0.374370D+00   0.991703921D+01 -0.100694D+00
   0.494386971D+02   -0.258739D+00   0.263603285D+02 -0.309529D-01
   0.118933934D+03   -0.124029D+00   0.810811612D+02 -0.662225D-02
   0.302376375D+03   -0.475454D-01   0.336831356D+03 -0.839479D-03
   0.827204495D+03   -0.155517D-01
   0.249481320D+04   -0.443056D-02
   0.862878007D+04   -0.108140D-02
   0.369602510D+05   -0.212625D-03
   0.239611539D+06   -0.285498D-04
 
