$ Basis = pc-1

$ Elements supported
$ H C N O F Si P S Cl
$
$  REFERENCE
$ Elements                             References
$ --------                             ----------
$ H,C - F: F. Jensen, J. Chem. Phys. 115 (2001) 9113; 116 (2002) 3502.
$ Si - Cl: F. Jensen, T. Helgaker, J. Chem. Phys. 121 (2004) 3463
************************************************************************
a  1
$ HYDROGEN     (4s,1p) -> [2s,1p]
$ S-TYPE FUNCTIONS
    4    2    0
    12.252000000 0.022822000 0.000000000
     1.868700000 0.155640000 0.000000000
     0.418210000 0.488980000 0.000000000
     0.106100000 0.000000000 1.000000000
$ P-TYPE FUNCTIONS
    1    1    0
     1.000000000 1.000000000
a  6
$ CARBON       (7s,4p,1d) -> [3s,2p,1d]
$ S-TYPE FUNCTIONS
    7    3    0
  1252.600000000 0.005573400 0.000000000 0.000000000
   188.570000000 0.041492000 0.000277450 0.000000000
    42.839000000 0.182630000 0.002560200 0.000000000
    11.818000000 0.461180000 0.033485000 0.000000000
     3.556700000 0.449400000 0.087579000 0.000000000
     0.542580000 0.00000000 -0.537390000 0.000000000
     0.160580000 0.000000000 0.000000000 1.000000000
$ P-TYPE FUNCTIONS
    4    2    0
     9.142600000 0.044464000 0.000000000
     1.929800000 0.228860000 0.000000000
     0.525220000 0.512230000 0.000000000
     0.136080000 0.000000000 1.000000000
$ D-TYPE FUNCTIONS
    1    1    0
     0.800000000 1.000000000
a  7
$ NITROGEN     (7s,4p,1d) -> [3s,2p,1d]
$ S-TYPE FUNCTIONS
    7    3    0
  1742.200000000 0.005460300 0.000000000 0.000000000
   262.210000000 0.040706000 0.000301040 0.000000000
    59.585000000 0.180380000 0.002551100 0.000000000
    16.489000000 0.460090000 0.034900000 0.000000000
     4.994500000 0.451730000 0.087429000 0.000000000
     0.786730000 0.00000000 -0.526600000 0.000000000
     0.228370000 0.000000000 0.000000000 1.000000000
$ P-TYPE FUNCTIONS
    4    2    0
    13.132000000 0.045515000 0.000000000
     2.810800000 0.237400000 0.000000000
     0.763510000 0.513920000 0.000000000
     0.195600000 0.000000000 1.000000000
$ D-TYPE FUNCTIONS
    1    1    0
     0.900000000 1.000000000
a  8
$ OXYGEN       (7s,4p,1d) -> [3s,2p,1d]
$ S-TYPE FUNCTIONS
    7    3    0
  2306.700000000 0.005393800 0.000000000 0.000000000
   347.150000000 0.040244000 0.000318400 0.000000000
    78.890000000 0.179210000 0.002595200 0.000000000
    21.876000000 0.459680000 0.036317000 0.000000000
     6.664600000 0.452410000 0.088039000 0.000000000
     1.066900000 0.00000000 -0.535890000 0.000000000
     0.307000000 0.000000000 0.000000000 1.000000000
$ P-TYPE FUNCTIONS
    4    2    0
    17.022000000 0.048906000 0.000000000
     3.683800000 0.248780000 0.000000000
     0.992340000 0.512950000 0.000000000
     0.244870000 0.000000000 1.000000000
$ D-TYPE FUNCTIONS
    1    1    0
     1.000000000 1.000000000
a  9
$ FLUORINE     (7s,4p,1d) -> [3s,2p,1d]
$ S-TYPE FUNCTIONS
    7    3    0
  2954.600000000 0.005333600 0.000000000 0.000000000
   444.620000000 0.039824000 0.000331060 0.000000000
   101.050000000 0.178020000 0.002608500 0.000000000
    28.068000000 0.459100000 0.037216000 0.000000000
     8.583700000 0.453580000 0.088336000 0.000000000
     1.398600000 0.00000000 -0.533030000 0.000000000
     0.399690000 0.000000000 0.000000000 1.000000000
$ P-TYPE FUNCTIONS
    4    2    0
    21.883000000 0.050238000 0.000000000
     4.776900000 0.253740000 0.000000000
     1.282300000 0.512230000 0.000000000
     0.311270000 0.000000000 1.000000000
$ D-TYPE FUNCTIONS
    1    1    0
     1.100000000 1.000000000
a 14
$ SILICON      (11s,8p,1d) -> [4s,3p,1d]
$ S-TYPE FUNCTIONS
   11    4    0
 41263.000000000 0.000609480 0.000000000 0.000000000 0.000000000
  6189.600000000 0.00470400 -0.000022459 0.000000000 0.000000000
  1408.700000000 0.02413600 -0.000041760 0.000000000 0.000000000
   398.770000000 0.09276200 -0.001857000 0.000074278 0.000000000
   129.690000000 0.26047000 -0.009511300 0.000740230 0.000000000
    46.425000000 0.44181000 -0.065800000 0.004010700 0.000000000
    17.455000000 0.30755000 -0.077546000 0.008013700 0.000000000
     4.222200000 0.029197000 0.50303000 -0.074091000 0.000000000
     1.493300000 0.000000000 0.63824000 -0.213820000 0.000000000
     0.271740000 0.000000000 0.000000000 0.612630000 0.000000000
     0.098502000 0.000000000 0.000000000 0.000000000 1.000000000
$ P-TYPE FUNCTIONS
    8    3    0
   310.730000000 0.004119800 0.000000000 0.000000000
    72.823000000 0.031981000 0.000126370 0.000000000
    22.985000000 0.13224000 -0.001025200 0.000000000
     8.321300000 0.32779000 -0.002133700 0.000000000
     3.135300000 0.45107000 -0.018774000 0.000000000
     1.169300000 0.263450000 0.057528000 0.000000000
     0.292810000 0.000000000 0.535710000 0.000000000
     0.082704000 0.000000000 0.000000000 1.000000000
$ D-TYPE FUNCTIONS
    1    1    0
     0.450000000 1.000000000
a 15
$ PHOSPHORUS   (11s,8p,1d) -> [4s,3p,1d]
$ S-TYPE FUNCTIONS
   11    4    0
 48073.000000000 0.000599190 0.000000000 0.000000000 0.000000000
  7211.400000000 0.00462410 -0.000021309 0.000000000 0.000000000
  1641.700000000 0.02372400 -0.000044215 0.000007134 0.000000000
   464.920000000 0.09130300 -0.001822100 0.000084500 0.000000000
   151.280000000 0.25750000 -0.009636600 0.000859190 0.000000000
    54.189000000 0.44080000 -0.066072000 0.004647800 0.000000000
    20.397000000 0.31175000 -0.081824000 0.009581100 0.000000000
     5.024100000 0.031118000 0.49850000 -0.084066000 0.000000000
     1.824600000 0.000000000 0.64492000 -0.231240000 0.000000000
     0.358710000 0.000000000 0.000000000 0.623500000 0.000000000
     0.128870000 0.000000000 0.000000000 0.000000000 1.000000000
$ P-TYPE FUNCTIONS
    8    3    0
   366.240000000 0.004097700 0.000000000 0.000000000
    85.931000000 0.031956000 0.000125060 0.000000000
    27.172000000 0.13326000 -0.001216600 0.000000000
     9.868500000 0.33228000 -0.003181300 0.000000000
     3.753300000 0.45335000 -0.021475000 0.000000000
     1.430200000 0.250580000 0.069991000 0.000000000
     0.386530000 0.000000000 0.560810000 0.000000000
     0.111460000 0.000000000 0.000000000 1.000000000
$ D-TYPE FUNCTIONS
    1    1    0
     0.500000000 1.000000000
a 16
$ SULFUR       (11s,8p,1d) -> [4s,3p,1d]
$ S-TYPE FUNCTIONS
   11    4    0
 55510.000000000 0.000588990 0.000000000 0.000000000 0.000000000
  8326.700000000 0.00454600 -0.000020480 0.000000000 0.000000000
  1895.600000000 0.02333500 -0.000045429 0.000008346 0.000000000
   536.770000000 0.08996500 -0.001793700 0.000098306 0.000000000
   174.670000000 0.25486000 -0.009725200 0.001004000 0.000000000
    62.578000000 0.43998000 -0.066399000 0.005440900 0.000000000
    23.573000000 0.31549000 -0.085502000 0.011400000 0.000000000
     5.890800000 0.032826000 0.49588000 -0.095134000 0.000000000
     2.185200000 0.000000000 0.64988000 -0.247350000 0.000000000
     0.452820000 0.000000000 0.000000000 0.639730000 0.000000000
     0.162020000 0.000000000 0.000000000 0.000000000 1.000000000
$ P-TYPE FUNCTIONS
    8    3    0
   395.450000000 0.004626600 0.000000000 0.000000000
    92.834000000 0.035898000 0.000109340 0.000000000
    29.266000000 0.14854000 -0.001635800 0.000000000
    10.595000000 0.35878000 -0.005063200 0.000000000
     4.027200000 0.45417000 -0.023960000 0.000000000
     1.548400000 0.205450000 0.103880000 0.000000000
     0.461340000 0.000000000 0.580630000 0.000000000
     0.131310000 0.000000000 0.000000000 1.000000000
$ D-TYPE FUNCTIONS
    1    1    0
     0.550000000 1.000000000
a 17
$ CHLORINE     (11s,8p,1d) -> [4s,3p,1d]
$ S-TYPE FUNCTIONS
   11    4    0
 63474.000000000 0.000580280 0.000000000 0.000000000 0.000000000
  9521.300000000 0.00447920 -0.000019824 0.000000000 0.000000000
  2167.400000000 0.02300000 -0.000047199 0.000009058 0.000000000
   613.740000000 0.08881500 -0.001771300 0.000106950 0.000000000
   199.720000000 0.25258000 -0.009806800 0.001098100 0.000000000
    71.564000000 0.43921000 -0.066719000 0.005989800 0.000000000
    26.979000000 0.31868000 -0.088711000 0.012762000 0.000000000
     6.826000000 0.034348000 0.49396000 -0.103070000 0.000000000
     2.576700000 0.000000000 0.65392000 -0.259410000 0.000000000
     0.557520000 0.000000000 0.000000000 0.648990000 0.000000000
     0.198250000 0.000000000 0.000000000 0.000000000 1.000000000
$ P-TYPE FUNCTIONS
    8    3    0
   413.120000000 0.005425100 0.000000000 0.000000000
    97.054000000 0.041644000 0.000000000 0.000000000
    30.482000000 0.16990000 -0.002144100 0.000000000
    10.962000000 0.39275000 -0.009129800 0.000000000
     4.127600000 0.45045000 -0.019906000 0.000000000
     1.533800000 0.153080000 0.155820000 0.000000000
     0.514390000 0.000000000 0.587720000 0.000000000
     0.150260000 0.000000000 0.000000000 1.000000000
$ D-TYPE FUNCTIONS
    1    1    0
     0.600000000 1.000000000
