$ Basis = pc-3

$ Elements supported
$ H C N O F Si P S Cl
$
$  REFERENCE
$ Elements                             References
$ --------                             ----------
$ H,C - F: F. Jensen, J. Chem. Phys. 115 (2001) 9113; 116 (2002) 3502.
$ Si - Cl: F. Jensen, T. Helgaker, J. Chem. Phys. 121 (2004) 3463
************************************************************************
a  1
$ HYDROGEN   (9s,4p,2d,1f) -> [5s,4p,2d,1f]
$ S-TYPE FUNCTIONS
    9    5    0
   774.690000000 0.000131630 0.000000000 0.000000000 0.000000000 0.000000000
   116.160000000 0.001022600 0.000000000 0.000000000 0.000000000 0.000000000
    26.449000000 0.005362900 0.000000000 0.000000000 0.000000000 0.000000000
     7.501500000 0.022285000 0.000000000 0.000000000 0.000000000 0.000000000
     2.456800000 0.075374000 0.000000000 0.000000000 0.000000000 0.000000000
     0.887740000 0.000000000 1.000000000 0.000000000 0.000000000 0.000000000
     0.340850000 0.000000000 0.000000000 1.000000000 0.000000000 0.000000000
     0.134770000 0.000000000 0.000000000 0.000000000 1.000000000 0.000000000
     0.052263000 0.000000000 0.000000000 0.000000000 0.000000000 1.000000000
$ P-TYPE FUNCTIONS
    4    4    0
     6.500000000 1.000000000 0.000000000 0.000000000 0.000000000
     1.550000000 0.000000000 1.000000000 0.000000000 0.000000000
     0.550000000 0.000000000 0.000000000 1.000000000 0.000000000
     0.200000000 0.000000000 0.000000000 0.000000000 1.000000000
$ D-TYPE FUNCTIONS
    2    2    0
     1.950000000 1.000000000 0.000000000
     0.650000000 0.000000000 1.000000000
$ F-TYPE FUNCTIONS
    1    1    0
     2.200000000 1.000000000
a  6
$ CARBON       (14s,9p,4d,2f,1g) -> [6s,5p,4d,2f,1g]
$ S-TYPE FUNCTIONS
   14    6    0
 87141.000000000 0.000028180 0.000000000 0.000000000 0.000000000 0.000000000 0.000000000
 13052.000000000 0.000218250 0.000000000 0.000000000 0.000000000 0.000000000 0.000000000
  2970.600000000 0.001150800 0.000000000 0.000000000 0.000000000 0.000000000 0.000000000
   841.460000000 0.004788400 0.000113750 0.000000000 0.000000000 0.000000000 0.000000000
   274.590000000 0.017126000 0.000275540 0.000000000 0.000000000 0.000000000 0.000000000
    99.215000000 0.051160000 0.005000800 0.000000000 0.000000000 0.000000000 0.000000000
    38.694000000 0.127940000 0.022297000 0.000000000 0.000000000 0.000000000 0.000000000
    15.911000000 0.228110000 0.140270000 0.000000000 0.000000000 0.000000000 0.000000000
     6.766800000 0.246900000 0.415710000 0.000000000 0.000000000 0.000000000 0.000000000
     2.898400000 0.000000000 0.829770000 0.000000000 0.000000000 0.000000000 0.000000000
     1.124600000 0.000000000 0.000000000 1.000000000 0.000000000 0.000000000 0.000000000
     0.514460000 0.000000000 0.000000000 0.000000000 1.000000000 0.000000000 0.000000000
     0.211760000 0.000000000 0.000000000 0.000000000 0.000000000 1.000000000 0.000000000
     0.085017000 0.000000000 0.000000000 0.000000000 0.000000000 0.000000000 1.000000000
$ P-TYPE FUNCTIONS
    9    5    0
   148.240000000 0.000507190 0.000000000 0.000000000 0.000000000 0.000000000
    34.912000000 0.004179400 0.000000000 0.000000000 0.000000000 0.000000000
    10.894000000 0.021293000 0.000000000 0.000000000 0.000000000 0.000000000
     4.193400000 0.062269000 0.000000000 0.000000000 0.000000000 0.000000000
     1.713400000 0.164150000 0.000000000 0.000000000 0.000000000 0.000000000
     0.735660000 0.000000000 1.000000000 0.000000000 0.000000000 0.000000000
     0.316370000 0.000000000 0.000000000 1.000000000 0.000000000 0.000000000
     0.132420000 0.000000000 0.000000000 0.000000000 1.000000000 0.000000000
     0.051901000 0.000000000 0.000000000 0.000000000 0.000000000 1.000000000
$ D-TYPE FUNCTIONS
    4    4    0
     5.200000000 1.000000000 0.000000000 0.000000000 0.000000000
     1.350000000 0.000000000 1.000000000 0.000000000 0.000000000
     0.520000000 0.000000000 0.000000000 1.000000000 0.000000000
     0.200000000 0.000000000 0.000000000 0.000000000 1.000000000
$ F-TYPE FUNCTIONS
    2    2    0
     1.500000000 1.000000000 0.000000000
     0.650000000 0.000000000 1.000000000
$ G-TYPE FUNCTIONS
    1    1    0
     1.400000000 1.000000000
a  7
$ NITROGEN     (14s,9p,4d,2f,1g) -> [6s,5p,4d,2f,1g]
$ S-TYPE FUNCTIONS
   14    6    0
  124550.0000000 0.000026672 0.000000000 0.000000000 0.000000000 0.000000000 0.000000000
 18656.000000000 0.000206840 0.000000000 0.000000000 0.000000000 0.000000000 0.000000000
  4245.100000000 0.001089300 0.000000000 0.000000000 0.000000000 0.000000000 0.000000000
  1202.100000000 0.004546300 0.000081439 0.000000000 0.000000000 0.000000000 0.000000000
   392.140000000 0.016237000 0.000324390 0.000000000 0.000000000 0.000000000 0.000000000
   141.580000000 0.048957000 0.004362100 0.000000000 0.000000000 0.000000000 0.000000000
    55.136000000 0.123170000 0.022838000 0.000000000 0.000000000 0.000000000 0.000000000
    22.643000000 0.224250000 0.134620000 0.000000000 0.000000000 0.000000000 0.000000000
     9.656600000 0.238760000 0.425010000 0.000000000 0.000000000 0.000000000 0.000000000
     4.168500000 0.000000000 0.825170000 0.000000000 0.000000000 0.000000000 0.000000000
     1.667800000 0.000000000 0.000000000 1.000000000 0.000000000 0.000000000 0.000000000
     0.745740000 0.000000000 0.000000000 0.000000000 1.000000000 0.000000000 0.000000000
     0.305160000 0.000000000 0.000000000 0.000000000 0.000000000 1.000000000 0.000000000
     0.120890000 0.000000000 0.000000000 0.000000000 0.000000000 0.000000000 1.000000000
$ P-TYPE FUNCTIONS
    9    5    0
   218.290000000 0.000482810 0.000000000 0.000000000 0.000000000 0.000000000
    51.488000000 0.004042000 0.000000000 0.000000000 0.000000000 0.000000000
    16.130000000 0.020946000 0.000000000 0.000000000 0.000000000 0.000000000
     6.130700000 0.064757000 0.000000000 0.000000000 0.000000000 0.000000000
     2.505200000 0.170420000 0.000000000 0.000000000 0.000000000 0.000000000
     1.073000000 0.000000000 1.000000000 0.000000000 0.000000000 0.000000000
     0.458380000 0.000000000 0.000000000 1.000000000 0.000000000 0.000000000
     0.189480000 0.000000000 0.000000000 0.000000000 1.000000000 0.000000000
     0.073359000 0.000000000 0.000000000 0.000000000 0.000000000 1.000000000
$ D-TYPE FUNCTIONS
    4    4    0
     6.000000000 1.000000000 0.000000000 0.000000000 0.000000000
     1.650000000 0.000000000 1.000000000 0.000000000 0.000000000
     0.650000000 0.000000000 0.000000000 1.000000000 0.000000000
     0.250000000 0.000000000 0.000000000 0.000000000 1.000000000
$ F-TYPE FUNCTIONS
    2    2    0
     1.800000000 1.000000000 0.000000000
     0.770000000 0.000000000 1.000000000
$ G-TYPE FUNCTIONS
    1    1    0
     1.500000000 1.000000000
a  8
$ OXYGEN       (14s,9p,4d,2f,1g) -> [6s,5p,4d,2f,1g]
$ S-TYPE FUNCTIONS
   14    6    0
  164030.0000000 0.000026520 0.000000000 0.000000000 0.000000000 0.000000000 0.000000000
 24567.000000000 0.000205740 0.000000000 0.000000000 0.000000000 0.000000000 0.000000000
  5591.000000000 0.001082600 0.000000000 0.000000000 0.000000000 0.000000000 0.000000000
  1583.600000000 0.004520200 0.000075682 0.000000000 0.000000000 0.000000000 0.000000000
   516.670000000 0.016132000 0.000355680 0.000000000 0.000000000 0.000000000 0.000000000
   186.560000000 0.048733000 0.004391800 0.000000000 0.000000000 0.000000000 0.000000000
    72.696000000 0.122620000 0.023820000 0.000000000 0.000000000 0.000000000 0.000000000
    29.992000000 0.222090000 0.138300000 0.000000000 0.000000000 0.000000000 0.000000000
    12.899000000 0.238900000 0.430280000 0.000000000 0.000000000 0.000000000 0.000000000
     5.613500000 0.000000000 0.851790000 0.000000000 0.000000000 0.000000000 0.000000000
     2.298600000 0.000000000 0.000000000 1.000000000 0.000000000 0.000000000 0.000000000
     0.999800000 0.000000000 0.000000000 0.000000000 1.000000000 0.000000000 0.000000000
     0.407460000 0.000000000 0.000000000 0.000000000 0.000000000 1.000000000 0.000000000
     0.159220000 0.000000000 0.000000000 0.000000000 0.000000000 0.000000000 1.000000000
$ P-TYPE FUNCTIONS
    9    5    0
   272.020000000 0.000548810 0.000000000 0.000000000 0.000000000 0.000000000
    64.243000000 0.004573300 0.000000000 0.000000000 0.000000000 0.000000000
    20.249000000 0.023534000 0.000000000 0.000000000 0.000000000 0.000000000
     7.643800000 0.074362000 0.000000000 0.000000000 0.000000000 0.000000000
     3.123200000 0.186590000 0.000000000 0.000000000 0.000000000 0.000000000
     1.325100000 0.000000000 1.000000000 0.000000000 0.000000000 0.000000000
     0.555510000 0.000000000 0.000000000 1.000000000 0.000000000 0.000000000
     0.222290000 0.000000000 0.000000000 0.000000000 1.000000000 0.000000000
     0.084010000 0.000000000 0.000000000 0.000000000 0.000000000 1.000000000
$ D-TYPE FUNCTIONS
    4    4    0
     7.000000000 1.000000000 0.000000000 0.000000000 0.000000000
     2.000000000 0.000000000 1.000000000 0.000000000 0.000000000
     0.800000000 0.000000000 0.000000000 1.000000000 0.000000000
     0.300000000 0.000000000 0.000000000 0.000000000 1.000000000
$ F-TYPE FUNCTIONS
    2    2    0
     2.100000000 1.000000000 0.000000000
     0.900000000 0.000000000 1.000000000
$ G-TYPE FUNCTIONS
    1    1    0
     1.600000000 1.000000000
a  9
$ FLUORINE     (14s,9p,4d,2f,1g) -> [6s,5p,4d,2f,1g]
$ S-TYPE FUNCTIONS
   14    6    0
  215660.0000000 0.000025377 0.000000000 0.000000000 0.000000000 0.000000000 0.000000000
 32299.000000000 0.000196950 0.000000000 0.000000000 0.000000000 0.000000000 0.000000000
  7350.400000000 0.001035900 0.000000000 0.000000000 0.000000000 0.000000000 0.000000000
  2081.800000000 0.004330000 0.000065619 0.000000000 0.000000000 0.000000000 0.000000000
   679.090000000 0.015459000 0.000353640 0.000000000 0.000000000 0.000000000 0.000000000
   245.100000000 0.046915000 0.004102100 0.000000000 0.000000000 0.000000000 0.000000000
    95.462000000 0.118770000 0.023212000 0.000000000 0.000000000 0.000000000 0.000000000
    39.422000000 0.217270000 0.133710000 0.000000000 0.000000000 0.000000000 0.000000000
    17.018000000 0.236870000 0.423450000 0.000000000 0.000000000 0.000000000 0.000000000
     7.452500000 0.000000000 0.862020000 0.000000000 0.000000000 0.000000000 0.000000000
     3.132900000 0.000000000 0.000000000 1.000000000 0.000000000 0.000000000 0.000000000
     1.339500000 0.000000000 0.000000000 0.000000000 1.000000000 0.000000000 0.000000000
     0.542180000 0.000000000 0.000000000 0.000000000 0.000000000 1.000000000 0.000000000
     0.209040000 0.000000000 0.000000000 0.000000000 0.000000000 0.000000000 1.000000000
$ P-TYPE FUNCTIONS
    9    5    0
   351.220000000 0.000552570 0.000000000 0.000000000 0.000000000 0.000000000
    82.978000000 0.004621100 0.000000000 0.000000000 0.000000000 0.000000000
    26.267000000 0.023794000 0.000000000 0.000000000 0.000000000 0.000000000
     9.930700000 0.076241000 0.000000000 0.000000000 0.000000000 0.000000000
     4.067000000 0.189120000 0.000000000 0.000000000 0.000000000 0.000000000
     1.724600000 0.000000000 1.000000000 0.000000000 0.000000000 0.000000000
     0.719760000 0.000000000 0.000000000 1.000000000 0.000000000 0.000000000
     0.286240000 0.000000000 0.000000000 0.000000000 1.000000000 0.000000000
     0.107890000 0.000000000 0.000000000 0.000000000 0.000000000 1.000000000
$ D-TYPE FUNCTIONS
    4    4    0
     8.400000000 1.000000000 0.000000000 0.000000000 0.000000000
     2.600000000 0.000000000 1.000000000 0.000000000 0.000000000
     1.000000000 0.000000000 0.000000000 1.000000000 0.000000000
     0.350000000 0.000000000 0.000000000 0.000000000 1.000000000
$ F-TYPE FUNCTIONS
    2    2    0
     2.600000000 1.000000000 0.000000000
     1.050000000 0.000000000 1.000000000
$ G-TYPE FUNCTIONS
    1    1    0
     1.700000000 1.000000000
a 14
$ SILICON      (17s,13p,4d,2f,1g) -> [6s,5p,4d,2f,1g]
$ S-TYPE FUNCTIONS
   17    6    0
  918480.0000000 0.000012650 0.000000000 0.000000000 0.000000000 0.000000000 0.000000000
  137590.0000000 0.000098336 0.000000000 0.000000000 0.000000000 0.000000000 0.000000000
 31289.000000000 0.000517830 0.000000000 0.000000000 0.000000000 0.000000000 0.000000000
  8850.700000000 0.00218530 -0.000004007 0.000000000 0.000000000 0.000000000 0.000000000
  2881.900000000 0.00791830 -0.000005558 0.000000000 0.000000000 0.000000000 0.000000000
  1038.100000000 0.02522200 -0.000158330 0.000009329 0.000000000 0.000000000 0.000000000
   403.970000000 0.07053100 -0.000687010 0.000067519 0.000000000 0.000000000 0.000000000
   166.970000000 0.16612000 -0.005174100 0.000401700 0.000000000 0.000000000 0.000000000
    72.202000000 0.30560000 -0.019323000 0.001813800 0.000000000 0.000000000 0.000000000
    32.334000000 0.35748000 -0.060309000 0.005578400 0.000000000 0.000000000 0.000000000
    14.771000000 0.19583000 -0.051880000 0.006922400 0.000000000 0.000000000 0.000000000
     5.924000000 0.023686000 0.17152000 -0.026192000 0.000000000 0.000000000 0.000000000
     2.628500000 0.000000000 0.30338000 -0.125080000 0.000000000 0.000000000 0.000000000
     1.136000000 0.000000000 0.00000000 -0.175450000 0.000000000 0.000000000 0.000000000
     0.356110000 0.000000000 0.000000000 0.000000000 1.000000000 0.000000000 0.000000000
     0.163840000 0.000000000 0.000000000 0.000000000 0.000000000 1.000000000 0.000000000
     0.068062000 0.000000000 0.000000000 0.000000000 0.000000000 0.000000000 1.000000000
$ P-TYPE FUNCTIONS
   13    5    0
  2552.900000000 0.000109250 0.000000000 0.000000000 0.000000000 0.000000000
   606.060000000 0.000958080 0.000006289 0.000000000 0.000000000 0.000000000
   195.550000000 0.00544770 -0.000003832 0.000000000 0.000000000 0.000000000
    72.844000000 0.023607000 0.000105490 0.000000000 0.000000000 0.000000000
    30.401000000 0.07228000 -0.000417790 0.000000000 0.000000000 0.000000000
    13.565000000 0.17561000 -0.000511370 0.000000000 0.000000000 0.000000000
     6.247900000 0.30405000 -0.007029500 0.000000000 0.000000000 0.000000000
     2.897700000 0.35739000 -0.004397500 0.000000000 0.000000000 0.000000000
     1.332100000 0.236120000 0.005178400 0.000000000 0.000000000 0.000000000
     0.587160000 0.000000000 0.139230000 0.000000000 0.000000000 0.000000000
     0.263620000 0.000000000 0.000000000 1.000000000 0.000000000 0.000000000
     0.108280000 0.000000000 0.000000000 0.000000000 1.000000000 0.000000000
     0.041189000 0.000000000 0.000000000 0.000000000 0.000000000 1.000000000
$ D-TYPE FUNCTIONS
    4    4    0
     6.660000000 1.000000000 0.000000000 0.000000000 0.000000000
     1.750000000 0.000000000 1.000000000 0.000000000 0.000000000
     0.520000000 0.000000000 0.000000000 1.000000000 0.000000000
     0.190000000 0.000000000 0.000000000 0.000000000 1.000000000
$ F-TYPE FUNCTIONS
    2    2    0
     1.150000000 1.000000000 0.000000000
     0.380000000 0.000000000 1.000000000
$ G-TYPE FUNCTIONS
    1    1    0
     0.650000000 1.000000000
a 15
$ PHOSPHORUS   (17s,13p,4d,2f,1g) -> [6s,5p,4d,2f,1g]
$ S-TYPE FUNCTIONS
   17    6    0
 1063700.0000000 0.000012509 0.000000000 0.000000000 0.000000000 0.000000000 0.000000000
  160000.0000000 0.000096671 0.000000000 0.000000000 0.000000000 0.000000000 0.000000000
 36513.000000000 0.000506820 0.000000000 0.000000000 0.000000000 0.000000000 0.000000000
 10359.000000000 0.00213100 -0.000003450 0.000000000 0.000000000 0.000000000 0.000000000
  3382.800000000 0.00769250 -0.000005343 0.000000000 0.000000000 0.000000000 0.000000000
  1222.300000000 0.02442100 -0.000138140 0.000015801 0.000000000 0.000000000 0.000000000
   477.300000000 0.06812200 -0.000608820 0.000113530 0.000000000 0.000000000 0.000000000
   198.090000000 0.16069000 -0.004506400 0.000673290 0.000000000 0.000000000 0.000000000
    85.994000000 0.29867000 -0.017071000 0.003031400 0.000000000 0.000000000 0.000000000
    38.627000000 0.35878000 -0.053954000 0.009229200 0.000000000 0.000000000 0.000000000
    17.688000000 0.20616000 -0.051494000 0.011936000 0.000000000 0.000000000 0.000000000
     7.255100000 0.027386000 0.13758000 -0.035725000 0.000000000 0.000000000 0.000000000
     3.269900000 0.000000000 0.27525000 -0.158750000 0.000000000 0.000000000 0.000000000
     1.431300000 0.000000000 0.00000000 -0.212360000 0.000000000 0.000000000 0.000000000
     0.470470000 0.000000000 0.000000000 0.000000000 1.000000000 0.000000000 0.000000000
     0.212890000 0.000000000 0.000000000 0.000000000 0.000000000 1.000000000 0.000000000
     0.087742000 0.000000000 0.000000000 0.000000000 0.000000000 0.000000000 1.000000000
$ P-TYPE FUNCTIONS
   13    5    0
  2762.200000000 0.000126180 0.000000000 0.000000000 0.000000000 0.000000000
   654.780000000 0.001104800 0.000005959 0.000000000 0.000000000 0.000000000
   212.580000000 0.00614830 -0.000006809 0.000000000 0.000000000 0.000000000
    79.895000000 0.026307000 0.000074513 0.000000000 0.000000000 0.000000000
    33.366000000 0.07986600 -0.000606640 0.000000000 0.000000000 0.000000000
    14.986000000 0.18840000 -0.001260400 0.000000000 0.000000000 0.000000000
     6.968000000 0.31362000 -0.009471900 0.000000000 0.000000000 0.000000000
     3.281800000 0.35326000 -0.004401400 0.000000000 0.000000000 0.000000000
     1.524700000 0.213660000 0.012466000 0.000000000 0.000000000 0.000000000
     0.669240000 0.000000000 0.213430000 0.000000000 0.000000000 0.000000000
     0.299290000 0.000000000 0.000000000 1.000000000 0.000000000 0.000000000
     0.128110000 0.000000000 0.000000000 0.000000000 1.000000000 0.000000000
     0.050992000 0.000000000 0.000000000 0.000000000 0.000000000 1.000000000
$ D-TYPE FUNCTIONS
    4    4    0
     7.710000000 1.000000000 0.000000000 0.000000000 0.000000000
     2.030000000 0.000000000 1.000000000 0.000000000 0.000000000
     0.600000000 0.000000000 0.000000000 1.000000000 0.000000000
     0.220000000 0.000000000 0.000000000 0.000000000 1.000000000
$ F-TYPE FUNCTIONS
    2    2    0
     1.340000000 1.000000000 0.000000000
     0.450000000 0.000000000 1.000000000
$ G-TYPE FUNCTIONS
    1    1    0
     0.720000000 1.000000000
a 16
$ SULFUR       (17s,13p,4d,2f,1g) -> [6s,5p,4d,2f,1g]
$ S-TYPE FUNCTIONS
   17    6    0
 1250400.0000000 0.000012023 0.000000000 0.000000000 0.000000000 0.000000000 0.000000000
  188080.0000000 0.000092935 0.000000000 0.000000000 0.000000000 0.000000000 0.000000000
 42918.000000000 0.000487200 0.000000000 0.000000000 0.000000000 0.000000000 0.000000000
 12179.000000000 0.00204790 -0.000003038 0.000000000 0.000000000 0.000000000 0.000000000
  3978.700000000 0.00738970 -0.000004646 0.000000000 0.000000000 0.000000000 0.000000000
  1438.100000000 0.02348100 -0.000123160 0.000019556 0.000000000 0.000000000 0.000000000
   561.670000000 0.06568500 -0.000547230 0.000143860 0.000000000 0.000000000 0.000000000
   233.110000000 0.15597000 -0.004070200 0.000844190 0.000000000 0.000000000 0.000000000
   101.220000000 0.29322000 -0.015652000 0.003862100 0.000000000 0.000000000 0.000000000
    45.493000000 0.36011000 -0.050309000 0.011813000 0.000000000 0.000000000 0.000000000
    20.847000000 0.21506000 -0.051517000 0.016114000 0.000000000 0.000000000 0.000000000
     8.649200000 0.030782000 0.11823000 -0.041492000 0.000000000 0.000000000 0.000000000
     3.945600000 0.000000000 0.25628000 -0.185170000 0.000000000 0.000000000 0.000000000
     1.747200000 0.000000000 0.00000000 -0.239630000 0.000000000 0.000000000 0.000000000
     0.599530000 0.000000000 0.000000000 0.000000000 1.000000000 0.000000000 0.000000000
     0.271270000 0.000000000 0.000000000 0.000000000 0.000000000 1.000000000 0.000000000
     0.110800000 0.000000000 0.000000000 0.000000000 0.000000000 0.000000000 1.000000000
$ P-TYPE FUNCTIONS
   13    5    0
  3285.800000000 0.000120620 0.000000000 0.000000000 0.000000000 0.000000000
   778.930000000 0.001058700 0.000004240 0.000000000 0.000000000 0.000000000
   252.760000000 0.00591910 -0.000007433 0.000000000 0.000000000 0.000000000
    95.100000000 0.025405000 0.000027726 0.000000000 0.000000000 0.000000000
    39.820000000 0.07785900 -0.000650280 0.000000000 0.000000000 0.000000000
    17.925000000 0.18578000 -0.001893300 0.000000000 0.000000000 0.000000000
     8.369900000 0.31347000 -0.010191000 0.000000000 0.000000000 0.000000000
     3.965500000 0.35718000 -0.007629100 0.000000000 0.000000000 0.000000000
     1.854000000 0.211790000 0.021032000 0.000000000 0.000000000 0.000000000
     0.819710000 0.000000000 0.243470000 0.000000000 0.000000000 0.000000000
     0.361170000 0.000000000 0.000000000 1.000000000 0.000000000 0.000000000
     0.150970000 0.000000000 0.000000000 0.000000000 1.000000000 0.000000000
     0.059620000 0.000000000 0.000000000 0.000000000 0.000000000 1.000000000
$ D-TYPE FUNCTIONS
    4    4    0
     8.760000000 1.000000000 0.000000000 0.000000000 0.000000000
     2.300000000 0.000000000 1.000000000 0.000000000 0.000000000
     0.680000000 0.000000000 0.000000000 1.000000000 0.000000000
     0.250000000 0.000000000 0.000000000 0.000000000 1.000000000
$ F-TYPE FUNCTIONS
    2    2    0
     1.530000000 1.000000000 0.000000000
     0.510000000 0.000000000 1.000000000
$ G-TYPE FUNCTIONS
    1    1    0
     0.790000000 1.000000000
a 17
$ CHLORINE     (17s,13p,4d,2f,1g) -> [6s,5p,4d,2f,1g]
$ S-TYPE FUNCTIONS
   17    6    0
 1461100.0000000 0.000011534 0.000000000 0.000000000 0.000000000 0.000000000 0.000000000
  219590.0000000 0.000089235 0.000000000 0.000000000 0.000000000 0.000000000 0.000000000
 50085.000000000 0.000468110 0.000000000 0.000000000 0.000000000 0.000000000 0.000000000
 14206.000000000 0.00196920 -0.000002709 0.000000000 0.000000000 0.000000000 0.000000000
  4638.900000000 0.00711120 -0.000004319 0.000002874 0.000000000 0.000000000 0.000000000
  1676.300000000 0.02262500 -0.000109070 0.000024949 0.000000000 0.000000000 0.000000000
   654.510000000 0.06348800 -0.000488530 0.000182720 0.000000000 0.000000000 0.000000000
   271.530000000 0.15173000 -0.003632700 0.001082100 0.000000000 0.000000000 0.000000000
   117.870000000 0.28826000 -0.014142000 0.004984600 0.000000000 0.000000000 0.000000000
    52.984000000 0.36113000 -0.046167000 0.015414000 0.000000000 0.000000000 0.000000000
    24.292000000 0.22303000 -0.050107000 0.021774000 0.000000000 0.000000000 0.000000000
    10.184000000 0.034031000 0.09999900 -0.048881000 0.000000000 0.000000000 0.000000000
     4.692800000 0.000000000 0.23750000 -0.218080000 0.000000000 0.000000000 0.000000000
     2.097400000 0.000000000 0.00000000 -0.274120000 0.000000000 0.000000000 0.000000000
     0.748670000 0.000000000 0.000000000 0.000000000 1.000000000 0.000000000 0.000000000
     0.336130000 0.000000000 0.000000000 0.000000000 0.000000000 1.000000000 0.000000000
     0.135730000 0.000000000 0.000000000 0.000000000 0.000000000 0.000000000 1.000000000
$ P-TYPE FUNCTIONS
   13    5    0
  3845.700000000 0.000116530 0.000000000 0.000000000 0.000000000 0.000000000
   911.230000000 0.001025000 0.000003576 0.000000000 0.000000000 0.000000000
   295.640000000 0.00574810 -0.000007777 0.000000000 0.000000000 0.000000000
   111.400000000 0.024700000 0.000006767 0.000000000 0.000000000 0.000000000
    46.767000000 0.07626300 -0.000693940 0.000000000 0.000000000 0.000000000
    21.106000000 0.18343000 -0.002256300 0.000000000 0.000000000 0.000000000
     9.905800000 0.31219000 -0.011018000 0.000000000 0.000000000 0.000000000
     4.734700000 0.35836000 -0.009366300 0.000000000 0.000000000 0.000000000
     2.236400000 0.211760000 0.025171000 0.000000000 0.000000000 0.000000000
     1.007100000 0.000000000 0.255740000 0.000000000 0.000000000 0.000000000
     0.443690000 0.000000000 0.000000000 1.000000000 0.000000000 0.000000000
     0.184880000 0.000000000 0.000000000 0.000000000 1.000000000 0.000000000
     0.073268000 0.000000000 0.000000000 0.000000000 0.000000000 1.000000000
$ D-TYPE FUNCTIONS
    4    4    0
     9.810000000 1.000000000 0.000000000 0.000000000 0.000000000
     2.580000000 0.000000000 1.000000000 0.000000000 0.000000000
     0.760000000 0.000000000 0.000000000 1.000000000 0.000000000
     0.280000000 0.000000000 0.000000000 0.000000000 1.000000000
$ F-TYPE FUNCTIONS
    2    2    0
     1.720000000 1.000000000 0.000000000
     0.570000000 0.000000000 1.000000000
$ G-TYPE FUNCTIONS
    1    1    0
     0.860000000 1.000000000
