$ Basis = pc-4

$ Elements supported
$ H C N O F Si P S Cl
$
$  REFERENCE
$ Elements                             References
$ --------                             ----------
$ H,C - F: F. Jensen, J. Chem. Phys. 115 (2001) 9113; 116 (2002) 3502.
$ Si - Cl: F. Jensen, T. Helgaker, J. Chem. Phys. 121 (2004) 3463
************************************************************************
a  1
$ HYDROGEN   (11s,6p,3d,2f,1g) -> [7s,6p,3d,2f,1g]
$ S-TYPE FUNCTIONS
   11    7    0
  3079.700000000 0.000023473 0.000000000 0.000000000 0.000000000 0.000000000 0.000000000
     0.000000000
   461.520000000 0.000182450 0.000000000 0.000000000 0.000000000 0.000000000 0.000000000
     0.000000000
   105.060000000 0.000959330 0.000000000 0.000000000 0.000000000 0.000000000 0.000000000
     0.000000000
    29.764000000 0.004046100 0.000000000 0.000000000 0.000000000 0.000000000 0.000000000
     0.000000000
     9.718300000 0.014607000 0.000000000 0.000000000 0.000000000 0.000000000 0.000000000
     0.000000000
     3.517900000 0.000000000 1.000000000 0.000000000 0.000000000 0.000000000 0.000000000
     0.000000000
     1.377000000 0.000000000 0.000000000 1.000000000 0.000000000 0.000000000 0.000000000
     0.000000000
     0.568310000 0.000000000 0.000000000 0.000000000 1.000000000 0.000000000 0.000000000
     0.000000000
     0.243410000 0.000000000 0.000000000 0.000000000 0.000000000 1.000000000 0.000000000
     0.000000000
     0.105050000 0.000000000 0.000000000 0.000000000 0.000000000 0.000000000 1.000000000
     0.000000000
     0.044198000 0.000000000 0.000000000 0.000000000 0.000000000 0.000000000 0.000000000
     1.000000000
$ P-TYPE FUNCTIONS
    6    6    0
    30.000000000 1.000000000 0.000000000 0.000000000 0.000000000 0.000000000 0.000000000
     6.600000000 0.000000000 1.000000000 0.000000000 0.000000000 0.000000000 0.000000000
     2.100000000 0.000000000 0.000000000 1.000000000 0.000000000 0.000000000 0.000000000
     0.950000000 0.000000000 0.000000000 0.000000000 1.000000000 0.000000000 0.000000000
     0.450000000 0.000000000 0.000000000 0.000000000 0.000000000 1.000000000 0.000000000
     0.150000000 0.000000000 0.000000000 0.000000000 0.000000000 0.000000000 1.000000000
$ D-TYPE FUNCTIONS
    3    3    0
     2.100000000 1.000000000 0.000000000 0.000000000
     0.700000000 0.000000000 1.000000000 0.000000000
     0.300000000 0.000000000 0.000000000 1.000000000
$ F-TYPE FUNCTIONS
    2    2    0
     2.500000000 1.000000000 0.000000000
     0.900000000 0.000000000 1.000000000
$ G-TYPE FUNCTIONS
    1    1    0
     3.200000000 1.000000000
a  6
$ CARBON       (18s,11p,6d,3f,2g,1h) -> [8s,7p,6d,3f,2g,1h]
$ S-TYPE FUNCTIONS
   18    8    0
  527780.0000000 0.000002966 0.000000000 0.000000000 0.000000000 0.000000000 0.000000000
       0.0000000 0.000000000
 79105.000000000 0.000023134 0.000000000 0.000000000 0.000000000 0.000000000 0.000000000
     0.000000000 0.000000000
 18006.000000000 0.000120910 0.000000000 0.000000000 0.000000000 0.000000000 0.000000000
     0.000000000 0.000000000
  5100.800000000 0.000514300 0.000000000 0.000000000 0.000000000 0.000000000 0.000000000
     0.000000000 0.000000000
  1664.700000000 0.001847100 0.000016830 0.000000000 0.000000000 0.000000000 0.000000000
     0.000000000 0.000000000
   601.660000000 0.006020900 0.000009808 0.000000000 0.000000000 0.000000000 0.000000000
     0.000000000 0.000000000
   235.400000000 0.017055000 0.000689200 0.000000000 0.000000000 0.000000000 0.000000000
     0.000000000 0.000000000
    98.263000000 0.044034000 0.002642800 0.000000000 0.000000000 0.000000000 0.000000000
     0.000000000 0.000000000
    43.269000000 0.089625000 0.019725000 0.000000000 0.000000000 0.000000000 0.000000000
     0.000000000 0.000000000
    19.858000000 0.148450000 0.066280000 0.000000000 0.000000000 0.000000000 0.000000000
     0.000000000 0.000000000
     9.569200000 0.069092000 0.267320000 0.000000000 0.000000000 0.000000000 0.000000000
     0.000000000 0.000000000
     4.937300000 0.000000000 0.336420000 0.000000000 0.000000000 0.000000000 0.000000000
     0.000000000 0.000000000
     2.668700000 0.000000000 0.000000000 1.000000000 0.000000000 0.000000000 0.000000000
     0.000000000 0.000000000
     1.467400000 0.000000000 0.000000000 0.000000000 1.000000000 0.000000000 0.000000000
     0.000000000 0.000000000
     0.638630000 0.000000000 0.000000000 0.000000000 0.000000000 1.000000000 0.000000000
     0.000000000 0.000000000
     0.302400000 0.000000000 0.000000000 0.000000000 0.000000000 0.000000000 1.000000000
     0.000000000 0.000000000
     0.141160000 0.000000000 0.000000000 0.000000000 0.000000000 0.000000000 0.000000000
     1.000000000 0.000000000
     0.063749000 0.000000000 0.000000000 0.000000000 0.000000000 0.000000000 0.000000000
     0.000000000 1.000000000
$ P-TYPE FUNCTIONS
   11    7    0
   382.210000000 0.000097576 0.000000000 0.000000000 0.000000000 0.000000000 0.000000000
     0.000000000
    90.489000000 0.000858640 0.000000000 0.000000000 0.000000000 0.000000000 0.000000000
     0.000000000
    28.871000000 0.004788200 0.000000000 0.000000000 0.000000000 0.000000000 0.000000000
     0.000000000
    10.385000000 0.020388000 0.000000000 0.000000000 0.000000000 0.000000000 0.000000000
     0.000000000
     4.497200000 0.050005000 0.000000000 0.000000000 0.000000000 0.000000000 0.000000000
     0.000000000
     2.027400000 0.000000000 1.000000000 0.000000000 0.000000000 0.000000000 0.000000000
     0.000000000
     0.951540000 0.000000000 0.000000000 1.000000000 0.000000000 0.000000000 0.000000000
     0.000000000
     0.448150000 0.000000000 0.000000000 0.000000000 1.000000000 0.000000000 0.000000000
     0.000000000
     0.207210000 0.000000000 0.000000000 0.000000000 0.000000000 1.000000000 0.000000000
     0.000000000
     0.094870000 0.000000000 0.000000000 0.000000000 0.000000000 0.000000000 1.000000000
     0.000000000
     0.040843000 0.000000000 0.000000000 0.000000000 0.000000000 0.000000000 0.000000000
     1.000000000
$ D-TYPE FUNCTIONS
    6    6    0
     8.400000000 1.000000000 0.000000000 0.000000000 0.000000000 0.000000000 0.000000000
     3.000000000 0.000000000 1.000000000 0.000000000 0.000000000 0.000000000 0.000000000
     1.200000000 0.000000000 0.000000000 1.000000000 0.000000000 0.000000000 0.000000000
     0.550000000 0.000000000 0.000000000 0.000000000 1.000000000 0.000000000 0.000000000
     0.250000000 0.000000000 0.000000000 0.000000000 0.000000000 1.000000000 0.000000000
     0.100000000 0.000000000 0.000000000 0.000000000 0.000000000 0.000000000 1.000000000
$ F-TYPE FUNCTIONS
    3    3    0
     2.100000000 1.000000000 0.000000000 0.000000000
     0.900000000 0.000000000 1.000000000 0.000000000
     0.400000000 0.000000000 0.000000000 1.000000000
$ G-TYPE FUNCTIONS
    2    2    0
     2.100000000 1.000000000 0.000000000
     0.900000000 0.000000000 1.000000000
$ H-TYPE FUNCTIONS
    1    1    0
     1.850000000 1.000000000
a  7
$ NITROGEN     (18s,11p,6d,3f,2g,1h) -> [8s,7p,6d,3f,2g,1h]
$ S-TYPE FUNCTIONS
   18    8    0
  894760.0000000 0.000002263 0.000000000 0.000000000 0.000000000 0.000000000 0.000000000
       0.0000000 0.000000000
  134830.0000000 0.000017541 0.000000000 0.000000000 0.000000000 0.000000000 0.000000000
       0.0000000 0.000000000
 30808.000000000 0.000091168 0.000000000 0.000000000 0.000000000 0.000000000 0.000000000
     0.000000000 0.000000000
  8751.500000000 0.000387400 0.000000000 0.000000000 0.000000000 0.000000000 0.000000000
     0.000000000 0.000000000
  2862.000000000 0.001387000 0.000013703 0.000000000 0.000000000 0.000000000 0.000000000
     0.000000000 0.000000000
  1035.300000000 0.00455030 -0.000014862 0.000000000 0.000000000 0.000000000 0.000000000
     0.000000000 0.000000000
   404.730000000 0.013009000 0.000481020 0.000000000 0.000000000 0.000000000 0.000000000
     0.000000000 0.000000000
   168.330000000 0.034696000 0.001538400 0.000000000 0.000000000 0.000000000 0.000000000
     0.000000000 0.000000000
    73.695000000 0.074804000 0.013555000 0.000000000 0.000000000 0.000000000 0.000000000
     0.000000000 0.000000000
    33.753000000 0.134570000 0.047311000 0.000000000 0.000000000 0.000000000 0.000000000
     0.000000000 0.000000000
    16.157000000 0.116720000 0.201600000 0.000000000 0.000000000 0.000000000 0.000000000
     0.000000000 0.000000000
     7.968800000 0.000000000 0.407130000 0.000000000 0.000000000 0.000000000 0.000000000
     0.000000000 0.000000000
     3.952100000 0.000000000 0.000000000 1.000000000 0.000000000 0.000000000 0.000000000
     0.000000000 0.000000000
     1.945400000 0.000000000 0.000000000 0.000000000 1.000000000 0.000000000 0.000000000
     0.000000000 0.000000000
     0.929290000 0.000000000 0.000000000 0.000000000 0.000000000 1.000000000 0.000000000
     0.000000000 0.000000000
     0.440850000 0.000000000 0.000000000 0.000000000 0.000000000 0.000000000 1.000000000
     0.000000000 0.000000000
     0.203400000 0.000000000 0.000000000 0.000000000 0.000000000 0.000000000 0.000000000
     1.000000000 0.000000000
     0.091226000 0.000000000 0.000000000 0.000000000 0.000000000 0.000000000 0.000000000
     0.000000000 1.000000000
$ P-TYPE FUNCTIONS
   11    7    0
   566.230000000 0.000092433 0.000000000 0.000000000 0.000000000 0.000000000 0.000000000
     0.000000000
   134.100000000 0.000808980 0.000000000 0.000000000 0.000000000 0.000000000 0.000000000
     0.000000000
    43.013000000 0.004546300 0.000000000 0.000000000 0.000000000 0.000000000 0.000000000
     0.000000000
    15.612000000 0.019622000 0.000000000 0.000000000 0.000000000 0.000000000 0.000000000
     0.000000000
     6.642700000 0.051754000 0.000000000 0.000000000 0.000000000 0.000000000 0.000000000
     0.000000000
     2.974800000 0.000000000 1.000000000 0.000000000 0.000000000 0.000000000 0.000000000
     0.000000000
     1.388500000 0.000000000 0.000000000 1.000000000 0.000000000 0.000000000 0.000000000
     0.000000000
     0.650120000 0.000000000 0.000000000 0.000000000 1.000000000 0.000000000 0.000000000
     0.000000000
     0.300280000 0.000000000 0.000000000 0.000000000 0.000000000 1.000000000 0.000000000
     0.000000000
     0.136200000 0.000000000 0.000000000 0.000000000 0.000000000 0.000000000 1.000000000
     0.000000000
     0.057845000 0.000000000 0.000000000 0.000000000 0.000000000 0.000000000 0.000000000
     1.000000000
$ D-TYPE FUNCTIONS
    6    6    0
    12.800000000 1.000000000 0.000000000 0.000000000 0.000000000 0.000000000 0.000000000
     4.400000000 0.000000000 1.000000000 0.000000000 0.000000000 0.000000000 0.000000000
     1.750000000 0.000000000 0.000000000 1.000000000 0.000000000 0.000000000 0.000000000
     0.800000000 0.000000000 0.000000000 0.000000000 1.000000000 0.000000000 0.000000000
     0.370000000 0.000000000 0.000000000 0.000000000 0.000000000 1.000000000 0.000000000
     0.150000000 0.000000000 0.000000000 0.000000000 0.000000000 0.000000000 1.000000000
$ F-TYPE FUNCTIONS
    3    3    0
     2.300000000 1.000000000 0.000000000 0.000000000
     1.000000000 0.000000000 1.000000000 0.000000000
     0.450000000 0.000000000 0.000000000 1.000000000
$ G-TYPE FUNCTIONS
    2    2    0
     2.550000000 1.000000000 0.000000000
     1.100000000 0.000000000 1.000000000
$ H-TYPE FUNCTIONS
    1    1    0
     1.950000000 1.000000000
a  8
$ OXYGEN       (18s,11p,6d,3f,2g,1h) -> [8s,7p,6d,3f,2g,1h]
$ S-TYPE FUNCTIONS
   18    8    0
 1259700.0000000 0.000002068 0.000000000 0.000000000 0.000000000 0.000000000 0.000000000
       0.0000000 0.000000000
  190110.0000000 0.000015946 0.000000000 0.000000000 0.000000000 0.000000000 0.000000000
       0.0000000 0.000000000
 43449.000000000 0.000083352 0.000000000 0.000000000 0.000000000 0.000000000 0.000000000
     0.000000000 0.000000000
 12342.000000000 0.000351680 0.000000000 0.000000000 0.000000000 0.000000000 0.000000000
     0.000000000 0.000000000
  4035.000000000 0.001272000 0.000006215 0.000000000 0.000000000 0.000000000 0.000000000
     0.000000000 0.000000000
  1459.700000000 0.004125600 0.000027247 0.000000000 0.000000000 0.000000000 0.000000000
     0.000000000 0.000000000
   570.660000000 0.011983000 0.000335520 0.000000000 0.000000000 0.000000000 0.000000000
     0.000000000 0.000000000
   237.500000000 0.031496000 0.001796000 0.000000000 0.000000000 0.000000000 0.000000000
     0.000000000 0.000000000
   104.110000000 0.070151000 0.011237000 0.000000000 0.000000000 0.000000000 0.000000000
     0.000000000 0.000000000
    47.581000000 0.126670000 0.046776000 0.000000000 0.000000000 0.000000000 0.000000000
     0.000000000 0.000000000
    22.546000000 0.120610000 0.190540000 0.000000000 0.000000000 0.000000000 0.000000000
     0.000000000 0.000000000
    11.093000000 0.000000000 0.405190000 0.000000000 0.000000000 0.000000000 0.000000000
     0.000000000 0.000000000
     5.540900000 0.000000000 0.000000000 1.000000000 0.000000000 0.000000000 0.000000000
     0.000000000 0.000000000
     2.779400000 0.000000000 0.000000000 0.000000000 1.000000000 0.000000000 0.000000000
     0.000000000 0.000000000
     1.283700000 0.000000000 0.000000000 0.000000000 0.000000000 1.000000000 0.000000000
     0.000000000 0.000000000
     0.596490000 0.000000000 0.000000000 0.000000000 0.000000000 0.000000000 1.000000000
     0.000000000 0.000000000
     0.270570000 0.000000000 0.000000000 0.000000000 0.000000000 0.000000000 0.000000000
     1.000000000 0.000000000
     0.120280000 0.000000000 0.000000000 0.000000000 0.000000000 0.000000000 0.000000000
     0.000000000 1.000000000
$ P-TYPE FUNCTIONS
   11    7    0
   708.610000000 0.000104330 0.000000000 0.000000000 0.000000000 0.000000000 0.000000000
     0.000000000
   167.860000000 0.000911740 0.000000000 0.000000000 0.000000000 0.000000000 0.000000000
     0.000000000
    53.967000000 0.005088600 0.000000000 0.000000000 0.000000000 0.000000000 0.000000000
     0.000000000
    19.807000000 0.021544000 0.000000000 0.000000000 0.000000000 0.000000000 0.000000000
     0.000000000
     8.383200000 0.058879000 0.000000000 0.000000000 0.000000000 0.000000000 0.000000000
     0.000000000
     3.744700000 0.000000000 1.000000000 0.000000000 0.000000000 0.000000000 0.000000000
     0.000000000
     1.732200000 0.000000000 0.000000000 1.000000000 0.000000000 0.000000000 0.000000000
     0.000000000
     0.799770000 0.000000000 0.000000000 0.000000000 1.000000000 0.000000000 0.000000000
     0.000000000
     0.363230000 0.000000000 0.000000000 0.000000000 0.000000000 1.000000000 0.000000000
     0.000000000
     0.159630000 0.000000000 0.000000000 0.000000000 0.000000000 0.000000000 1.000000000
     0.000000000
     0.065664000 0.000000000 0.000000000 0.000000000 0.000000000 0.000000000 0.000000000
     1.000000000
$ D-TYPE FUNCTIONS
    6    6    0
    18.200000000 1.000000000 0.000000000 0.000000000 0.000000000 0.000000000 0.000000000
     6.000000000 0.000000000 1.000000000 0.000000000 0.000000000 0.000000000 0.000000000
     2.400000000 0.000000000 0.000000000 1.000000000 0.000000000 0.000000000 0.000000000
     1.100000000 0.000000000 0.000000000 0.000000000 1.000000000 0.000000000 0.000000000
     0.500000000 0.000000000 0.000000000 0.000000000 0.000000000 1.000000000 0.000000000
     0.200000000 0.000000000 0.000000000 0.000000000 0.000000000 0.000000000 1.000000000
$ F-TYPE FUNCTIONS
    3    3    0
     2.600000000 1.000000000 0.000000000 0.000000000
     1.150000000 0.000000000 1.000000000 0.000000000
     0.500000000 0.000000000 0.000000000 1.000000000
$ G-TYPE FUNCTIONS
    2    2    0
     3.050000000 1.000000000 0.000000000
     1.300000000 0.000000000 1.000000000
$ H-TYPE FUNCTIONS
    1    1    0
     2.050000000 1.000000000
a  9
$ FLUORINE     (18s,11p,6d,3f,2g,1h) -> [8s,7p,6d,3f,2g,1h]
$ S-TYPE FUNCTIONS
   18    8    0
 1856000.0000000 0.000001717 0.000000000 0.000000000 0.000000000 0.000000000 0.000000000
       0.0000000 0.000000000
  280070.0000000 0.000013237 0.000000000 0.000000000 0.000000000 0.000000000 0.000000000
       0.0000000 0.000000000
 64078.000000000 0.000069031 0.000000000 0.000000000 0.000000000 0.000000000 0.000000000
     0.000000000 0.000000000
 18216.000000000 0.000291410 0.000000000 0.000000000 0.000000000 0.000000000 0.000000000
     0.000000000 0.000000000
  5957.800000000 0.001052800 0.000005209 0.000000000 0.000000000 0.000000000 0.000000000
     0.000000000 0.000000000
  2155.000000000 0.003426700 0.000014902 0.000000000 0.000000000 0.000000000 0.000000000
     0.000000000 0.000000000
   841.960000000 0.009977300 0.000258570 0.000000000 0.000000000 0.000000000 0.000000000
     0.000000000 0.000000000
   349.820000000 0.026593000 0.001283800 0.000000000 0.000000000 0.000000000 0.000000000
     0.000000000 0.000000000
   152.790000000 0.060475000 0.008736400 0.000000000 0.000000000 0.000000000 0.000000000
     0.000000000 0.000000000
    69.367000000 0.114490000 0.036990000 0.000000000 0.000000000 0.000000000 0.000000000
     0.000000000 0.000000000
    32.574000000 0.115540000 0.161800000 0.000000000 0.000000000 0.000000000 0.000000000
     0.000000000 0.000000000
    15.889000000 0.000000000 0.375070000 0.000000000 0.000000000 0.000000000 0.000000000
     0.000000000 0.000000000
     7.865100000 0.000000000 0.000000000 1.000000000 0.000000000 0.000000000 0.000000000
     0.000000000 0.000000000
     3.919900000 0.000000000 0.000000000 0.000000000 1.000000000 0.000000000 0.000000000
     0.000000000 0.000000000
     1.786100000 0.000000000 0.000000000 0.000000000 0.000000000 1.000000000 0.000000000
     0.000000000 0.000000000
     0.820650000 0.000000000 0.000000000 0.000000000 0.000000000 0.000000000 1.000000000
     0.000000000 0.000000000
     0.369370000 0.000000000 0.000000000 0.000000000 0.000000000 0.000000000 0.000000000
     1.000000000 0.000000000
     0.161980000 0.000000000 0.000000000 0.000000000 0.000000000 0.000000000 0.000000000
     0.000000000 1.000000000
$ P-TYPE FUNCTIONS
   11    7    0
   917.890000000 0.000104300 0.000000000 0.000000000 0.000000000 0.000000000 0.000000000
     0.000000000
   217.410000000 0.000914360 0.000000000 0.000000000 0.000000000 0.000000000 0.000000000
     0.000000000
    69.939000000 0.005114200 0.000000000 0.000000000 0.000000000 0.000000000 0.000000000
     0.000000000
    25.831000000 0.021545000 0.000000000 0.000000000 0.000000000 0.000000000 0.000000000
     0.000000000
    10.969000000 0.059682000 0.000000000 0.000000000 0.000000000 0.000000000 0.000000000
     0.000000000
     4.921500000 0.000000000 1.000000000 0.000000000 0.000000000 0.000000000 0.000000000
     0.000000000
     2.283900000 0.000000000 0.000000000 1.000000000 0.000000000 0.000000000 0.000000000
     0.000000000
     1.057900000 0.000000000 0.000000000 0.000000000 1.000000000 0.000000000 0.000000000
     0.000000000
     0.481350000 0.000000000 0.000000000 0.000000000 0.000000000 1.000000000 0.000000000
     0.000000000
     0.209020000 0.000000000 0.000000000 0.000000000 0.000000000 0.000000000 1.000000000
     0.000000000
     0.085556000 0.000000000 0.000000000 0.000000000 0.000000000 0.000000000 0.000000000
     1.000000000
$ D-TYPE FUNCTIONS
    6    6    0
    25.500000000 1.000000000 0.000000000 0.000000000 0.000000000 0.000000000 0.000000000
     8.000000000 0.000000000 1.000000000 0.000000000 0.000000000 0.000000000 0.000000000
     3.200000000 0.000000000 0.000000000 1.000000000 0.000000000 0.000000000 0.000000000
     1.450000000 0.000000000 0.000000000 0.000000000 1.000000000 0.000000000 0.000000000
     0.650000000 0.000000000 0.000000000 0.000000000 0.000000000 1.000000000 0.000000000
     0.250000000 0.000000000 0.000000000 0.000000000 0.000000000 0.000000000 1.000000000
$ F-TYPE FUNCTIONS
    3    3    0
     3.100000000 1.000000000 0.000000000 0.000000000
     1.350000000 0.000000000 1.000000000 0.000000000
     0.600000000 0.000000000 0.000000000 1.000000000
$ G-TYPE FUNCTIONS
    2    2    0
     3.600000000 1.000000000 0.000000000
     1.550000000 0.000000000 1.000000000
$ H-TYPE FUNCTIONS
    1    1    0
     2.150000000 1.000000000
a 14
$ SILICON      (20s,16p,6d,3f,2g,1h) -> [7s,6p,6d,3f,2g,1h]
$ S-TYPE FUNCTIONS
   20    7    0
  719010.0000000 0.000012134 0.000000000 0.000000000 0.000000000 0.000000000 0.000000000
       0.0000000
  169990.0000000 0.000060969 0.000000000 0.000000000 0.000000000 0.000000000 0.000000000
       0.0000000
 49400.000000000 0.000251240 0.000000000 0.000000000 0.000000000 0.000000000 0.000000000
     0.000000000
 16385.000000000 0.000900880 0.000000000 0.000000000 0.000000000 0.000000000 0.000000000
     0.000000000
  5985.400000000 0.002903900 0.000000000 0.000000000 0.000000000 0.000000000 0.000000000
     0.000000000
  2354.100000000 0.008585200 0.000004217 -.000057997 0.000000000 0.000000000 0.000000000
     0.000000000
   981.400000000 0.023421000 0.000020469 -.000377360 0.000000000 0.000000000 0.000000000
     0.000000000
   428.900000000 0.058422000 0.00014261 -0.002193300 0.000000000 0.000000000 0.000000000
     0.000000000
   194.540000000 0.129770000 0.00063795 -0.010675000 0.000000000 0.000000000 0.000000000
     0.000000000
    90.777000000 0.240370000 0.00286640 -0.045499000 0.000000000 0.000000000 0.000000000
     0.000000000
    43.715000000 0.324800000 0.00756950 -0.125870000 0.000000000 0.000000000 0.000000000
     0.000000000
    21.491000000 0.266840000 0.01547300 -0.250510000 0.000000000 0.000000000 0.000000000
     0.000000000
    10.669000000 0.09132400 -0.001591300 0.010433000 0.000000000 0.000000000 0.000000000
     0.000000000
     4.888200000 0.00534240 -0.046344000 0.861600000 0.000000000 0.000000000 0.000000000
     0.000000000
     2.336100000 0.00000000 -0.060218000 1.436700000 0.000000000 0.000000000 0.000000000
     0.000000000
     1.096700000 0.000000000 0.000000000 0.767210000 0.000000000 0.000000000 0.000000000
     0.000000000
     0.423120000 0.000000000 0.000000000 0.000000000 1.000000000 0.000000000 0.000000000
     0.000000000
     0.242760000 0.000000000 0.000000000 0.000000000 0.000000000 1.000000000 0.000000000
     0.000000000
     0.117030000 0.000000000 0.000000000 0.000000000 0.000000000 0.000000000 1.000000000
     0.000000000
     0.052861000 0.000000000 0.000000000 0.000000000 0.000000000 0.000000000 0.000000000
     1.000000000
$ P-TYPE FUNCTIONS
   16    6    0
  6453.300000000 0.000021653 0.000000000 0.000000000 0.000000000 0.000000000 0.000000000
  1533.900000000 0.000191620 0.000000000 0.000000000 0.000000000 0.000000000 0.000000000
   498.380000000 0.001114300 0.000000000 0.000000000 0.000000000 0.000000000 0.000000000
   188.980000000 0.005083000 0.000019921 0.000000000 0.000000000 0.000000000 0.000000000
    77.887000000 0.01926900 -0.000038970 0.000000000 0.000000000 0.000000000 0.000000000
    35.514000000 0.053091000 0.000063327 0.000000000 0.000000000 0.000000000 0.000000000
    17.016000000 0.12639000 -0.001405700 0.000000000 0.000000000 0.000000000 0.000000000
     8.497700000 0.22312000 -0.001208000 0.000000000 0.000000000 0.000000000 0.000000000
     4.354400000 0.29854000 -0.011390000 0.000000000 0.000000000 0.000000000 0.000000000
     2.257500000 0.286510000 0.004607900 0.000000000 0.000000000 0.000000000 0.000000000
     1.159700000 0.17168000 -0.000576880 0.000000000 0.000000000 0.000000000 0.000000000
     0.593430000 0.000000000 0.131740000 0.000000000 0.000000000 0.000000000 0.000000000
     0.290120000 0.000000000 0.000000000 1.000000000 0.000000000 0.000000000 0.000000000
     0.138250000 0.000000000 0.000000000 0.000000000 1.000000000 0.000000000 0.000000000
     0.064594000 0.000000000 0.000000000 0.000000000 0.000000000 1.000000000 0.000000000
     0.028354000 0.000000000 0.000000000 0.000000000 0.000000000 0.000000000 1.000000000
$ D-TYPE FUNCTIONS
    6    6    0
    19.520000000 1.000000000 0.000000000 0.000000000 0.000000000 0.000000000 0.000000000
     5.580000000 0.000000000 1.000000000 0.000000000 0.000000000 0.000000000 0.000000000
     1.920000000 0.000000000 0.000000000 1.000000000 0.000000000 0.000000000 0.000000000
     0.690000000 0.000000000 0.000000000 0.000000000 1.000000000 0.000000000 0.000000000
     0.299000000 0.000000000 0.000000000 0.000000000 0.000000000 1.000000000 0.000000000
     0.125000000 0.000000000 0.000000000 0.000000000 0.000000000 0.000000000 1.000000000
$ F-TYPE FUNCTIONS
    3    3    0
     2.640000000 1.000000000 0.000000000 0.000000000
     0.620000000 0.000000000 1.000000000 0.000000000
     0.260000000 0.000000000 0.000000000 1.000000000
$ G-TYPE FUNCTIONS
    2    2    0
     1.350000000 1.000000000 0.000000000
     0.450000000 0.000000000 1.000000000
$ H-TYPE FUNCTIONS
    1    1    0
     0.780000000 1.000000000
a 15
$ PHOSPHORUS   (20s,16p,6d,3f,2g,1h) -> [7s,6p,6d,3f,2g,1h]
$ S-TYPE FUNCTIONS
   20    7    0
  822130.0000000 0.000012207 0.000000000 0.000000000 0.000000000 0.000000000 0.000000000
       0.0000000
  194250.0000000 0.000061440 0.000000000 0.000000000 0.000000000 0.000000000 0.000000000
       0.0000000
 56424.000000000 0.000253220 0.000000000 0.000000000 0.000000000 0.000000000 0.000000000
     0.000000000
 18716.000000000 0.000907520 0.000000000 0.000000000 0.000000000 0.000000000 0.000000000
     0.000000000
  6839.300000000 0.002923000 0.000000000 0.000000000 0.000000000 0.000000000 0.000000000
     0.000000000
  2693.100000000 0.008613800 0.000003678 -.000075718 0.000000000 0.000000000 0.000000000
     0.000000000
  1126.500000000 0.023329000 0.000016467 -.000480330 0.000000000 0.000000000 0.000000000
     0.000000000
   495.210000000 0.057641000 0.00011861 -0.002773100 0.000000000 0.000000000 0.000000000
     0.000000000
   226.380000000 0.126940000 0.00050936 -0.013224000 0.000000000 0.000000000 0.000000000
     0.000000000
   106.620000000 0.234080000 0.00229390 -0.055695000 0.000000000 0.000000000 0.000000000
     0.000000000
    51.905000000 0.318050000 0.00595030 -0.153130000 0.000000000 0.000000000 0.000000000
     0.000000000
    25.851000000 0.270020000 0.01253200 -0.310550000 0.000000000 0.000000000 0.000000000
     0.000000000
    13.022000000 0.101970000 0.00034088 -0.034248000 0.000000000 0.000000000 0.000000000
     0.000000000
     6.056800000 0.00808990 -0.033461000 0.976840000 0.000000000 0.000000000 0.000000000
     0.000000000
     2.957400000 0.00000000 -0.050380000 1.817900000 0.000000000 0.000000000 0.000000000
     0.000000000
     1.407800000 0.000000000 0.000000000 1.073000000 0.000000000 0.000000000 0.000000000
     0.000000000
     0.571870000 0.000000000 0.000000000 0.000000000 1.000000000 0.000000000 0.000000000
     0.000000000
     0.310780000 0.000000000 0.000000000 0.000000000 0.000000000 1.000000000 0.000000000
     0.000000000
     0.149470000 0.000000000 0.000000000 0.000000000 0.000000000 0.000000000 1.000000000
     0.000000000
     0.068313000 0.000000000 0.000000000 0.000000000 0.000000000 0.000000000 0.000000000
     1.000000000
$ P-TYPE FUNCTIONS
   16    6    0
  7748.600000000 0.000020870 0.000000000 0.000000000 0.000000000 0.000000000 0.000000000
  1833.600000000 0.000185960 0.000000000 0.000000000 0.000000000 0.000000000 0.000000000
   595.550000000 0.001079900 0.000000000 0.000000000 0.000000000 0.000000000 0.000000000
   226.610000000 0.004894600 0.000015973 0.000000000 0.000000000 0.000000000 0.000000000
    94.191000000 0.01832000 -0.000047396 0.000000000 0.000000000 0.000000000 0.000000000
    43.332000000 0.050669000 0.000000000 0.000000000 0.000000000 0.000000000 0.000000000
    20.907000000 0.12156000 -0.001583200 0.000000000 0.000000000 0.000000000 0.000000000
    10.502000000 0.21931000 -0.001811700 0.000000000 0.000000000 0.000000000 0.000000000
     5.425500000 0.29640000 -0.013465000 0.000000000 0.000000000 0.000000000 0.000000000
     2.881800000 0.281790000 0.006150300 0.000000000 0.000000000 0.000000000 0.000000000
     1.528400000 0.17853000 -0.007144400 0.000000000 0.000000000 0.000000000 0.000000000
     0.810810000 0.000000000 0.143150000 0.000000000 0.000000000 0.000000000 0.000000000
     0.390280000 0.000000000 0.000000000 1.000000000 0.000000000 0.000000000 0.000000000
     0.186450000 0.000000000 0.000000000 0.000000000 1.000000000 0.000000000 0.000000000
     0.087567000 0.000000000 0.000000000 0.000000000 0.000000000 1.000000000 0.000000000
     0.038673000 0.000000000 0.000000000 0.000000000 0.000000000 0.000000000 1.000000000
$ D-TYPE FUNCTIONS
    6    6    0
    21.230000000 1.000000000 0.000000000 0.000000000 0.000000000 0.000000000 0.000000000
     6.070000000 0.000000000 1.000000000 0.000000000 0.000000000 0.000000000 0.000000000
     2.090000000 0.000000000 0.000000000 1.000000000 0.000000000 0.000000000 0.000000000
     0.750000000 0.000000000 0.000000000 0.000000000 1.000000000 0.000000000 0.000000000
     0.325000000 0.000000000 0.000000000 0.000000000 0.000000000 1.000000000 0.000000000
     0.135000000 0.000000000 0.000000000 0.000000000 0.000000000 0.000000000 1.000000000
$ F-TYPE FUNCTIONS
    3    3    0
     3.120000000 1.000000000 0.000000000 0.000000000
     0.730000000 0.000000000 1.000000000 0.000000000
     0.300000000 0.000000000 0.000000000 1.000000000
$ G-TYPE FUNCTIONS
    2    2    0
     1.550000000 1.000000000 0.000000000
     0.520000000 0.000000000 1.000000000
$ H-TYPE FUNCTIONS
    1    1    0
     0.870000000 1.000000000
a 16
$ SULFUR       (20s,16p,6d,3f,2g,1h) -> [7s,6p,6d,3f,2g,1h]
$ S-TYPE FUNCTIONS
   20    7    0
  983890.0000000 0.000011563 0.000000000 0.000000000 0.000000000 0.000000000 0.000000000
       0.0000000
  229770.0000000 0.000059017 0.000000000 0.000000000 0.000000000 0.000000000 0.000000000
       0.0000000
 66276.000000000 0.000244740 0.000000000 0.000000000 0.000000000 0.000000000 0.000000000
     0.000000000
 21884.000000000 0.000881590 0.000000000 0.000000000 0.000000000 0.000000000 0.000000000
     0.000000000
  7969.600000000 0.002849400 0.000000000 0.000000000 0.000000000 0.000000000 0.000000000
     0.000000000
  3129.900000000 0.008427300 0.000003412 -.000084316 0.000000000 0.000000000 0.000000000
     0.000000000
  1305.200000000 0.022951000 0.000015187 -.000548370 0.000000000 0.000000000 0.000000000
     0.000000000
   571.700000000 0.057038000 0.00011093 -0.003157400 0.000000000 0.000000000 0.000000000
     0.000000000
   260.580000000 0.126160000 0.00047967 -0.015292000 0.000000000 0.000000000 0.000000000
     0.000000000
   122.480000000 0.233730000 0.00216820 -0.064288000 0.000000000 0.000000000 0.000000000
     0.000000000
    59.518000000 0.318830000 0.00569080 -0.179690000 0.000000000 0.000000000 0.000000000
     0.000000000
    29.627000000 0.270980000 0.01191500 -0.360550000 0.000000000 0.000000000 0.000000000
     0.000000000
    14.943000000 0.102170000 0.00027168 -0.042524000 0.000000000 0.000000000 0.000000000
     0.000000000
     7.047900000 0.00813260 -0.030365000 1.107500000 0.000000000 0.000000000 0.000000000
     0.000000000
     3.504000000 0.00000000 -0.047588000 2.078400000 0.000000000 0.000000000 0.000000000
     0.000000000
     1.699700000 0.000000000 0.000000000 1.239600000 0.000000000 0.000000000 0.000000000
     0.000000000
     0.731010000 0.000000000 0.000000000 0.000000000 1.000000000 0.000000000 0.000000000
     0.000000000
     0.379480000 0.000000000 0.000000000 0.000000000 0.000000000 1.000000000 0.000000000
     0.000000000
     0.181850000 0.000000000 0.000000000 0.000000000 0.000000000 0.000000000 1.000000000
     0.000000000
     0.083961000 0.000000000 0.000000000 0.000000000 0.000000000 0.000000000 0.000000000
     1.000000000
$ P-TYPE FUNCTIONS
   16    6    0
  9341.400000000 0.000019493 0.000000000 0.000000000 0.000000000 0.000000000 0.000000000
  2208.600000000 0.000174320 0.000000000 0.000000000 0.000000000 0.000000000 0.000000000
   716.270000000 0.001016100 0.000000000 0.000000000 0.000000000 0.000000000 0.000000000
   272.510000000 0.004617200 0.000010626 0.000000000 0.000000000 0.000000000 0.000000000
   113.770000000 0.01716300 -0.000050176 0.000000000 0.000000000 0.000000000 0.000000000
    52.571000000 0.04813200 -0.000078047 0.000000000 0.000000000 0.000000000 0.000000000
    25.397000000 0.11704000 -0.001618800 0.000000000 0.000000000 0.000000000 0.000000000
    12.770000000 0.21602000 -0.002655100 0.000000000 0.000000000 0.000000000 0.000000000
     6.622400000 0.29528000 -0.013777000 0.000000000 0.000000000 0.000000000 0.000000000
     3.538800000 0.288250000 0.002424600 0.000000000 0.000000000 0.000000000 0.000000000
     1.875600000 0.179820000 0.000585720 0.000000000 0.000000000 0.000000000 0.000000000
     0.990180000 0.000000000 0.165180000 0.000000000 0.000000000 0.000000000 0.000000000
     0.477230000 0.000000000 0.000000000 1.000000000 0.000000000 0.000000000 0.000000000
     0.226920000 0.000000000 0.000000000 0.000000000 1.000000000 0.000000000 0.000000000
     0.104730000 0.000000000 0.000000000 0.000000000 0.000000000 1.000000000 0.000000000
     0.045303000 0.000000000 0.000000000 0.000000000 0.000000000 0.000000000 1.000000000
$ D-TYPE FUNCTIONS
    6    6    0
    22.930000000 1.000000000 0.000000000 0.000000000 0.000000000 0.000000000 0.000000000
     6.550000000 0.000000000 1.000000000 0.000000000 0.000000000 0.000000000 0.000000000
     2.260000000 0.000000000 0.000000000 1.000000000 0.000000000 0.000000000 0.000000000
     0.810000000 0.000000000 0.000000000 0.000000000 1.000000000 0.000000000 0.000000000
     0.351000000 0.000000000 0.000000000 0.000000000 0.000000000 1.000000000 0.000000000
     0.146000000 0.000000000 0.000000000 0.000000000 0.000000000 0.000000000 1.000000000
$ F-TYPE FUNCTIONS
    3    3    0
     3.590000000 1.000000000 0.000000000 0.000000000
     0.840000000 0.000000000 1.000000000 0.000000000
     0.350000000 0.000000000 0.000000000 1.000000000
$ G-TYPE FUNCTIONS
    2    2    0
     1.760000000 1.000000000 0.000000000
     0.590000000 0.000000000 1.000000000
$ H-TYPE FUNCTIONS
    1    1    0
     0.950000000 1.000000000
a 17
$ CHLORINE     (20s,16p,6d,3f,2g,1h) -> [7s,6p,6d,3f,2g,1h]
$ S-TYPE FUNCTIONS
   20    7    0
 1141100.0000000 0.000011243 0.000000000 0.000000000 0.000000000 0.000000000 0.000000000
       0.0000000
  264430.0000000 0.000058000 0.000000000 0.000000000 0.000000000 0.000000000 0.000000000
       0.0000000
 75791.000000000 0.000242150 0.000000000 0.000000000 0.000000000 0.000000000 0.000000000
     0.000000000
 24925.000000000 0.000875500 0.000000000 0.000000000 0.000000000 0.000000000 0.000000000
     0.000000000
  9052.600000000 0.002837600 0.000000000 0.000000000 0.000000000 0.000000000 0.000000000
     0.000000000
  3548.100000000 0.008408600 0.000005817 -.000058469 0.000000000 0.000000000 0.000000000
     0.000000000
  1478.000000000 0.022906000 0.000026634 -.000378030 0.000000000 0.000000000 0.000000000
     0.000000000
   647.350000000 0.056895000 0.00019172 -0.002188100 0.000000000 0.000000000 0.000000000
     0.000000000
   295.330000000 0.125690000 0.00083597 -0.010582000 0.000000000 0.000000000 0.000000000
     0.000000000
   138.980000000 0.233270000 0.00375020 -0.044410000 0.000000000 0.000000000 0.000000000
     0.000000000
    67.549000000 0.318940000 0.00994950 -0.124910000 0.000000000 0.000000000 0.000000000
     0.000000000
    33.661000000 0.271170000 0.02064000 -0.248770000 0.000000000 0.000000000 0.000000000
     0.000000000
    17.027000000 0.102470000 0.00052063 -0.029947000 0.000000000 0.000000000 0.000000000
     0.000000000
     8.150400000 0.00830670 -0.050048000 0.728810000 0.000000000 0.000000000 0.000000000
     0.000000000
     4.131900000 0.00000000 -0.083332000 1.374300000 0.000000000 0.000000000 0.000000000
     0.000000000
     2.045700000 0.000000000 0.000000000 0.786850000 0.000000000 0.000000000 0.000000000
     0.000000000
     0.940290000 0.000000000 0.000000000 0.000000000 1.000000000 0.000000000 0.000000000
     0.000000000
     0.469010000 0.000000000 0.000000000 0.000000000 0.000000000 1.000000000 0.000000000
     0.000000000
     0.222190000 0.000000000 0.000000000 0.000000000 0.000000000 0.000000000 1.000000000
     0.000000000
     0.102200000 0.000000000 0.000000000 0.000000000 0.000000000 0.000000000 0.000000000
     1.000000000
$ P-TYPE FUNCTIONS
   16    6    0
 11035.000000000 0.000018514 0.000000000 0.000000000 0.000000000 0.000000000 0.000000000
  2611.500000000 0.000165270 0.000000000 0.000000000 0.000000000 0.000000000 0.000000000
   848.020000000 0.000962330 0.000000000 0.000000000 0.000000000 0.000000000 0.000000000
   323.000000000 0.004377700 0.000009201 0.000000000 0.000000000 0.000000000 0.000000000
   135.330000000 0.01621800 -0.000051118 0.000000000 0.000000000 0.000000000 0.000000000
    62.684000000 0.04610400 -0.000105970 0.000000000 0.000000000 0.000000000 0.000000000
    30.298000000 0.11348000 -0.001668900 0.000000000 0.000000000 0.000000000 0.000000000
    15.240000000 0.21353000 -0.003099800 0.000000000 0.000000000 0.000000000 0.000000000
     7.925900000 0.29438000 -0.014628000 0.000000000 0.000000000 0.000000000 0.000000000
     4.285300000 0.287780000 0.001234500 0.000000000 0.000000000 0.000000000 0.000000000
     2.304300000 0.182690000 0.001531500 0.000000000 0.000000000 0.000000000 0.000000000
     1.235700000 0.000000000 0.169930000 0.000000000 0.000000000 0.000000000 0.000000000
     0.600210000 0.000000000 0.000000000 1.000000000 0.000000000 0.000000000 0.000000000
     0.287390000 0.000000000 0.000000000 0.000000000 1.000000000 0.000000000 0.000000000
     0.131850000 0.000000000 0.000000000 0.000000000 0.000000000 1.000000000 0.000000000
     0.056970000 0.000000000 0.000000000 0.000000000 0.000000000 0.000000000 1.000000000
$ D-TYPE FUNCTIONS
    6    6    0
    24.630000000 1.000000000 0.000000000 0.000000000 0.000000000 0.000000000 0.000000000
     7.040000000 0.000000000 1.000000000 0.000000000 0.000000000 0.000000000 0.000000000
     2.430000000 0.000000000 0.000000000 1.000000000 0.000000000 0.000000000 0.000000000
     0.870000000 0.000000000 0.000000000 0.000000000 1.000000000 0.000000000 0.000000000
     0.377000000 0.000000000 0.000000000 0.000000000 0.000000000 1.000000000 0.000000000
     0.157000000 0.000000000 0.000000000 0.000000000 0.000000000 0.000000000 1.000000000
$ F-TYPE FUNCTIONS
    3    3    0
     4.060000000 1.000000000 0.000000000 0.000000000
     0.950000000 0.000000000 1.000000000 0.000000000
     0.390000000 0.000000000 0.000000000 1.000000000
$ G-TYPE FUNCTIONS
    2    2    0
     1.970000000 1.000000000 0.000000000
     0.660000000 0.000000000 1.000000000
$ H-TYPE FUNCTIONS
    1    1    0
     1.040000000 1.000000000
