$  SDB-cc-pVTZ  EMSL  Basis Set Exchange Library   9/29/10 2:14 AM
$ Elements                             References
$ --------                             ----------
$ Ga - Kr: J.M.L. Martin and A. Sundermann, J. Chem. Phys. 114, 3408 (2001).
$ In - Xe:
$
a  31
$ GALLIUM       (14s,10p,2d,1f) -> [3s,3p,2d,1f]
$ GALLIUM       (14s,10p,2d,1f)->[3s,3p,2d,1f]
$ S-TYPE FUNCTIONS
   14    3    0
   183.68129900  0.00004600  0.00000000  0.00000000
   101.63714400 -0.00026500  0.00000000  0.00000000
    56.23930700  0.00097200  0.00000000  0.00000000
    31.11913200 -0.00333500  0.00000000  0.00000000
    17.21928000  0.01353700  0.00000000  0.00000000
     9.52801600 -0.06022900  0.00000000  0.00000000
     5.27217700  0.17452100  0.00000000  0.00000000
     2.91727600 -0.14095900  0.00000000  0.00000000
     1.61422900 -0.13258600  0.00000000  0.00000000
     0.89320800 -0.17255200  0.00000000  0.00000000
     0.49346500  0.08094200  0.00000000  0.00000000
     0.04426400  0.14009200  0.00000000  0.00000000
     0.21284500  0.00000000  1.00000000  0.00000000
     0.09761600  0.00000000  0.00000000  1.00000000
$ P-TYPE FUNCTIONS
   10    3    0
    16.34273200  0.00061700  0.00000000  0.00000000
     9.03481100 -0.00636300  0.00000000  0.00000000
     4.99474700  0.03171600  0.00000000  0.00000000
     2.76126400 -0.04734600  0.00000000  0.00000000
     1.52651900 -0.04851800  0.00000000  0.00000000
     0.84391100 -0.00002900  0.00000000  0.00000000
     0.32578300  0.18177100  0.00000000  0.00000000
     0.02740300  0.14716100  0.00000000  0.00000000
     0.14280900  0.00000000  1.00000000  0.00000000
     0.06286600  0.00000000  0.00000000  1.00000000
$ D-TYPE FUNCTIONS
    2    2    0
     0.31584800  1.00000000  0.00000000
     0.11154300  0.00000000  1.00000000
$ F-TYPE FUNCTIONS
    1    1    0
     0.28383300  1.00000000
a  32
$ GERMANIUM       (14s,10p,2d,1f) -> [3s,3p,2d,1f]
$ GERMANIUM       (14s,10p,2d,1f)->[3s,3p,2d,1f]
$ S-TYPE FUNCTIONS
   14    3    0
   592.22275400 -0.00001900  0.00000000  0.00000000
   299.50048400  0.00010000  0.00000000  0.00000000
   151.46419000 -0.00031300  0.00000000  0.00000000
    76.59887800  0.00085300  0.00000000  0.00000000
    38.73779000 -0.00241800  0.00000000  0.00000000
    19.59058000  0.00875500  0.00000000  0.00000000
     9.90740100 -0.04325300  0.00000000  0.00000000
     5.01039700  0.17139000  0.00000000  0.00000000
     2.53387200 -0.21584200  0.00000000  0.00000000
     1.28143600 -0.23563900  0.00000000  0.00000000
     0.58041300 -0.02207400  0.00000000  0.00000000
     0.06124900  0.17106400  0.00000000  0.00000000
     0.30856100  0.00000000  1.00000000  0.00000000
     0.13855600  0.00000000  0.00000000  1.00000000
$ P-TYPE FUNCTIONS
   10    3    0
    39.83926300 -0.00009100  0.00000000  0.00000000
    19.81135900  0.00072000  0.00000000  0.00000000
     9.85183800 -0.00559200  0.00000000  0.00000000
     4.89914400  0.03691600  0.00000000  0.00000000
     2.43625800 -0.09450600  0.00000000  0.00000000
     1.21150800 -0.04061900  0.00000000  0.00000000
     0.43814100  0.18757800  0.00000000  0.00000000
     0.03944700  0.13155500  0.00000000  0.00000000
     0.20011300  0.00000000  1.00000000  0.00000000
     0.08993400  0.00000000  0.00000000  1.00000000
$ D-TYPE FUNCTIONS
    2    2    0
     0.40406900  1.00000000  0.00000000
     0.14740900  0.00000000  1.00000000
$ F-TYPE FUNCTIONS
    1    1    0
     0.35342500  1.00000000
a  33
$ ARSENIC       (14s,10p,2d,1f) -> [3s,3p,2d,1f]
$ ARSENIC       (14s,10p,2d,1f)->[3s,3p,2d,1f]
$ S-TYPE FUNCTIONS
   14    3    0
   496.07466900  0.00002900  0.00000000  0.00000000
   251.78839400 -0.00000200  0.00000000  0.00000000
   127.79809000  0.00003200  0.00000000  0.00000000
    64.86538800  0.00023100  0.00000000  0.00000000
    32.92317200 -0.00040300  0.00000000  0.00000000
    16.71053400  0.00272700  0.00000000  0.00000000
     8.48162300 -0.01907500  0.00000000  0.00000000
     4.30494500  0.13610900  0.00000000  0.00000000
     2.18502400 -0.29119500  0.00000000  0.00000000
     1.10903400 -0.20763600  0.00000000  0.00000000
     0.25789900  0.53876400  0.00000000  0.00000000
     0.06246700  0.07942500  0.00000000  0.00000000
     0.50751000  0.00000000  1.00000000  0.00000000
     0.12841300  0.00000000  0.00000000  1.00000000
$ P-TYPE FUNCTIONS
   10    3    0
    41.48427700 -0.00005400  0.00000000  0.00000000
    20.43376000  0.00046900  0.00000000  0.00000000
    10.06498300 -0.00409600  0.00000000  0.00000000
     4.95767200  0.03524400  0.00000000  0.00000000
     2.44198300 -0.11556900  0.00000000  0.00000000
     1.20283800 -0.03713400  0.00000000  0.00000000
     0.24558400  0.44340700  0.00000000  0.00000000
     0.05055900  0.11106900  0.00000000  0.00000000
     0.52490800  0.00000000  1.00000000  0.00000000
     0.11316200  0.00000000  0.00000000  1.00000000
$ D-TYPE FUNCTIONS
    2    2    0
     0.40152400  1.00000000  0.00000000
     0.17165200  0.00000000  1.00000000
$ F-TYPE FUNCTIONS
    1    1    0
     0.43150800  1.00000000
a  34
$ SELENIUM       (14s,10p,2d,1f) -> [3s,3p,2d,1f]
$ SELENIUM       (14s,10p,2d,1f)->[3s,3p,2d,1f]
$ S-TYPE FUNCTIONS
   14    3    0
   522.20662700  0.00001200  0.00000000  0.00000000
   268.12604500  0.00002900  0.00000000  0.00000000
   137.66883100 -0.00008600  0.00000000  0.00000000
    70.68581200  0.00042300  0.00000000  0.00000000
    36.29350200 -0.00111600  0.00000000  0.00000000
    18.63483300  0.00495300  0.00000000  0.00000000
     9.56802100 -0.03180500  0.00000000  0.00000000
     4.91268300  0.18210300  0.00000000  0.00000000
     2.52240800 -0.33253200  0.00000000  0.00000000
     1.29512600 -0.24033200  0.00000000  0.00000000
     0.31341600  0.55101900  0.00000000  0.00000000
     0.07515200  0.08182100  0.00000000  0.00000000
     0.60448900  0.00000000  1.00000000  0.00000000
     0.15645100  0.00000000  0.00000000  1.00000000
$ P-TYPE FUNCTIONS
   10    3    0
    38.72203000  0.00016500  0.00000000  0.00000000
    18.80225600  0.00012600  0.00000000  0.00000000
     9.12981200 -0.00015700  0.00000000  0.00000000
     4.43316300  0.01737100  0.00000000  0.00000000
     2.15261100 -0.11356400  0.00000000  0.00000000
     1.04524300  0.01663200  0.00000000  0.00000000
     0.25468200  0.43790900  0.00000000  0.00000000
     0.05394700  0.08689000  0.00000000  0.00000000
     0.53264300  0.00000000  1.00000000  0.00000000
     0.11919500  0.00000000  0.00000000  1.00000000
$ D-TYPE FUNCTIONS
    2    2    0
     0.47541200  1.00000000  0.00000000
     0.20777600  0.00000000  1.00000000
$ F-TYPE FUNCTIONS
    1    1    0
     0.48170400  1.00000000
a  35
$ BROMINE       (14s,10p,2d,1f) -> [3s,3p,2d,1f]
$ BROMINE       (14s,10p,2d,1f)->[3s,3p,2d,1f]
$ S-TYPE FUNCTIONS
   14    3    0
   762.00667900  0.00005200  0.00000000  0.00000000
   376.63659000 -0.00002300  0.00000000  0.00000000
   186.15994400  0.00014900  0.00000000  0.00000000
    92.01316600  0.00014200  0.00000000  0.00000000
    45.47929300  0.00018200  0.00000000  0.00000000
    22.47902300  0.00144900  0.00000000  0.00000000
    11.11069300 -0.01183300  0.00000000  0.00000000
     5.49167600  0.11190000  0.00000000  0.00000000
     2.71436700 -0.25615600  0.00000000  0.00000000
     1.34162900 -0.40079100  0.00000000  0.00000000
     0.39886200  0.59083400  0.00000000  0.00000000
     0.09012700  0.08978400  0.00000000  0.00000000
     0.95284000  0.00000000  1.00000000  0.00000000
     0.19192900  0.00000000  0.00000000  1.00000000
$ P-TYPE FUNCTIONS
   10    3    0
    77.06468900  0.00001200  0.00000000  0.00000000
    33.19007600  0.00017800  0.00000000  0.00000000
    14.29424000 -0.00086200  0.00000000  0.00000000
     6.15621700  0.01653500  0.00000000  0.00000000
     2.65134800 -0.11732100  0.00000000  0.00000000
     1.14187800 -0.01298500  0.00000000  0.00000000
     0.31310700  0.44829000  0.00000000  0.00000000
     0.06417400  0.09061500  0.00000000  0.00000000
     0.14420900  0.00000000  1.00000000  0.00000000
     0.66561700  0.00000000  0.00000000  1.00000000
$ D-TYPE FUNCTIONS
    2    2    0
     0.60138600  1.00000000  0.00000000
     0.25236600  0.00000000  1.00000000
$ F-TYPE FUNCTIONS
    1    1    0
     0.58125800  1.00000000
a  36
$ KRYPTON       (14s,10p,2d,1f) -> [3s,3p,2d,1f]
$ KRYPTON       (14s,10p,2d,1f)->[3s,3p,2d,1f]
$ S-TYPE FUNCTIONS
   14    3    0
   442.89315400  0.00012000  0.00000000  0.00000000
   239.26027300 -0.00016600  0.00000000  0.00000000
   129.25347200  0.00044200  0.00000000  0.00000000
    69.82546700 -0.00034200  0.00000000  0.00000000
    37.72119800  0.00093200  0.00000000  0.00000000
    20.37779100 -0.00001700  0.00000000  0.00000000
    11.00851500 -0.01623400  0.00000000  0.00000000
     5.94703300  0.14297400  0.00000000  0.00000000
     3.21271300 -0.23905700  0.00000000  0.00000000
     1.73557600 -0.34682000  0.00000000  0.00000000
     0.44532800  0.59756000  0.00000000  0.00000000
     0.10244900  0.08372300  0.00000000  0.00000000
     0.91999700  0.00000000  1.00000000  0.00000000
     0.21686500  0.00000000  0.00000000  1.00000000
$ P-TYPE FUNCTIONS
   10    3    0
    23.84895600  0.00050900  0.00000000  0.00000000
    12.87228900 -0.00226700  0.00000000  0.00000000
     6.94771800  0.02206900  0.00000000  0.00000000
     3.74997700 -0.06775500  0.00000000  0.00000000
     2.02402100 -0.09298800  0.00000000  0.00000000
     1.09245000  0.12882000  0.00000000  0.00000000
     0.27804000  0.40463400  0.00000000  0.00000000
     0.06453700  0.05102500  0.00000000  0.00000000
     0.55701700  0.00000000  1.00000000  0.00000000
     0.13632000  0.00000000  0.00000000  1.00000000
$ D-TYPE FUNCTIONS
    2    2    0
     0.69245200  1.00000000  0.00000000
     0.29608300  0.00000000  1.00000000
$ F-TYPE FUNCTIONS
    1    1    0
     0.70422100  1.00000000
a  49
$ INDIUM       (14s,10p,3d,1f) -> [3s,3p,2d,1f]
$ INDIUM       (14s,10p,3d,1f)->[3s,3p,2d,1f]
$ S-TYPE FUNCTIONS
   14    3    0
   260.41037200  0.00002900  0.00000000  0.00000000
   140.38281700 -0.00006000  0.00000000  0.00000000
    75.67799700  0.00017800  0.00000000  0.00000000
    40.79672500 -0.00028900  0.00000000  0.00000000
    21.99282300  0.00083100  0.00000000  0.00000000
    11.85595800 -0.00195400  0.00000000  0.00000000
     6.39134600  0.00829300  0.00000000  0.00000000
     3.44546600 -0.05183200  0.00000000  0.00000000
     1.85739200  0.28437800  0.00000000  0.00000000
     1.00128900 -0.56408400  0.00000000  0.00000000
     0.53977800 -0.04747900  0.00000000  0.00000000
     0.04088000  0.17250800  0.00000000  0.00000000
     0.20065900  0.00000000  1.00000000  0.00000000
     0.09105100  0.00000000  0.00000000  1.00000000
$ P-TYPE FUNCTIONS
   10    3    0
    48.67684600  0.00004100  0.00000000  0.00000000
    22.09838500 -0.00020100  0.00000000  0.00000000
    10.03225700  0.00084600  0.00000000  0.00000000
     4.55445900 -0.00489700  0.00000000  0.00000000
     2.06764000  0.04006200  0.00000000  0.00000000
     0.93867000 -0.16978000  0.00000000  0.00000000
     0.42613900  0.06616400  0.00000000  0.00000000
     0.02819400  0.21932300  0.00000000  0.00000000
     0.16584100  0.00000000  1.00000000  0.00000000
     0.06836400  0.00000000  0.00000000  1.00000000
$ D-TYPE FUNCTIONS
    3    2    0
     0.62717900 -0.15507550  0.00000000
     0.23581600  0.72929350  0.00000000
     0.08866600  0.00000000  1.00000000
$ F-TYPE FUNCTIONS
    1    1    0
     0.23909400  1.00000000
a  50
$ TIN       (14s,10p,2d,1f) -> [3s,3p,2d,1f]
$ TIN       (14s,10p,2d,1f)->[3s,3p,2d,1f]
$ S-TYPE FUNCTIONS
   14    3    0
    38.48994200  0.00012200  0.00000000  0.00000000
    24.28564100 -0.00063800  0.00000000  0.00000000
    15.32328500  0.00257400  0.00000000  0.00000000
     9.66839000 -0.01080400  0.00000000  0.00000000
     6.10037400  0.05520600  0.00000000  0.00000000
     3.84909600 -0.26124200  0.00000000  0.00000000
     2.42862900  0.70089600  0.00000000  0.00000000
     1.53236900 -0.60446900  0.00000000  0.00000000
     0.96686500 -0.23591000  0.00000000  0.00000000
     0.61005400 -0.15079900  0.00000000  0.00000000
     0.38492000  0.21483500  0.00000000  0.00000000
     0.04449000  0.09567400  0.00000000  0.00000000
     0.18664000  0.00000000  1.00000000  0.00000000
     0.09209200  0.00000000  0.00000000  1.00000000
$ P-TYPE FUNCTIONS
   10    3    0
    60.22120000  0.00004200  0.00000000  0.00000000
    27.53931800 -0.00021000  0.00000000  0.00000000
    12.59380500  0.00092100  0.00000000  0.00000000
     5.75918100 -0.00569800  0.00000000  0.00000000
     2.63368900  0.04510000  0.00000000  0.00000000
     1.20439300 -0.17280600  0.00000000  0.00000000
     0.55077200  0.02854100  0.00000000  0.00000000
     0.03963400  0.20734300  0.00000000  0.00000000
     0.22443500  0.00000000  1.00000000  0.00000000
     0.09518100  0.00000000  0.00000000  1.00000000
$ D-TYPE FUNCTIONS
    2    2    0
     0.26991300  1.00000000  0.00000000
     0.11402900  0.00000000  1.00000000
$ F-TYPE FUNCTIONS
    1    1    0
     0.28463600  1.00000000
a  51
$ ANTIMONY       (14s,10p,2d,1f) -> [3s,3p,2d,1f]
$ ANTIMONY       (14s,10p,2d,1f)->[3s,3p,2d,1f]
$ S-TYPE FUNCTIONS
   14    3    0
   134.40730700 -0.00000500  0.00000000  0.00000000
    78.16650100  0.00015600  0.00000000  0.00000000
    45.45885200 -0.00062100  0.00000000  0.00000000
    26.43724800  0.00201300  0.00000000  0.00000000
    15.37496200 -0.00617100  0.00000000  0.00000000
     8.94153000  0.02382000  0.00000000  0.00000000
     5.20007500 -0.11217600  0.00000000  0.00000000
     3.02417800  0.36820800  0.00000000  0.00000000
     1.75875400 -0.37133900  0.00000000  0.00000000
     1.02282900 -0.31572700  0.00000000  0.00000000
     0.59484100  0.00001600  0.00000000  0.00000000
     0.05984500  0.14304700  0.00000000  0.00000000
     0.27061500  0.00000000  1.00000000  0.00000000
     0.12852200  0.00000000  0.00000000  1.00000000
$ P-TYPE FUNCTIONS
   10    3    0
    53.72176300  0.00005300  0.00000000  0.00000000
    25.46833200 -0.00027900  0.00000000  0.00000000
    12.07398800  0.00129100  0.00000000  0.00000000
     5.72401800 -0.00842300  0.00000000  0.00000000
     2.71363400  0.06299000  0.00000000  0.00000000
     1.28647500 -0.21775800  0.00000000  0.00000000
     0.60989000  0.02530200  0.00000000  0.00000000
     0.05004900  0.18524600  0.00000000  0.00000000
     0.26817300  0.00000000  1.00000000  0.00000000
     0.11748100  0.00000000  0.00000000  1.00000000
$ D-TYPE FUNCTIONS
    2    2    0
     0.29029800  1.00000000  0.00000000
     0.14273600  0.00000000  1.00000000
$ F-TYPE FUNCTIONS
    1    1    0
     0.33514400  1.00000000
a  52
$ TELLURIUM       (15s,11p,3d,1f) -> [3s,3p,2d,1f]
$ TELLURIUM       (15s,11p,3d,1f)->[3s,3p,2d,1f]
$ S-TYPE FUNCTIONS
   15    3    0
   356.27035600  0.00007800  0.00000000  0.00000000
   200.22592600 -0.00015800  0.00000000  0.00000000
   112.52808600  0.00040700  0.00000000  0.00000000
    63.24141200 -0.00057600  0.00000000  0.00000000
    35.54202600  0.00138900  0.00000000  0.00000000
    19.97481700 -0.00264600  0.00000000  0.00000000
    11.22595800  0.00895000  0.00000000  0.00000000
     6.30905100 -0.04375000  0.00000000  0.00000000
     3.54572200  0.18420700  0.00000000  0.00000000
     1.99271500 -0.19402000  0.00000000  0.00000000
     1.11991700 -0.36274300  0.00000000  0.00000000
     0.30227500  0.56504700  0.00000000  0.00000000
     0.06801800  0.12750800  0.00000000  0.00000000
     0.63335300  0.00000000  1.00000000  0.00000000
     0.14552600  0.00000000  0.00000000  1.00000000
$ P-TYPE FUNCTIONS
   11    3    0
    30.82207400  0.00016100  0.00000000  0.00000000
    17.35928800 -0.00112800  0.00000000  0.00000000
     9.77691700  0.00629500  0.00000000  0.00000000
     5.50645400 -0.03599900  0.00000000  0.00000000
     3.10128800  0.14931100  0.00000000  0.00000000
     1.74667500 -0.24893800  0.00000000  0.00000000
     0.98374400 -0.06483100  0.00000000  0.00000000
     0.19813500  0.46997700  0.00000000  0.00000000
     0.04436500  0.08293500  0.00000000  0.00000000
     0.40388900  0.00000000  1.00000000  0.00000000
     0.09516300  0.00000000  0.00000000  1.00000000
$ D-TYPE FUNCTIONS
    3    2    0
     0.96477100 -0.17935820  0.00000000
     0.39412800  0.57443240  0.00000000
     0.16100900  0.00000000  1.00000000
$ F-TYPE FUNCTIONS
    1    1    0
     0.36093200  1.00000000
a  53
$ IODINE       (14s,10p,3d,1f) -> [3s,3p,2d,1f]
$ IODINE       (14s,10p,3d,1f)->[3s,3p,2d,1f]
$ S-TYPE FUNCTIONS
   14    3    0
   208.36341600  0.00001700  0.00000000  0.00000000
   117.87341200  0.00004300  0.00000000  0.00000000
    66.68224900 -0.00022000  0.00000000  0.00000000
    37.72286100  0.00088600  0.00000000  0.00000000
    21.34022600 -0.00294000  0.00000000  0.00000000
    12.07239400  0.01315300  0.00000000  0.00000000
     6.82948200 -0.07378600  0.00000000  0.00000000
     3.86351100  0.27255300  0.00000000  0.00000000
     2.18563000 -0.24965500  0.00000000  0.00000000
     1.23643400 -0.42875900  0.00000000  0.00000000
     0.34051900  0.59196300  0.00000000  0.00000000
     0.07759700  0.12200500  0.00000000  0.00000000
     0.68583700  0.00000000  1.00000000  0.00000000
     0.16562000  0.00000000  0.00000000  1.00000000
$ P-TYPE FUNCTIONS
   10    3    0
     9.53860900  0.00191400  0.00000000  0.00000000
     5.95546800 -0.02138100  0.00000000  0.00000000
     3.71831900  0.09423200  0.00000000  0.00000000
     2.32154700 -0.09953100  0.00000000  0.00000000
     1.44946700 -0.14571000  0.00000000  0.00000000
     0.90498000 -0.00017300  0.00000000  0.00000000
     0.21836600  0.46172300  0.00000000  0.00000000
     0.04967800  0.07440900  0.00000000  0.00000000
     0.43739800  0.00000000  1.00000000  0.00000000
     0.10598700  0.00000000  0.00000000  1.00000000
$ D-TYPE FUNCTIONS
    3    2    0
     1.07969400 -0.12055720  0.00000000
     0.44885100  0.55834760  0.00000000
     0.18659700  0.00000000  1.00000000
$ F-TYPE FUNCTIONS
    1    1    0
     0.42931900  1.00000000
a  54
$ XENON       (14s,10p,2d,1f) -> [3s,3p,2d,1f]
$ XENON       (14s,10p,2d,1f)->[3s,3p,2d,1f]
$ S-TYPE FUNCTIONS
   14    3    0
   226.24821300 -0.00002300  0.00000000  0.00000000
   127.72398800  0.00017100  0.00000000  0.00000000
    72.10407000 -0.00060300  0.00000000  0.00000000
    40.70493800  0.00183200  0.00000000  0.00000000
    22.97917400 -0.00583100  0.00000000  0.00000000
    12.97244100  0.02431800  0.00000000  0.00000000
     7.32333700 -0.11990200  0.00000000  0.00000000
     4.13424600  0.38890700  0.00000000  0.00000000
     2.33390800 -0.35874200  0.00000000  0.00000000
     1.31756200 -0.45107900  0.00000000  0.00000000
     0.36328600  0.61625000  0.00000000  0.00000000
     0.08565900  0.10692400  0.00000000  0.00000000
     0.66105300  0.00000000  1.00000000  0.00000000
     0.18027500  0.00000000  0.00000000  1.00000000
$ P-TYPE FUNCTIONS
   10    3    0
    10.58667800  0.00137700  0.00000000  0.00000000
     6.46246300 -0.01515900  0.00000000  0.00000000
     3.94490400  0.07892200  0.00000000  0.00000000
     2.40810200 -0.10492800  0.00000000  0.00000000
     1.46998600 -0.15137500  0.00000000  0.00000000
     0.89732900  0.03934700  0.00000000  0.00000000
     0.23251200  0.45375100  0.00000000  0.00000000
     0.05476000  0.06111700  0.00000000  0.00000000
     0.45909300  0.00000000  1.00000000  0.00000000
     0.11485800  0.00000000  0.00000000  1.00000000
$ D-TYPE FUNCTIONS
    2    2    0
     0.44060300  1.00000000  0.00000000
     0.22865000  0.00000000  1.00000000
$ F-TYPE FUNCTIONS
    1    1    0
     0.51564200  1.00000000

$ END OF BASIS
