$  SDB-aug-cc-pVQZ  EMSL  Basis Set Exchange Library   9/29/10 2:13 AM
$ Elements                             References
$ --------                             ----------
$ Ga - Kr: J.M.L. Martin and A. Sundermann, J. Chem. Phys. 114, 3408 (2001).
$ In - Xe:
$
$ Elements                             References
$ --------                             ---------
$ Ga - Br: J.M.L. Martin and A. Sundermann, J. Chem. Phys. 114, 3408 (2001).
$ In - I :
$
a  31
$ GALLIUM       (15s,11p,4d,3f,2g) -> [5s,5p,4d,3f,2g]
$ GALLIUM       (14s,10p,3d,2f,1g)->[4s,4p,3d,2f,1g]
$ GALLIUM       (1s,1p,1d,1f,1g)
$ S-TYPE FUNCTIONS
   15    5    0
   183.68129900  0.00004600  0.00000000  0.00000000  0.00000000  0.00000000
   101.63714400 -0.00026500  0.00000000  0.00000000  0.00000000  0.00000000
    56.23930700  0.00097200  0.00000000  0.00000000  0.00000000  0.00000000
    31.11913200 -0.00333500  0.00000000  0.00000000  0.00000000  0.00000000
    17.21928000  0.01353700  0.00000000  0.00000000  0.00000000  0.00000000
     9.52801600 -0.06022900  0.00000000  0.00000000  0.00000000  0.00000000
     5.27217700  0.17452100  0.00000000  0.00000000  0.00000000  0.00000000
     2.91727600 -0.14095900  0.00000000  0.00000000  0.00000000  0.00000000
     1.61422900 -0.13258600  0.00000000  0.00000000  0.00000000  0.00000000
     0.89320800 -0.17255200  0.00000000  0.00000000  0.00000000  0.00000000
     0.21284500  0.47084800  0.00000000  0.00000000  0.00000000  0.00000000
     0.49346500  0.00000000  1.00000000  0.00000000  0.00000000  0.00000000
     0.04426400  0.00000000  0.00000000  1.00000000  0.00000000  0.00000000
     0.09761600  0.00000000  0.00000000  0.00000000  1.00000000  0.00000000
     0.01428800  0.00000000  0.00000000  0.00000000  0.00000000  1.00000000
$ P-TYPE FUNCTIONS
   11    5    0
    16.34273200  0.00061700  0.00000000  0.00000000  0.00000000  0.00000000
     9.03481100 -0.00636300  0.00000000  0.00000000  0.00000000  0.00000000
     4.99474700  0.03171600  0.00000000  0.00000000  0.00000000  0.00000000
     2.76126400 -0.04734600  0.00000000  0.00000000  0.00000000  0.00000000
     1.52651900 -0.04851800  0.00000000  0.00000000  0.00000000  0.00000000
     0.84391100 -0.00002900  0.00000000  0.00000000  0.00000000  0.00000000
     0.14280900  0.39925100  0.00000000  0.00000000  0.00000000  0.00000000
     0.32578300  0.00000000  1.00000000  0.00000000  0.00000000  0.00000000
     0.02740300  0.00000000  0.00000000  1.00000000  0.00000000  0.00000000
     0.06286600  0.00000000  0.00000000  0.00000000  1.00000000  0.00000000
     0.00863700  0.00000000  0.00000000  0.00000000  0.00000000  1.00000000
$ D-TYPE FUNCTIONS
    4    4    0
     0.43334200  1.00000000  0.00000000  0.00000000  0.00000000
     0.18851900  0.00000000  1.00000000  0.00000000  0.00000000
     0.08201200  0.00000000  0.00000000  1.00000000  0.00000000
     0.02901700  0.00000000  0.00000000  0.00000000  1.00000000
$ F-TYPE FUNCTIONS
    3    3    0
     0.49123100  1.00000000  0.00000000  0.00000000
     0.17741700  0.00000000  1.00000000  0.00000000
     0.06333700  0.00000000  0.00000000  1.00000000
$ G-TYPE FUNCTIONS
    2    2    0
     0.39691300  1.00000000  0.00000000
     0.16899800  0.00000000  1.00000000
a  32
$ GERMANIUM       (15s,11p,4d,3f,2g) -> [5s,5p,4d,3f,2g]
$ GERMANIUM       (14s,10p,3d,2f,1g)->[4s,4p,3d,2f,1g]
$ GERMANIUM       (1s,1p,1d,1f,1g)
$ S-TYPE FUNCTIONS
   15    5    0
   592.22275400 -0.00001900  0.00000000  0.00000000  0.00000000  0.00000000
   299.50048400  0.00010000  0.00000000  0.00000000  0.00000000  0.00000000
   151.46419000 -0.00031300  0.00000000  0.00000000  0.00000000  0.00000000
    76.59887800  0.00085300  0.00000000  0.00000000  0.00000000  0.00000000
    38.73779000 -0.00241800  0.00000000  0.00000000  0.00000000  0.00000000
    19.59058000  0.00875500  0.00000000  0.00000000  0.00000000  0.00000000
     9.90740100 -0.04325300  0.00000000  0.00000000  0.00000000  0.00000000
     5.01039700  0.17139000  0.00000000  0.00000000  0.00000000  0.00000000
     2.53387200 -0.21584200  0.00000000  0.00000000  0.00000000  0.00000000
     1.28143600 -0.23563900  0.00000000  0.00000000  0.00000000  0.00000000
     0.30856100  0.46011000  0.00000000  0.00000000  0.00000000  0.00000000
     0.58041300  0.00000000  1.00000000  0.00000000  0.00000000  0.00000000
     0.06124900  0.00000000  0.00000000  1.00000000  0.00000000  0.00000000
     0.13855600  0.00000000  0.00000000  0.00000000  1.00000000  0.00000000
     0.02202600  0.00000000  0.00000000  0.00000000  0.00000000  1.00000000
$ P-TYPE FUNCTIONS
   11    5    0
    39.83926300 -0.00009100  0.00000000  0.00000000  0.00000000  0.00000000
    19.81135900  0.00072000  0.00000000  0.00000000  0.00000000  0.00000000
     9.85183800 -0.00559200  0.00000000  0.00000000  0.00000000  0.00000000
     4.89914400  0.03691600  0.00000000  0.00000000  0.00000000  0.00000000
     2.43625800 -0.09450600  0.00000000  0.00000000  0.00000000  0.00000000
     1.21150800 -0.04061900  0.00000000  0.00000000  0.00000000  0.00000000
     0.20011300  0.42330100  0.00000000  0.00000000  0.00000000  0.00000000
     0.43814100  0.00000000  1.00000000  0.00000000  0.00000000  0.00000000
     0.03944700  0.00000000  0.00000000  1.00000000  0.00000000  0.00000000
     0.08993400  0.00000000  0.00000000  0.00000000  1.00000000  0.00000000
     0.01429700  0.00000000  0.00000000  0.00000000  0.00000000  1.00000000
$ D-TYPE FUNCTIONS
    4    4    0
     0.51653100  1.00000000  0.00000000  0.00000000  0.00000000
     0.23472900  0.00000000  1.00000000  0.00000000  0.00000000
     0.10666900  0.00000000  0.00000000  1.00000000  0.00000000
     0.04353900  0.00000000  0.00000000  0.00000000  1.00000000
$ F-TYPE FUNCTIONS
    3    3    0
     0.57263600  1.00000000  0.00000000  0.00000000
     0.22020100  0.00000000  1.00000000  0.00000000
     0.08782300  0.00000000  0.00000000  1.00000000
$ G-TYPE FUNCTIONS
    2    2    0
     0.46339600  1.00000000  0.00000000
     0.21810000  0.00000000  1.00000000
a  33
$ ARSENIC       (15s,11p,4d,3f,2g) -> [5s,5p,4d,3f,2g]
$ ARSENIC       (14s,10p,3d,2f,1g)->[4s,4p,3d,2f,1g]
$ ARSENIC       (1s,1p,1d,1f,1g)
$ S-TYPE FUNCTIONS
   15    5    0
   496.07466900  0.00002900  0.00000000  0.00000000  0.00000000  0.00000000
   251.78839400 -0.00000200  0.00000000  0.00000000  0.00000000  0.00000000
   127.79809000  0.00003200  0.00000000  0.00000000  0.00000000  0.00000000
    64.86538800  0.00023100  0.00000000  0.00000000  0.00000000  0.00000000
    32.92317200 -0.00040300  0.00000000  0.00000000  0.00000000  0.00000000
    16.71053400  0.00272700  0.00000000  0.00000000  0.00000000  0.00000000
     8.48162300 -0.01907500  0.00000000  0.00000000  0.00000000  0.00000000
     4.30494500  0.13610900  0.00000000  0.00000000  0.00000000  0.00000000
     2.18502400 -0.29119500  0.00000000  0.00000000  0.00000000  0.00000000
     1.10903400 -0.20763600  0.00000000  0.00000000  0.00000000  0.00000000
     0.12841300  0.40338100  0.00000000  0.00000000  0.00000000  0.00000000
     0.25789900  0.00000000  1.00000000  0.00000000  0.00000000  0.00000000
     0.06246700  0.00000000  0.00000000  1.00000000  0.00000000  0.00000000
     0.50751000  0.00000000  0.00000000  0.00000000  1.00000000  0.00000000
     0.03049000  0.00000000  0.00000000  0.00000000  0.00000000  1.00000000
$ P-TYPE FUNCTIONS
   11    5    0
    41.48427700 -0.00005400  0.00000000  0.00000000  0.00000000  0.00000000
    20.43376000  0.00046900  0.00000000  0.00000000  0.00000000  0.00000000
    10.06498300 -0.00409600  0.00000000  0.00000000  0.00000000  0.00000000
     4.95767200  0.03524400  0.00000000  0.00000000  0.00000000  0.00000000
     2.44198300 -0.11556900  0.00000000  0.00000000  0.00000000  0.00000000
     1.20283800 -0.03713400  0.00000000  0.00000000  0.00000000  0.00000000
     0.11316200  0.39093700  0.00000000  0.00000000  0.00000000  0.00000000
     0.24558400  0.00000000  1.00000000  0.00000000  0.00000000  0.00000000
     0.05055900  0.00000000  0.00000000  1.00000000  0.00000000  0.00000000
     0.52490800  0.00000000  0.00000000  0.00000000  1.00000000  0.00000000
     0.01839300  0.00000000  0.00000000  0.00000000  0.00000000  1.00000000
$ D-TYPE FUNCTIONS
    4    4    0
     1.32188100  1.00000000  0.00000000  0.00000000  0.00000000
     0.48725700  0.00000000  1.00000000  0.00000000  0.00000000
     0.17960700  0.00000000  0.00000000  1.00000000  0.00000000
     0.06582300  0.00000000  0.00000000  0.00000000  1.00000000
$ F-TYPE FUNCTIONS
    3    3    0
     0.68762900  1.00000000  0.00000000  0.00000000
     0.27239200  0.00000000  1.00000000  0.00000000
     0.10914400  0.00000000  0.00000000  1.00000000
$ G-TYPE FUNCTIONS
    2    2    0
     0.55345600  1.00000000  0.00000000
     0.23408400  0.00000000  1.00000000
a  34
$ SELENIUM       (15s,11p,4d,3f,2g) -> [5s,5p,4d,3f,2g]
$ SELENIUM       (14s,10p,3d,2f,1g)->[4s,4p,3d,2f,1g]
$ SELENIUM       (1s,1p,1d,1f,1g)
$ S-TYPE FUNCTIONS
   15    5    0
   522.20662700  0.00001200  0.00000000  0.00000000  0.00000000  0.00000000
   268.12604500  0.00002900  0.00000000  0.00000000  0.00000000  0.00000000
   137.66883100 -0.00008600  0.00000000  0.00000000  0.00000000  0.00000000
    70.68581200  0.00042300  0.00000000  0.00000000  0.00000000  0.00000000
    36.29350200 -0.00111600  0.00000000  0.00000000  0.00000000  0.00000000
    18.63483300  0.00495300  0.00000000  0.00000000  0.00000000  0.00000000
     9.56802100 -0.03180500  0.00000000  0.00000000  0.00000000  0.00000000
     4.91268300  0.18210300  0.00000000  0.00000000  0.00000000  0.00000000
     2.52240800 -0.33253200  0.00000000  0.00000000  0.00000000  0.00000000
     1.29512600 -0.24033200  0.00000000  0.00000000  0.00000000  0.00000000
     0.07515200  0.08182100  0.00000000  0.00000000  0.00000000  0.00000000
     0.31341600  0.00000000  1.00000000  0.00000000  0.00000000  0.00000000
     0.60448900  0.00000000  0.00000000  1.00000000  0.00000000  0.00000000
     0.15645100  0.00000000  0.00000000  0.00000000  1.00000000  0.00000000
     0.05703200  0.00000000  0.00000000  0.00000000  0.00000000  1.00000000
$ P-TYPE FUNCTIONS
   11    5    0
    38.72203000  0.00016500  0.00000000  0.00000000  0.00000000  0.00000000
    18.80225600  0.00012600  0.00000000  0.00000000  0.00000000  0.00000000
     9.12981200 -0.00015700  0.00000000  0.00000000  0.00000000  0.00000000
     4.43316300  0.01737100  0.00000000  0.00000000  0.00000000  0.00000000
     2.15261100 -0.11356400  0.00000000  0.00000000  0.00000000  0.00000000
     1.04524300  0.01663200  0.00000000  0.00000000  0.00000000  0.00000000
     0.05394700  0.08689000  0.00000000  0.00000000  0.00000000  0.00000000
     0.25468200  0.00000000  1.00000000  0.00000000  0.00000000  0.00000000
     0.53264300  0.00000000  0.00000000  1.00000000  0.00000000  0.00000000
     0.11919500  0.00000000  0.00000000  0.00000000  1.00000000  0.00000000
     0.03806300  0.00000000  0.00000000  0.00000000  0.00000000  1.00000000
$ D-TYPE FUNCTIONS
    4    4    0
     1.53182500  1.00000000  0.00000000  0.00000000  0.00000000
     0.56770300  0.00000000  1.00000000  0.00000000  0.00000000
     0.21039400  0.00000000  0.00000000  1.00000000  0.00000000
     0.07924400  0.00000000  0.00000000  0.00000000  1.00000000
$ F-TYPE FUNCTIONS
    3    3    0
     0.77443200  1.00000000  0.00000000  0.00000000
     0.29753300  0.00000000  1.00000000  0.00000000
     0.12770900  0.00000000  0.00000000  1.00000000
$ G-TYPE FUNCTIONS
    2    2    0
     0.58283200  1.00000000  0.00000000
     0.26949100  0.00000000  1.00000000
a  35
$ BROMINE       (15s,11p,4d,3f,2g) -> [5s,5p,4d,3f,2g]
$ BROMINE       (14s,10p,3d,2f,1g)->[4s,4p,3d,2f,1g]
$ BROMINE       (1s,1p,1d,1f,1g)
$ S-TYPE FUNCTIONS
   15    5    0
   762.00667900  0.00005200  0.00000000  0.00000000  0.00000000  0.00000000
   376.63659000 -0.00002300  0.00000000  0.00000000  0.00000000  0.00000000
   186.15994400  0.00014900  0.00000000  0.00000000  0.00000000  0.00000000
    92.01316600  0.00014200  0.00000000  0.00000000  0.00000000  0.00000000
    45.47929300  0.00018200  0.00000000  0.00000000  0.00000000  0.00000000
    22.47902300  0.00144900  0.00000000  0.00000000  0.00000000  0.00000000
    11.11069300 -0.01183300  0.00000000  0.00000000  0.00000000  0.00000000
     5.49167600  0.11190000  0.00000000  0.00000000  0.00000000  0.00000000
     2.71436700 -0.25615600  0.00000000  0.00000000  0.00000000  0.00000000
     1.34162900 -0.40079100  0.00000000  0.00000000  0.00000000  0.00000000
     0.09012700  0.08978400  0.00000000  0.00000000  0.00000000  0.00000000
     0.39886200  0.00000000  1.00000000  0.00000000  0.00000000  0.00000000
     0.95284000  0.00000000  0.00000000  1.00000000  0.00000000  0.00000000
     0.19192900  0.00000000  0.00000000  0.00000000  1.00000000  0.00000000
     0.07089800  0.00000000  0.00000000  0.00000000  0.00000000  1.00000000
$ P-TYPE FUNCTIONS
   11    5    0
    77.06468900  0.00001200  0.00000000  0.00000000  0.00000000  0.00000000
    33.19007600  0.00017800  0.00000000  0.00000000  0.00000000  0.00000000
    14.29424000 -0.00086200  0.00000000  0.00000000  0.00000000  0.00000000
     6.15621700  0.01653500  0.00000000  0.00000000  0.00000000  0.00000000
     2.65134800 -0.11732100  0.00000000  0.00000000  0.00000000  0.00000000
     1.14187800 -0.01298500  0.00000000  0.00000000  0.00000000  0.00000000
     0.06417400  0.09061500  0.00000000  0.00000000  0.00000000  0.00000000
     0.31310700  0.00000000  1.00000000  0.00000000  0.00000000  0.00000000
     0.14420900  0.00000000  0.00000000  1.00000000  0.00000000  0.00000000
     0.66561700  0.00000000  0.00000000  0.00000000  1.00000000  0.00000000
     0.04698600  0.00000000  0.00000000  0.00000000  0.00000000  1.00000000
$ D-TYPE FUNCTIONS
    4    4    0
     0.64202400  1.00000000  0.00000000  0.00000000  0.00000000
     0.35573800  0.00000000  1.00000000  0.00000000  0.00000000
     0.19711000  0.00000000  0.00000000  1.00000000  0.00000000
     0.12300700  0.00000000  0.00000000  0.00000000  1.00000000
$ F-TYPE FUNCTIONS
    3    3    0
     0.91734900  1.00000000  0.00000000  0.00000000
     0.35993400  0.00000000  1.00000000  0.00000000
     0.18216100  0.00000000  0.00000000  1.00000000
$ G-TYPE FUNCTIONS
    2    2    0
     0.66557800  1.00000000  0.00000000
     0.31961800  0.00000000  1.00000000
a  49
$ INDIUM       (15s,11p,4d,3f,2g) -> [5s,5p,4d,3f,2g]
$ INDIUM       (14s,10p,3d,2f,1g)->[4s,4p,3d,2f,1g]
$ INDIUM       (1s,1p,1d,1f,1g)
$ S-TYPE FUNCTIONS
   15    5    0
   260.41037200  0.00002900  0.00000000  0.00000000  0.00000000  0.00000000
   140.38281700 -0.00006000  0.00000000  0.00000000  0.00000000  0.00000000
    75.67799700  0.00017800  0.00000000  0.00000000  0.00000000  0.00000000
    40.79672500 -0.00028900  0.00000000  0.00000000  0.00000000  0.00000000
    21.99282300  0.00083100  0.00000000  0.00000000  0.00000000  0.00000000
    11.85595800 -0.00195400  0.00000000  0.00000000  0.00000000  0.00000000
     6.39134600  0.00829300  0.00000000  0.00000000  0.00000000  0.00000000
     3.44546600 -0.05183200  0.00000000  0.00000000  0.00000000  0.00000000
     1.85739200  0.28437800  0.00000000  0.00000000  0.00000000  0.00000000
     1.00128900 -0.56408400  0.00000000  0.00000000  0.00000000  0.00000000
     0.20065900  0.46966100  0.00000000  0.00000000  0.00000000  0.00000000
     0.53977800  0.00000000  1.00000000  0.00000000  0.00000000  0.00000000
     0.04088000  0.00000000  0.00000000  1.00000000  0.00000000  0.00000000
     0.09105100  0.00000000  0.00000000  0.00000000  1.00000000  0.00000000
     0.01436000  0.00000000  0.00000000  0.00000000  0.00000000  1.00000000
$ P-TYPE FUNCTIONS
   11    5    0
    48.67684600  0.00004100  0.00000000  0.00000000  0.00000000  0.00000000
    22.09838500 -0.00020100  0.00000000  0.00000000  0.00000000  0.00000000
    10.03225700  0.00084600  0.00000000  0.00000000  0.00000000  0.00000000
     4.55445900 -0.00489700  0.00000000  0.00000000  0.00000000  0.00000000
     2.06764000  0.04006200  0.00000000  0.00000000  0.00000000  0.00000000
     0.93867000 -0.16978000  0.00000000  0.00000000  0.00000000  0.00000000
     0.16584100  0.37086400  0.00000000  0.00000000  0.00000000  0.00000000
     0.42613900  0.00000000  1.00000000  0.00000000  0.00000000  0.00000000
     0.02819400  0.00000000  0.00000000  1.00000000  0.00000000  0.00000000
     0.06836400  0.00000000  0.00000000  0.00000000  1.00000000  0.00000000
     0.00918900  0.00000000  0.00000000  0.00000000  0.00000000  1.00000000
$ D-TYPE FUNCTIONS
    4    4    0
     0.62717900  1.00000000  0.00000000  0.00000000  0.00000000
     0.23581600  0.00000000  1.00000000  0.00000000  0.00000000
     0.08866600  0.00000000  0.00000000  1.00000000  0.00000000
     0.02969800  0.00000000  0.00000000  0.00000000  1.00000000
$ F-TYPE FUNCTIONS
    3    3    0
     0.39521700  1.00000000  0.00000000  0.00000000
     0.14679800  0.00000000  1.00000000  0.00000000
     0.05529100  0.00000000  0.00000000  1.00000000
$ G-TYPE FUNCTIONS
    2    2    0
     0.32399000  1.00000000  0.00000000
     0.14436000  0.00000000  1.00000000
a  50
$ TIN       (15s,11p,4d,3f,2g) -> [5s,5p,4d,3f,2g]
$ TIN       (14s,10p,3d,2f,1g)->[4s,4p,3d,2f,1g]
$ TIN       (1s,1p,1d,1f,1g)
$ S-TYPE FUNCTIONS
   15    5    0
    38.48994200  0.00012200  0.00000000  0.00000000  0.00000000  0.00000000
    24.28564100 -0.00063800  0.00000000  0.00000000  0.00000000  0.00000000
    15.32328500  0.00257400  0.00000000  0.00000000  0.00000000  0.00000000
     9.66839000 -0.01080400  0.00000000  0.00000000  0.00000000  0.00000000
     6.10037400  0.05520600  0.00000000  0.00000000  0.00000000  0.00000000
     3.84909600 -0.26124200  0.00000000  0.00000000  0.00000000  0.00000000
     2.42862900  0.70089600  0.00000000  0.00000000  0.00000000  0.00000000
     1.53236900 -0.60446900  0.00000000  0.00000000  0.00000000  0.00000000
     0.96686500 -0.23591000  0.00000000  0.00000000  0.00000000  0.00000000
     0.61005400 -0.15079900  0.00000000  0.00000000  0.00000000  0.00000000
     0.18664000  0.56524900  0.00000000  0.00000000  0.00000000  0.00000000
     0.38492000  0.00000000  1.00000000  0.00000000  0.00000000  0.00000000
     0.04449000  0.00000000  0.00000000  1.00000000  0.00000000  0.00000000
     0.09209200  0.00000000  0.00000000  0.00000000  1.00000000  0.00000000
     0.01243700  0.00000000  0.00000000  0.00000000  0.00000000  1.00000000
$ P-TYPE FUNCTIONS
   11    5    0
    60.22120000  0.00004200  0.00000000  0.00000000  0.00000000  0.00000000
    27.53931800 -0.00021000  0.00000000  0.00000000  0.00000000  0.00000000
    12.59380500  0.00092100  0.00000000  0.00000000  0.00000000  0.00000000
     5.75918100 -0.00569800  0.00000000  0.00000000  0.00000000  0.00000000
     2.63368900  0.04510000  0.00000000  0.00000000  0.00000000  0.00000000
     1.20439300 -0.17280600  0.00000000  0.00000000  0.00000000  0.00000000
     0.22443500  0.38894500  0.00000000  0.00000000  0.00000000  0.00000000
     0.55077200  0.00000000  1.00000000  0.00000000  0.00000000  0.00000000
     0.03963400  0.00000000  0.00000000  1.00000000  0.00000000  0.00000000
     0.09518100  0.00000000  0.00000000  0.00000000  1.00000000  0.00000000
     0.01469800  0.00000000  0.00000000  0.00000000  0.00000000  1.00000000
$ D-TYPE FUNCTIONS
    4    4    0
     0.29384500  1.00000000  0.00000000  0.00000000  0.00000000
     0.16105500  0.00000000  1.00000000  0.00000000  0.00000000
     0.08827300  0.00000000  0.00000000  1.00000000  0.00000000
     0.04448800  0.00000000  0.00000000  0.00000000  1.00000000
$ F-TYPE FUNCTIONS
    3    3    0
     0.45563000  1.00000000  0.00000000  0.00000000
     0.17673600  0.00000000  1.00000000  0.00000000
     0.07383800  0.00000000  0.00000000  1.00000000
$ G-TYPE FUNCTIONS
    2    2    0
     0.35916000  1.00000000  0.00000000
     0.17510100  0.00000000  1.00000000
a  51
$ ANTIMONY       (15s,11p,4d,3f,2g) -> [5s,5p,4d,3f,2g]
$ ANTIMONY       (14s,10p,3d,2f,1g)->[4s,4p,3d,2f,1g]
$ ANTIMONY       (1s,1p,1d,1f,1g)
$ S-TYPE FUNCTIONS
   15    5    0
   134.40730700 -0.00000500  0.00000000  0.00000000  0.00000000  0.00000000
    78.16650100  0.00015600  0.00000000  0.00000000  0.00000000  0.00000000
    45.45885200 -0.00062100  0.00000000  0.00000000  0.00000000  0.00000000
    26.43724800  0.00201300  0.00000000  0.00000000  0.00000000  0.00000000
    15.37496200 -0.00617100  0.00000000  0.00000000  0.00000000  0.00000000
     8.94153000  0.02382000  0.00000000  0.00000000  0.00000000  0.00000000
     5.20007500 -0.11217600  0.00000000  0.00000000  0.00000000  0.00000000
     3.02417800  0.36820800  0.00000000  0.00000000  0.00000000  0.00000000
     1.75875400 -0.37133900  0.00000000  0.00000000  0.00000000  0.00000000
     1.02282900 -0.31572700  0.00000000  0.00000000  0.00000000  0.00000000
     0.59484100  0.00001600  0.00000000  0.00000000  0.00000000  0.00000000
     0.05984500  0.00000000  1.00000000  0.00000000  0.00000000  0.00000000
     0.27061500  0.00000000  0.00000000  1.00000000  0.00000000  0.00000000
     0.12852200  0.00000000  0.00000000  0.00000000  1.00000000  0.00000000
     0.02443900  0.00000000  0.00000000  0.00000000  0.00000000  1.00000000
$ P-TYPE FUNCTIONS
   11    5    0
    53.72176300  0.00005300  0.00000000  0.00000000  0.00000000  0.00000000
    25.46833200 -0.00027900  0.00000000  0.00000000  0.00000000  0.00000000
    12.07398800  0.00129100  0.00000000  0.00000000  0.00000000  0.00000000
     5.72401800 -0.00842300  0.00000000  0.00000000  0.00000000  0.00000000
     2.71363400  0.06299000  0.00000000  0.00000000  0.00000000  0.00000000
     1.28647500 -0.21775800  0.00000000  0.00000000  0.00000000  0.00000000
     0.26817300  0.42428900  0.00000000  0.00000000  0.00000000  0.00000000
     0.60989000  0.00000000  1.00000000  0.00000000  0.00000000  0.00000000
     0.05004900  0.00000000  0.00000000  1.00000000  0.00000000  0.00000000
     0.11748100  0.00000000  0.00000000  0.00000000  1.00000000  0.00000000
     0.01823600  0.00000000  0.00000000  0.00000000  0.00000000  1.00000000
$ D-TYPE FUNCTIONS
    4    4    0
     0.80235700  1.00000000  0.00000000  0.00000000  0.00000000
     0.33010900  0.00000000  1.00000000  0.00000000  0.00000000
     0.13581500  0.00000000  0.00000000  1.00000000  0.00000000
     0.05123600  0.00000000  0.00000000  0.00000000  1.00000000
$ F-TYPE FUNCTIONS
    3    3    0
     0.54231700  1.00000000  0.00000000  0.00000000
     0.21492600  0.00000000  1.00000000  0.00000000
     0.08904600  0.00000000  0.00000000  1.00000000
$ G-TYPE FUNCTIONS
    2    2    0
     0.41489000  1.00000000  0.00000000
     0.18541400  0.00000000  1.00000000
a  52
$ TELLURIUM       (16s,12p,4d,3f,2g) -> [5s,5p,4d,3f,2g]
$ TELLURIUM       (15s,11p,3d,2f,1g)->[4s,4p,3d,2f,1g]
$ TELLURIUM       (1s,1p,1d,1f,1g)
$ S-TYPE FUNCTIONS
   16    5    0
   356.27035600  0.00007800  0.00000000  0.00000000  0.00000000  0.00000000
   200.22592600 -0.00015800  0.00000000  0.00000000  0.00000000  0.00000000
   112.52808600  0.00040700  0.00000000  0.00000000  0.00000000  0.00000000
    63.24141200 -0.00057600  0.00000000  0.00000000  0.00000000  0.00000000
    35.54202600  0.00138900  0.00000000  0.00000000  0.00000000  0.00000000
    19.97481700 -0.00264600  0.00000000  0.00000000  0.00000000  0.00000000
    11.22595800  0.00895000  0.00000000  0.00000000  0.00000000  0.00000000
     6.30905100 -0.04375000  0.00000000  0.00000000  0.00000000  0.00000000
     3.54572200  0.18420700  0.00000000  0.00000000  0.00000000  0.00000000
     1.99271500 -0.19402000  0.00000000  0.00000000  0.00000000  0.00000000
     1.11991700 -0.36274300  0.00000000  0.00000000  0.00000000  0.00000000
     0.06801800  0.12750800  0.00000000  0.00000000  0.00000000  0.00000000
     0.30227500  0.00000000  1.00000000  0.00000000  0.00000000  0.00000000
     0.63335300  0.00000000  0.00000000  1.00000000  0.00000000  0.00000000
     0.14552600  0.00000000  0.00000000  0.00000000  1.00000000  0.00000000
     0.04973200  0.00000000  0.00000000  0.00000000  0.00000000  1.00000000
$ P-TYPE FUNCTIONS
   12    5    0
    30.82207400  0.00016100  0.00000000  0.00000000  0.00000000  0.00000000
    17.35928800 -0.00112800  0.00000000  0.00000000  0.00000000  0.00000000
     9.77691700  0.00629500  0.00000000  0.00000000  0.00000000  0.00000000
     5.50645400 -0.03599900  0.00000000  0.00000000  0.00000000  0.00000000
     3.10128800  0.14931100  0.00000000  0.00000000  0.00000000  0.00000000
     1.74667500 -0.24893800  0.00000000  0.00000000  0.00000000  0.00000000
     0.98374400 -0.06483100  0.00000000  0.00000000  0.00000000  0.00000000
     0.04436500  0.08293500  0.00000000  0.00000000  0.00000000  0.00000000
     0.19813500  0.00000000  1.00000000  0.00000000  0.00000000  0.00000000
     0.40388900  0.00000000  0.00000000  1.00000000  0.00000000  0.00000000
     0.09516300  0.00000000  0.00000000  0.00000000  1.00000000  0.00000000
     0.03203600  0.00000000  0.00000000  0.00000000  0.00000000  1.00000000
$ D-TYPE FUNCTIONS
    4    4    0
     0.96477100  1.00000000  0.00000000  0.00000000  0.00000000
     0.39412800  0.00000000  1.00000000  0.00000000  0.00000000
     0.16100900  0.00000000  0.00000000  1.00000000  0.00000000
     0.06282900  0.00000000  0.00000000  0.00000000  1.00000000
$ F-TYPE FUNCTIONS
    3    3    0
     0.59243700  1.00000000  0.00000000  0.00000000
     0.22876100  0.00000000  1.00000000  0.00000000
     0.10428400  0.00000000  0.00000000  1.00000000
$ G-TYPE FUNCTIONS
    2    2    0
     0.42811900  1.00000000  0.00000000
     0.21026300  0.00000000  1.00000000
a  53
$ IODINE       (15s,11p,4d,3f,2g) -> [5s,5p,4d,3f,2g]
$ IODINE       (14s,10p,3d,2f,1g)->[4s,4p,3d,2f,1g]
$ IODINE       (1s,1p,1d,1f,1g)
$ S-TYPE FUNCTIONS
   15    5    0
   208.36341600  0.00001700  0.00000000  0.00000000  0.00000000  0.00000000
   117.87341200  0.00004300  0.00000000  0.00000000  0.00000000  0.00000000
    66.68224900 -0.00022000  0.00000000  0.00000000  0.00000000  0.00000000
    37.72286100  0.00088600  0.00000000  0.00000000  0.00000000  0.00000000
    21.34022600 -0.00294000  0.00000000  0.00000000  0.00000000  0.00000000
    12.07239400  0.01315300  0.00000000  0.00000000  0.00000000  0.00000000
     6.82948200 -0.07378600  0.00000000  0.00000000  0.00000000  0.00000000
     3.86351100  0.27255300  0.00000000  0.00000000  0.00000000  0.00000000
     2.18563000 -0.24965500  0.00000000  0.00000000  0.00000000  0.00000000
     1.23643400 -0.42875900  0.00000000  0.00000000  0.00000000  0.00000000
     0.07759700  0.12200500  0.00000000  0.00000000  0.00000000  0.00000000
     0.34051900  0.00000000  1.00000000  0.00000000  0.00000000  0.00000000
     0.68583700  0.00000000  0.00000000  1.00000000  0.00000000  0.00000000
     0.16562000  0.00000000  0.00000000  0.00000000  1.00000000  0.00000000
     0.05810800  0.00000000  0.00000000  0.00000000  0.00000000  1.00000000
$ P-TYPE FUNCTIONS
   11    5    0
     9.53860900  0.00191400  0.00000000  0.00000000  0.00000000  0.00000000
     5.95546800 -0.02138100  0.00000000  0.00000000  0.00000000  0.00000000
     3.71831900  0.09423200  0.00000000  0.00000000  0.00000000  0.00000000
     2.32154700 -0.09953100  0.00000000  0.00000000  0.00000000  0.00000000
     1.44946700 -0.14571000  0.00000000  0.00000000  0.00000000  0.00000000
     0.90498000 -0.00017300  0.00000000  0.00000000  0.00000000  0.00000000
     0.04967800  0.07440900  0.00000000  0.00000000  0.00000000  0.00000000
     0.21836600  0.00000000  1.00000000  0.00000000  0.00000000  0.00000000
     0.43739800  0.00000000  0.00000000  1.00000000  0.00000000  0.00000000
     0.10598700  0.00000000  0.00000000  0.00000000  1.00000000  0.00000000
     0.03765300  0.00000000  0.00000000  0.00000000  0.00000000  1.00000000
$ D-TYPE FUNCTIONS
    4    4    0
     1.07969400  1.00000000  0.00000000  0.00000000  0.00000000
     0.44885100  0.00000000  1.00000000  0.00000000  0.00000000
     0.18659700  0.00000000  0.00000000  1.00000000  0.00000000
     0.07479700  0.00000000  0.00000000  0.00000000  1.00000000
$ F-TYPE FUNCTIONS
    3    3    0
     0.70121600  1.00000000  0.00000000  0.00000000
     0.27285000  0.00000000  1.00000000  0.00000000
     0.15073600  0.00000000  0.00000000  1.00000000
$ G-TYPE FUNCTIONS
    2    2    0
     0.47987400  1.00000000  0.00000000
     0.24424900  0.00000000  1.00000000

$ END OF BASIS
