$  Stuttgart RSC Segmented/ECP  EMSL  Basis Set Exchange Library   9/29/10 2:16 AM
$ Elements                             References
$ --------                             ----------
$ La - Lu:  X. Cao and M. Dolg, J. Chem. Phys. (to be published)
$
a  57
$ LANTHANUM       (14s,13p,10d,8f,6g) -> [10s,8p,5d,4f,3g]
$ LANTHANUM       (14s,13p,10d,8f,6g)->[10s,8p,5d,4f,3g]
$ S-TYPE FUNCTIONS
   14   10    0
 60228.61300000  0.00000300  0.00000000  0.00000000  0.00000000  0.00000000  0.00000000
     0.00000000  0.00000000  0.00000000  0.00000000
  7142.41900000  0.00003500  0.00000000  0.00000000  0.00000000  0.00000000  0.00000000
     0.00000000  0.00000000  0.00000000  0.00000000
  1034.30510000  0.00032900  0.00000000  0.00000000  0.00000000  0.00000000  0.00000000
     0.00000000  0.00000000  0.00000000  0.00000000
   563.44270000 -0.00010600  0.00000000  0.00000000  0.00000000  0.00000000  0.00000000
     0.00000000  0.00000000  0.00000000  0.00000000
   123.55320000  0.00328000  0.00000000  0.00000000  0.00000000  0.00000000  0.00000000
     0.00000000  0.00000000  0.00000000  0.00000000
    34.55440000  0.00000000  1.00000000  0.00000000  0.00000000  0.00000000  0.00000000
     0.00000000  0.00000000  0.00000000  0.00000000
    24.63300000  0.00000000  0.00000000  1.00000000  0.00000000  0.00000000  0.00000000
     0.00000000  0.00000000  0.00000000  0.00000000
    11.26600000  0.00000000  0.00000000  0.00000000  1.00000000  0.00000000  0.00000000
     0.00000000  0.00000000  0.00000000  0.00000000
     2.90620000  0.00000000  0.00000000  0.00000000  0.00000000  1.00000000  0.00000000
     0.00000000  0.00000000  0.00000000  0.00000000
     1.54330000  0.00000000  0.00000000  0.00000000  0.00000000  0.00000000  1.00000000
     0.00000000  0.00000000  0.00000000  0.00000000
     0.56720000  0.00000000  0.00000000  0.00000000  0.00000000  0.00000000  0.00000000
     1.00000000  0.00000000  0.00000000  0.00000000
     0.25390000  0.00000000  0.00000000  0.00000000  0.00000000  0.00000000  0.00000000
     0.00000000  1.00000000  0.00000000  0.00000000
     0.04670000  0.00000000  0.00000000  0.00000000  0.00000000  0.00000000  0.00000000
     0.00000000  0.00000000  1.00000000  0.00000000
     0.02000000  0.00000000  0.00000000  0.00000000  0.00000000  0.00000000  0.00000000
     0.00000000  0.00000000  0.00000000  1.00000000
$ P-TYPE FUNCTIONS
   13    8    0
  3966.35470000  0.00000400  0.00000000  0.00000000  0.00000000  0.00000000  0.00000000
     0.00000000  0.00000000
  1143.92800000  0.00003300  0.00000000  0.00000000  0.00000000  0.00000000  0.00000000
     0.00000000  0.00000000
   446.99770000  0.00003400  0.00000000  0.00000000  0.00000000  0.00000000  0.00000000
     0.00000000  0.00000000
   229.54660000  0.00036200  0.00000000  0.00000000  0.00000000  0.00000000  0.00000000
     0.00000000  0.00000000
    27.32670000 -0.00713600  0.00000000  0.00000000  0.00000000  0.00000000  0.00000000
     0.00000000  0.00000000
    19.48640000  0.20665400  0.00000000  0.00000000  0.00000000  0.00000000  0.00000000
     0.00000000  0.00000000
    13.90240000  0.00000000  1.00000000  0.00000000  0.00000000  0.00000000  0.00000000
     0.00000000  0.00000000
     4.23610000  0.00000000  0.00000000  1.00000000  0.00000000  0.00000000  0.00000000
     0.00000000  0.00000000
     2.29360000  0.00000000  0.00000000  0.00000000  1.00000000  0.00000000  0.00000000
     0.00000000  0.00000000
     1.12580000  0.00000000  0.00000000  0.00000000  0.00000000  1.00000000  0.00000000
     0.00000000  0.00000000
     0.52790000  0.00000000  0.00000000  0.00000000  0.00000000  0.00000000  1.00000000
     0.00000000  0.00000000
     0.22920000  0.00000000  0.00000000  0.00000000  0.00000000  0.00000000  0.00000000
     1.00000000  0.00000000
     0.08000000  0.00000000  0.00000000  0.00000000  0.00000000  0.00000000  0.00000000
     0.00000000  1.00000000
$ D-TYPE FUNCTIONS
   10    5    0
   367.71570000  0.00007400  0.00000000  0.00000000  0.00000000  0.00000000
   113.57680000  0.00061200  0.00000000  0.00000000  0.00000000  0.00000000
    33.55880000  0.00768700  0.00000000  0.00000000  0.00000000  0.00000000
    14.41980000 -0.07651000  0.00000000  0.00000000  0.00000000  0.00000000
     7.31590000  0.15175400  0.00000000  0.00000000  0.00000000  0.00000000
     3.94830000  0.42187300  0.00000000  0.00000000  0.00000000  0.00000000
     2.01500000  0.00000000  1.00000000  0.00000000  0.00000000  0.00000000
     0.95810000  0.00000000  0.00000000  1.00000000  0.00000000  0.00000000
     0.31090000  0.00000000  0.00000000  0.00000000  1.00000000  0.00000000
     0.09540000  0.00000000  0.00000000  0.00000000  0.00000000  1.00000000
$ F-TYPE FUNCTIONS
    8    4    0
   124.79710000  0.00115000  0.00000000  0.00000000  0.00000000
    43.94270000  0.01433300  0.00000000  0.00000000  0.00000000
    19.26680000  0.06259400  0.00000000  0.00000000  0.00000000
     8.48930000  0.16400000  0.00000000  0.00000000  0.00000000
     3.76720000  0.28586300  0.00000000  0.00000000  0.00000000
     1.59020000  0.00000000  1.00000000  0.00000000  0.00000000
     0.60980000  0.00000000  0.00000000  1.00000000  0.00000000
     0.19730000  0.00000000  0.00000000  0.00000000  1.00000000
$ G-TYPE FUNCTIONS
    6    3    0
    19.26680000 -0.00211800  0.00000000  0.00000000
     8.48930000  0.02670900  0.00000000  0.00000000
     3.76720000 -0.02966700  0.00000000  0.00000000
     1.59020000  0.28278500  0.00000000  0.00000000
     0.60980000  0.00000000  1.00000000  0.00000000
     0.19730000  0.00000000  0.00000000  1.00000000
a  58
$ CERIUM       (14s,13p,10d,8f,6g) -> [10s,8p,5d,4f,3g]
$ CERIUM       (14s,13p,10d,8f,6g)->[10s,8p,5d,4f,3g]
$ S-TYPE FUNCTIONS
   14   10    0
 66920.68100000  0.00000500  0.00000000  0.00000000  0.00000000  0.00000000  0.00000000
     0.00000000  0.00000000  0.00000000  0.00000000
  7142.41900000  0.00006200  0.00000000  0.00000000  0.00000000  0.00000000  0.00000000
     0.00000000  0.00000000  0.00000000  0.00000000
  1149.22790000  0.00040800  0.00000000  0.00000000  0.00000000  0.00000000  0.00000000
     0.00000000  0.00000000  0.00000000  0.00000000
   626.04740000  0.00008000  0.00000000  0.00000000  0.00000000  0.00000000  0.00000000
     0.00000000  0.00000000  0.00000000  0.00000000
   137.28130000  0.00355900  0.00000000  0.00000000  0.00000000  0.00000000  0.00000000
     0.00000000  0.00000000  0.00000000  0.00000000
    36.64340000  0.00000000  1.00000000  0.00000000  0.00000000  0.00000000  0.00000000
     0.00000000  0.00000000  0.00000000  0.00000000
    25.97420000  0.00000000  0.00000000  1.00000000  0.00000000  0.00000000  0.00000000
     0.00000000  0.00000000  0.00000000  0.00000000
    11.88590000  0.00000000  0.00000000  0.00000000  1.00000000  0.00000000  0.00000000
     0.00000000  0.00000000  0.00000000  0.00000000
     3.02840000  0.00000000  0.00000000  0.00000000  0.00000000  1.00000000  0.00000000
     0.00000000  0.00000000  0.00000000  0.00000000
     1.56640000  0.00000000  0.00000000  0.00000000  0.00000000  0.00000000  1.00000000
     0.00000000  0.00000000  0.00000000  0.00000000
     0.59370000  0.00000000  0.00000000  0.00000000  0.00000000  0.00000000  0.00000000
     1.00000000  0.00000000  0.00000000  0.00000000
     0.26300000  0.00000000  0.00000000  0.00000000  0.00000000  0.00000000  0.00000000
     0.00000000  1.00000000  0.00000000  0.00000000
     0.04900000  0.00000000  0.00000000  0.00000000  0.00000000  0.00000000  0.00000000
     0.00000000  0.00000000  1.00000000  0.00000000
     0.02070000  0.00000000  0.00000000  0.00000000  0.00000000  0.00000000  0.00000000
     0.00000000  0.00000000  0.00000000  1.00000000
$ P-TYPE FUNCTIONS
   13    8    0
  3813.80260000  0.00000500  0.00000000  0.00000000  0.00000000  0.00000000  0.00000000
     0.00000000  0.00000000
  1216.94470000  0.00005100  0.00000000  0.00000000  0.00000000  0.00000000  0.00000000
     0.00000000  0.00000000
   496.66410000  0.00005300  0.00000000  0.00000000  0.00000000  0.00000000  0.00000000
     0.00000000  0.00000000
   212.54310000  0.00067100  0.00000000  0.00000000  0.00000000  0.00000000  0.00000000
     0.00000000  0.00000000
    27.63060000  0.00880500  0.00000000  0.00000000  0.00000000  0.00000000  0.00000000
     0.00000000  0.00000000
    19.60400000  0.15086100  0.00000000  0.00000000  0.00000000  0.00000000  0.00000000
     0.00000000  0.00000000
    13.89180000  0.00000000  1.00000000  0.00000000  0.00000000  0.00000000  0.00000000
     0.00000000  0.00000000
     4.43890000  0.00000000  0.00000000  1.00000000  0.00000000  0.00000000  0.00000000
     0.00000000  0.00000000
     2.33740000  0.00000000  0.00000000  0.00000000  1.00000000  0.00000000  0.00000000
     0.00000000  0.00000000
     1.10670000  0.00000000  0.00000000  0.00000000  0.00000000  1.00000000  0.00000000
     0.00000000  0.00000000
     0.52870000  0.00000000  0.00000000  0.00000000  0.00000000  0.00000000  1.00000000
     0.00000000  0.00000000
     0.23050000  0.00000000  0.00000000  0.00000000  0.00000000  0.00000000  0.00000000
     1.00000000  0.00000000
     0.08000000  0.00000000  0.00000000  0.00000000  0.00000000  0.00000000  0.00000000
     0.00000000  1.00000000
$ D-TYPE FUNCTIONS
   10    5    0
   367.71570000  0.00012000  0.00000000  0.00000000  0.00000000  0.00000000
   109.87980000  0.00099100  0.00000000  0.00000000  0.00000000  0.00000000
    36.02110000  0.00777800  0.00000000  0.00000000  0.00000000  0.00000000
    14.76370000 -0.06295800  0.00000000  0.00000000  0.00000000  0.00000000
     7.32810000  0.18034200  0.00000000  0.00000000  0.00000000  0.00000000
     3.94410000  0.43252900  0.00000000  0.00000000  0.00000000  0.00000000
     2.02020000  0.00000000  1.00000000  0.00000000  0.00000000  0.00000000
     0.96490000  0.00000000  0.00000000  1.00000000  0.00000000  0.00000000
     0.32730000  0.00000000  0.00000000  0.00000000  1.00000000  0.00000000
     0.10320000  0.00000000  0.00000000  0.00000000  0.00000000  1.00000000
$ F-TYPE FUNCTIONS
    8    4    0
   123.48210000  0.00156600  0.00000000  0.00000000  0.00000000
    43.98810000  0.01810100  0.00000000  0.00000000  0.00000000
    19.45180000  0.07615700  0.00000000  0.00000000  0.00000000
     8.60130000  0.19268300  0.00000000  0.00000000  0.00000000
     3.80490000  0.32433200  0.00000000  0.00000000  0.00000000
     1.61760000  0.00000000  1.00000000  0.00000000  0.00000000
     0.63640000  0.00000000  0.00000000  1.00000000  0.00000000
     0.21640000  0.00000000  0.00000000  0.00000000  1.00000000
$ G-TYPE FUNCTIONS
    6    3    0
    19.45180000  0.00219900  0.00000000  0.00000000
     8.60130000  0.03742800  0.00000000  0.00000000
     3.80490000  0.03037800  0.00000000  0.00000000
     1.61760000  0.35566400  0.00000000  0.00000000
     0.63640000  0.00000000  1.00000000  0.00000000
     0.21640000  0.00000000  0.00000000  1.00000000
a  59
$ PRASEODYMIUM       (14s,13p,10d,8f,6g) -> [10s,8p,5d,4f,3g]
$ PRASEODYMIUM       (14s,13p,10d,8f,6g)->[10s,8p,5d,4f,3g]
$ S-TYPE FUNCTIONS
   14   10    0
 66920.68100000  0.00000800  0.00000000  0.00000000  0.00000000  0.00000000  0.00000000
     0.00000000  0.00000000  0.00000000  0.00000000
 10906.62500000  0.00005000  0.00000000  0.00000000  0.00000000  0.00000000  0.00000000
     0.00000000  0.00000000  0.00000000  0.00000000
  2635.41470000  0.00024300  0.00000000  0.00000000  0.00000000  0.00000000  0.00000000
     0.00000000  0.00000000  0.00000000  0.00000000
   713.90510000  0.00087600  0.00000000  0.00000000  0.00000000  0.00000000  0.00000000
     0.00000000  0.00000000  0.00000000  0.00000000
   140.01390000  0.00417600  0.00000000  0.00000000  0.00000000  0.00000000  0.00000000
     0.00000000  0.00000000  0.00000000  0.00000000
    38.12800000  0.00000000  1.00000000  0.00000000  0.00000000  0.00000000  0.00000000
     0.00000000  0.00000000  0.00000000  0.00000000
    26.98550000  0.00000000  0.00000000  1.00000000  0.00000000  0.00000000  0.00000000
     0.00000000  0.00000000  0.00000000  0.00000000
    12.49590000  0.00000000  0.00000000  0.00000000  1.00000000  0.00000000  0.00000000
     0.00000000  0.00000000  0.00000000  0.00000000
     3.18780000  0.00000000  0.00000000  0.00000000  0.00000000  1.00000000  0.00000000
     0.00000000  0.00000000  0.00000000  0.00000000
     1.64510000  0.00000000  0.00000000  0.00000000  0.00000000  0.00000000  1.00000000
     0.00000000  0.00000000  0.00000000  0.00000000
     0.61850000  0.00000000  0.00000000  0.00000000  0.00000000  0.00000000  0.00000000
     1.00000000  0.00000000  0.00000000  0.00000000
     0.27310000  0.00000000  0.00000000  0.00000000  0.00000000  0.00000000  0.00000000
     0.00000000  1.00000000  0.00000000  0.00000000
     0.05060000  0.00000000  0.00000000  0.00000000  0.00000000  0.00000000  0.00000000
     0.00000000  0.00000000  1.00000000  0.00000000
     0.02120000  0.00000000  0.00000000  0.00000000  0.00000000  0.00000000  0.00000000
     0.00000000  0.00000000  0.00000000  1.00000000
$ P-TYPE FUNCTIONS
   13    8    0
  3932.05670000  0.00001100  0.00000000  0.00000000  0.00000000  0.00000000  0.00000000
     0.00000000  0.00000000
  1373.43970000  0.00002700  0.00000000  0.00000000  0.00000000  0.00000000  0.00000000
     0.00000000  0.00000000
   647.67480000  0.00016000  0.00000000  0.00000000  0.00000000  0.00000000  0.00000000
     0.00000000  0.00000000
   186.89920000  0.00115800  0.00000000  0.00000000  0.00000000  0.00000000  0.00000000
     0.00000000  0.00000000
    27.63060000  0.02521000  0.00000000  0.00000000  0.00000000  0.00000000  0.00000000
     0.00000000  0.00000000
    19.60400000  0.10113600  0.00000000  0.00000000  0.00000000  0.00000000  0.00000000
     0.00000000  0.00000000
    13.92240000  0.00000000  1.00000000  0.00000000  0.00000000  0.00000000  0.00000000
     0.00000000  0.00000000
     4.72400000  0.00000000  0.00000000  1.00000000  0.00000000  0.00000000  0.00000000
     0.00000000  0.00000000
     2.46480000  0.00000000  0.00000000  0.00000000  1.00000000  0.00000000  0.00000000
     0.00000000  0.00000000
     1.15880000  0.00000000  0.00000000  0.00000000  0.00000000  1.00000000  0.00000000
     0.00000000  0.00000000
     0.54600000  0.00000000  0.00000000  0.00000000  0.00000000  0.00000000  1.00000000
     0.00000000  0.00000000
     0.23590000  0.00000000  0.00000000  0.00000000  0.00000000  0.00000000  0.00000000
     1.00000000  0.00000000
     0.08000000  0.00000000  0.00000000  0.00000000  0.00000000  0.00000000  0.00000000
     0.00000000  1.00000000
$ D-TYPE FUNCTIONS
   10    5    0
   355.96150000  0.00019300  0.00000000  0.00000000  0.00000000  0.00000000
   107.14140000  0.00154500  0.00000000  0.00000000  0.00000000  0.00000000
    37.55620000  0.00900400  0.00000000  0.00000000  0.00000000  0.00000000
    15.08590000 -0.04729600  0.00000000  0.00000000  0.00000000  0.00000000
     7.38320000  0.20233700  0.00000000  0.00000000  0.00000000  0.00000000
     3.97950000  0.43537400  0.00000000  0.00000000  0.00000000  0.00000000
     2.04690000  0.00000000  1.00000000  0.00000000  0.00000000  0.00000000
     0.97940000  0.00000000  0.00000000  1.00000000  0.00000000  0.00000000
     0.32960000  0.00000000  0.00000000  0.00000000  1.00000000  0.00000000
     0.10260000  0.00000000  0.00000000  0.00000000  0.00000000  1.00000000
$ F-TYPE FUNCTIONS
    8    4    0
   124.50830000  0.00188500  0.00000000  0.00000000  0.00000000
    44.58370000  0.02094900  0.00000000  0.00000000  0.00000000
    19.87310000  0.08520800  0.00000000  0.00000000  0.00000000
     8.91020000  0.20531200  0.00000000  0.00000000  0.00000000
     3.99770000  0.33340300  0.00000000  0.00000000  0.00000000
     1.72850000  0.00000000  1.00000000  0.00000000  0.00000000
     0.69360000  0.00000000  0.00000000  1.00000000  0.00000000
     0.24180000  0.00000000  0.00000000  0.00000000  1.00000000
$ G-TYPE FUNCTIONS
    6    3    0
    19.87310000  0.00583800  0.00000000  0.00000000
     8.91020000  0.04324800  0.00000000  0.00000000
     3.99770000  0.07226900  0.00000000  0.00000000
     1.72850000  0.34783400  0.00000000  0.00000000
     0.69360000  0.00000000  1.00000000  0.00000000
     0.24180000  0.00000000  0.00000000  1.00000000
a  60
$ NEODYMIUM       (14s,13p,10d,8f,6g) -> [10s,8p,5d,4f,3g]
$ NEODYMIUM       (14s,13p,10d,8f,6g)->[10s,8p,5d,4f,3g]
$ S-TYPE FUNCTIONS
   14   10    0
 67945.59000000  0.00001500  0.00000000  0.00000000  0.00000000  0.00000000  0.00000000
     0.00000000  0.00000000  0.00000000  0.00000000
  9404.40830000  0.00012500  0.00000000  0.00000000  0.00000000  0.00000000  0.00000000
     0.00000000  0.00000000  0.00000000  0.00000000
  2084.31770000  0.00061000  0.00000000  0.00000000  0.00000000  0.00000000  0.00000000
     0.00000000  0.00000000  0.00000000  0.00000000
   586.98950000  0.00177300  0.00000000  0.00000000  0.00000000  0.00000000  0.00000000
     0.00000000  0.00000000  0.00000000  0.00000000
   142.94060000  0.00539200  0.00000000  0.00000000  0.00000000  0.00000000  0.00000000
     0.00000000  0.00000000  0.00000000  0.00000000
    39.67220000  0.00000000  1.00000000  0.00000000  0.00000000  0.00000000  0.00000000
     0.00000000  0.00000000  0.00000000  0.00000000
    28.08780000  0.00000000  0.00000000  1.00000000  0.00000000  0.00000000  0.00000000
     0.00000000  0.00000000  0.00000000  0.00000000
    13.05690000  0.00000000  0.00000000  0.00000000  1.00000000  0.00000000  0.00000000
     0.00000000  0.00000000  0.00000000  0.00000000
     3.35140000  0.00000000  0.00000000  0.00000000  0.00000000  1.00000000  0.00000000
     0.00000000  0.00000000  0.00000000  0.00000000
     1.72470000  0.00000000  0.00000000  0.00000000  0.00000000  0.00000000  1.00000000
     0.00000000  0.00000000  0.00000000  0.00000000
     0.64270000  0.00000000  0.00000000  0.00000000  0.00000000  0.00000000  0.00000000
     1.00000000  0.00000000  0.00000000  0.00000000
     0.28280000  0.00000000  0.00000000  0.00000000  0.00000000  0.00000000  0.00000000
     0.00000000  1.00000000  0.00000000  0.00000000
     0.05190000  0.00000000  0.00000000  0.00000000  0.00000000  0.00000000  0.00000000
     0.00000000  0.00000000  1.00000000  0.00000000
     0.02170000  0.00000000  0.00000000  0.00000000  0.00000000  0.00000000  0.00000000
     0.00000000  0.00000000  0.00000000  1.00000000
$ P-TYPE FUNCTIONS
   13    8    0
  4017.48130000  0.00001600  0.00000000  0.00000000  0.00000000  0.00000000  0.00000000
     0.00000000  0.00000000
  1360.61920000  0.00006300  0.00000000  0.00000000  0.00000000  0.00000000  0.00000000
     0.00000000  0.00000000
   507.15080000  0.00036300  0.00000000  0.00000000  0.00000000  0.00000000  0.00000000
     0.00000000  0.00000000
   159.69520000  0.00196900  0.00000000  0.00000000  0.00000000  0.00000000  0.00000000
     0.00000000  0.00000000
    27.63060000  0.04244000  0.00000000  0.00000000  0.00000000  0.00000000  0.00000000
     0.00000000  0.00000000
    19.60400000  0.04595300  0.00000000  0.00000000  0.00000000  0.00000000  0.00000000
     0.00000000  0.00000000
    13.90960000  0.00000000  1.00000000  0.00000000  0.00000000  0.00000000  0.00000000
     0.00000000  0.00000000
     4.93950000  0.00000000  0.00000000  1.00000000  0.00000000  0.00000000  0.00000000
     0.00000000  0.00000000
     2.54490000  0.00000000  0.00000000  0.00000000  1.00000000  0.00000000  0.00000000
     0.00000000  0.00000000
     1.18100000  0.00000000  0.00000000  0.00000000  0.00000000  1.00000000  0.00000000
     0.00000000  0.00000000
     0.55520000  0.00000000  0.00000000  0.00000000  0.00000000  0.00000000  1.00000000
     0.00000000  0.00000000
     0.23950000  0.00000000  0.00000000  0.00000000  0.00000000  0.00000000  0.00000000
     1.00000000  0.00000000
     0.08000000  0.00000000  0.00000000  0.00000000  0.00000000  0.00000000  0.00000000
     0.00000000  1.00000000
$ D-TYPE FUNCTIONS
   10    5    0
   350.96120000  0.00028200  0.00000000  0.00000000  0.00000000  0.00000000
   105.96210000  0.00222200  0.00000000  0.00000000  0.00000000  0.00000000
    38.47040000  0.01101600  0.00000000  0.00000000  0.00000000  0.00000000
    15.48260000 -0.03180400  0.00000000  0.00000000  0.00000000  0.00000000
     7.42600000  0.22399400  0.00000000  0.00000000  0.00000000  0.00000000
     3.99960000  0.43687400  0.00000000  0.00000000  0.00000000  0.00000000
     2.06420000  0.00000000  1.00000000  0.00000000  0.00000000  0.00000000
     0.98980000  0.00000000  0.00000000  1.00000000  0.00000000  0.00000000
     0.33700000  0.00000000  0.00000000  0.00000000  1.00000000  0.00000000
     0.10510000  0.00000000  0.00000000  0.00000000  0.00000000  1.00000000
$ F-TYPE FUNCTIONS
    8    4    0
   126.08450000  0.00217200  0.00000000  0.00000000  0.00000000
    45.16790000  0.02358500  0.00000000  0.00000000  0.00000000
    20.17000000  0.09414200  0.00000000  0.00000000  0.00000000
     9.09990000  0.21745600  0.00000000  0.00000000  0.00000000
     4.10850000  0.33961200  0.00000000  0.00000000  0.00000000
     1.79140000  0.00000000  1.00000000  0.00000000  0.00000000
     0.72580000  0.00000000  0.00000000  1.00000000  0.00000000
     0.25620000  0.00000000  0.00000000  0.00000000  1.00000000
$ G-TYPE FUNCTIONS
    6    3    0
    20.17000000  0.01035800  0.00000000  0.00000000
     9.09990000  0.05861900  0.00000000  0.00000000
     4.10850000  0.11443500  0.00000000  0.00000000
     1.79140000  0.41148900  0.00000000  0.00000000
     0.72580000  0.00000000  1.00000000  0.00000000
     0.25620000  0.00000000  0.00000000  1.00000000
a  61
$ PROMETHIUM       (14s,13p,10d,8f,6g) -> [10s,8p,5d,4f,3g]
$ PROMETHIUM       (14s,13p,10d,8f,6g)->[10s,8p,5d,4f,3g]
$ S-TYPE FUNCTIONS
   14   10    0
 69642.71500000  0.00002900  0.00000000  0.00000000  0.00000000  0.00000000  0.00000000
     0.00000000  0.00000000  0.00000000  0.00000000
 10512.97600000  0.00021700  0.00000000  0.00000000  0.00000000  0.00000000  0.00000000
     0.00000000  0.00000000  0.00000000  0.00000000
  2302.55780000  0.00113600  0.00000000  0.00000000  0.00000000  0.00000000  0.00000000
     0.00000000  0.00000000  0.00000000  0.00000000
   604.17620000  0.00368800  0.00000000  0.00000000  0.00000000  0.00000000  0.00000000
     0.00000000  0.00000000  0.00000000  0.00000000
   155.76230000  0.00776300  0.00000000  0.00000000  0.00000000  0.00000000  0.00000000
     0.00000000  0.00000000  0.00000000  0.00000000
    43.08520000  0.00000000  1.00000000  0.00000000  0.00000000  0.00000000  0.00000000
     0.00000000  0.00000000  0.00000000  0.00000000
    27.87440000  0.00000000  0.00000000  1.00000000  0.00000000  0.00000000  0.00000000
     0.00000000  0.00000000  0.00000000  0.00000000
    13.73950000  0.00000000  0.00000000  0.00000000  1.00000000  0.00000000  0.00000000
     0.00000000  0.00000000  0.00000000  0.00000000
     3.48690000  0.00000000  0.00000000  0.00000000  0.00000000  1.00000000  0.00000000
     0.00000000  0.00000000  0.00000000  0.00000000
     1.78600000  0.00000000  0.00000000  0.00000000  0.00000000  0.00000000  1.00000000
     0.00000000  0.00000000  0.00000000  0.00000000
     0.66590000  0.00000000  0.00000000  0.00000000  0.00000000  0.00000000  0.00000000
     1.00000000  0.00000000  0.00000000  0.00000000
     0.29190000  0.00000000  0.00000000  0.00000000  0.00000000  0.00000000  0.00000000
     0.00000000  1.00000000  0.00000000  0.00000000
     0.05300000  0.00000000  0.00000000  0.00000000  0.00000000  0.00000000  0.00000000
     0.00000000  0.00000000  1.00000000  0.00000000
     0.02210000  0.00000000  0.00000000  0.00000000  0.00000000  0.00000000  0.00000000
     0.00000000  0.00000000  0.00000000  1.00000000
$ P-TYPE FUNCTIONS
   13    8    0
  4008.91710000  0.00002100  0.00000000  0.00000000  0.00000000  0.00000000  0.00000000
     0.00000000  0.00000000
  1250.04320000  0.00010300  0.00000000  0.00000000  0.00000000  0.00000000  0.00000000
     0.00000000  0.00000000
   457.07660000  0.00053500  0.00000000  0.00000000  0.00000000  0.00000000  0.00000000
     0.00000000  0.00000000
   151.27800000  0.00255100  0.00000000  0.00000000  0.00000000  0.00000000  0.00000000
     0.00000000  0.00000000
    28.19060000  0.05273000  0.00000000  0.00000000  0.00000000  0.00000000  0.00000000
     0.00000000  0.00000000
    20.01270000  0.01472500  0.00000000  0.00000000  0.00000000  0.00000000  0.00000000
     0.00000000  0.00000000
    14.22330000  0.00000000  1.00000000  0.00000000  0.00000000  0.00000000  0.00000000
     0.00000000  0.00000000
     5.16200000  0.00000000  0.00000000  1.00000000  0.00000000  0.00000000  0.00000000
     0.00000000  0.00000000
     2.64240000  0.00000000  0.00000000  0.00000000  1.00000000  0.00000000  0.00000000
     0.00000000  0.00000000
     1.21720000  0.00000000  0.00000000  0.00000000  0.00000000  1.00000000  0.00000000
     0.00000000  0.00000000
     0.56910000  0.00000000  0.00000000  0.00000000  0.00000000  0.00000000  1.00000000
     0.00000000  0.00000000
     0.24440000  0.00000000  0.00000000  0.00000000  0.00000000  0.00000000  0.00000000
     1.00000000  0.00000000
     0.08000000  0.00000000  0.00000000  0.00000000  0.00000000  0.00000000  0.00000000
     0.00000000  1.00000000
$ D-TYPE FUNCTIONS
   10    5    0
   341.80600000  0.00043500  0.00000000  0.00000000  0.00000000  0.00000000
   102.94180000  0.00342000  0.00000000  0.00000000  0.00000000  0.00000000
    38.22340000  0.01499100  0.00000000  0.00000000  0.00000000  0.00000000
    16.12460000 -0.01141300  0.00000000  0.00000000  0.00000000  0.00000000
     7.42430000  0.24276300  0.00000000  0.00000000  0.00000000  0.00000000
     4.01770000  0.43130900  0.00000000  0.00000000  0.00000000  0.00000000
     2.08840000  0.00000000  1.00000000  0.00000000  0.00000000  0.00000000
     1.00410000  0.00000000  0.00000000  1.00000000  0.00000000  0.00000000
     0.34370000  0.00000000  0.00000000  0.00000000  1.00000000  0.00000000
     0.10720000  0.00000000  0.00000000  0.00000000  0.00000000  1.00000000
$ F-TYPE FUNCTIONS
    8    4    0
   126.65160000  0.00261000  0.00000000  0.00000000  0.00000000
    45.66720000  0.02733100  0.00000000  0.00000000  0.00000000
    20.49490000  0.10293400  0.00000000  0.00000000  0.00000000
     9.31030000  0.22727400  0.00000000  0.00000000  0.00000000
     4.23510000  0.34313100  0.00000000  0.00000000  0.00000000
     1.86040000  0.00000000  1.00000000  0.00000000  0.00000000
     0.75850000  0.00000000  0.00000000  1.00000000  0.00000000
     0.26920000  0.00000000  0.00000000  0.00000000  1.00000000
$ G-TYPE FUNCTIONS
    6    3    0
    20.49490000  0.01195100  0.00000000  0.00000000
     9.31030000  0.05617300  0.00000000  0.00000000
     4.23510000  0.11838000  0.00000000  0.00000000
     1.86040000  0.33906500  0.00000000  0.00000000
     0.75850000  0.00000000  1.00000000  0.00000000
     0.26920000  0.00000000  0.00000000  1.00000000
a  62
$ SAMARIUM       (14s,13p,10d,8f,6g) -> [10s,8p,5d,4f,3g]
$ SAMARIUM       (14s,13p,10d,8f,6g)->[10s,8p,5d,4f,3g]
$ S-TYPE FUNCTIONS
   14   10    0
 70078.17100000  0.00009700  0.00000000  0.00000000  0.00000000  0.00000000  0.00000000
     0.00000000  0.00000000  0.00000000  0.00000000
 10598.38400000  0.00073000  0.00000000  0.00000000  0.00000000  0.00000000  0.00000000
     0.00000000  0.00000000  0.00000000  0.00000000
  2413.86600000  0.00352300  0.00000000  0.00000000  0.00000000  0.00000000  0.00000000
     0.00000000  0.00000000  0.00000000  0.00000000
   677.40310000  0.01087300  0.00000000  0.00000000  0.00000000  0.00000000  0.00000000
     0.00000000  0.00000000  0.00000000  0.00000000
   208.50730000  0.01782400  0.00000000  0.00000000  0.00000000  0.00000000  0.00000000
     0.00000000  0.00000000  0.00000000  0.00000000
    39.36630000  0.00000000  1.00000000  0.00000000  0.00000000  0.00000000  0.00000000
     0.00000000  0.00000000  0.00000000  0.00000000
    27.98750000  0.00000000  0.00000000  1.00000000  0.00000000  0.00000000  0.00000000
     0.00000000  0.00000000  0.00000000  0.00000000
    14.34260000  0.00000000  0.00000000  0.00000000  1.00000000  0.00000000  0.00000000
     0.00000000  0.00000000  0.00000000  0.00000000
     3.61280000  0.00000000  0.00000000  0.00000000  0.00000000  1.00000000  0.00000000
     0.00000000  0.00000000  0.00000000  0.00000000
     1.84520000  0.00000000  0.00000000  0.00000000  0.00000000  0.00000000  1.00000000
     0.00000000  0.00000000  0.00000000  0.00000000
     0.68750000  0.00000000  0.00000000  0.00000000  0.00000000  0.00000000  0.00000000
     1.00000000  0.00000000  0.00000000  0.00000000
     0.30010000  0.00000000  0.00000000  0.00000000  0.00000000  0.00000000  0.00000000
     0.00000000  1.00000000  0.00000000  0.00000000
     0.05390000  0.00000000  0.00000000  0.00000000  0.00000000  0.00000000  0.00000000
     0.00000000  0.00000000  1.00000000  0.00000000
     0.02240000  0.00000000  0.00000000  0.00000000  0.00000000  0.00000000  0.00000000
     0.00000000  0.00000000  0.00000000  1.00000000
$ P-TYPE FUNCTIONS
   13    8    0
  3990.19500000  0.00003300  0.00000000  0.00000000  0.00000000  0.00000000  0.00000000
     0.00000000  0.00000000
  1108.06210000  0.00020500  0.00000000  0.00000000  0.00000000  0.00000000  0.00000000
     0.00000000  0.00000000
   385.81320000  0.00098300  0.00000000  0.00000000  0.00000000  0.00000000  0.00000000
     0.00000000  0.00000000
   134.97630000  0.00388200  0.00000000  0.00000000  0.00000000  0.00000000  0.00000000
     0.00000000  0.00000000
    28.61990000  0.06405600  0.00000000  0.00000000  0.00000000  0.00000000  0.00000000
     0.00000000  0.00000000
    20.31750000 -0.02268400  0.00000000  0.00000000  0.00000000  0.00000000  0.00000000
     0.00000000  0.00000000
    14.38990000  0.00000000  1.00000000  0.00000000  0.00000000  0.00000000  0.00000000
     0.00000000  0.00000000
     5.30930000  0.00000000  0.00000000  1.00000000  0.00000000  0.00000000  0.00000000
     0.00000000  0.00000000
     2.69080000  0.00000000  0.00000000  0.00000000  1.00000000  0.00000000  0.00000000
     0.00000000  0.00000000
     1.22020000  0.00000000  0.00000000  0.00000000  0.00000000  1.00000000  0.00000000
     0.00000000  0.00000000
     0.57260000  0.00000000  0.00000000  0.00000000  0.00000000  0.00000000  1.00000000
     0.00000000  0.00000000
     0.24670000  0.00000000  0.00000000  0.00000000  0.00000000  0.00000000  0.00000000
     1.00000000  0.00000000
     0.08000000  0.00000000  0.00000000  0.00000000  0.00000000  0.00000000  0.00000000
     0.00000000  1.00000000
$ D-TYPE FUNCTIONS
   10    5    0
   398.01540000  0.00043300  0.00000000  0.00000000  0.00000000  0.00000000
   115.54660000  0.00385200  0.00000000  0.00000000  0.00000000  0.00000000
    41.89370000  0.01732400  0.00000000  0.00000000  0.00000000  0.00000000
    20.77430000  0.00574300  0.00000000  0.00000000  0.00000000  0.00000000
     7.53040000  0.25998300  0.00000000  0.00000000  0.00000000  0.00000000
     4.04540000  0.43147800  0.00000000  0.00000000  0.00000000  0.00000000
     2.10120000  0.00000000  1.00000000  0.00000000  0.00000000  0.00000000
     1.01050000  0.00000000  0.00000000  1.00000000  0.00000000  0.00000000
     0.34750000  0.00000000  0.00000000  0.00000000  1.00000000  0.00000000
     0.10830000  0.00000000  0.00000000  0.00000000  0.00000000  1.00000000
$ F-TYPE FUNCTIONS
    8    4    0
   127.18630000  0.00305000  0.00000000  0.00000000  0.00000000
    45.93960000  0.03114500  0.00000000  0.00000000  0.00000000
    20.62340000  0.11362400  0.00000000  0.00000000  0.00000000
     9.38550000  0.24012800  0.00000000  0.00000000  0.00000000
     4.27900000  0.34765200  0.00000000  0.00000000  0.00000000
     1.88830000  0.00000000  1.00000000  0.00000000  0.00000000
     0.77480000  0.00000000  0.00000000  1.00000000  0.00000000
     0.27760000  0.00000000  0.00000000  0.00000000  1.00000000
$ G-TYPE FUNCTIONS
    6    3    0
    20.62340000  0.01640500  0.00000000  0.00000000
     9.38550000  0.06755100  0.00000000  0.00000000
     4.27900000  0.14547200  0.00000000  0.00000000
     1.88830000  0.35322300  0.00000000  0.00000000
     0.77480000  0.00000000  1.00000000  0.00000000
     0.27760000  0.00000000  0.00000000  1.00000000
a  63
$ EUROPIUM       (14s,13p,10d,8f,6g) -> [10s,8p,5d,4f,3g]
$ EUROPIUM       (14s,13p,10d,8f,6g)->[10s,8p,5d,4f,3g]
$ S-TYPE FUNCTIONS
   14   10    0
 70059.42000000  0.00009700  0.00000000  0.00000000  0.00000000  0.00000000  0.00000000
     0.00000000  0.00000000  0.00000000  0.00000000
 10776.23500000  0.00070700  0.00000000  0.00000000  0.00000000  0.00000000  0.00000000
     0.00000000  0.00000000  0.00000000  0.00000000
  2482.49010000  0.00336200  0.00000000  0.00000000  0.00000000  0.00000000  0.00000000
     0.00000000  0.00000000  0.00000000  0.00000000
   702.15260000  0.01020600  0.00000000  0.00000000  0.00000000  0.00000000  0.00000000
     0.00000000  0.00000000  0.00000000  0.00000000
   216.79260000  0.01659700  0.00000000  0.00000000  0.00000000  0.00000000  0.00000000
     0.00000000  0.00000000  0.00000000  0.00000000
    41.49500000  0.00000000  1.00000000  0.00000000  0.00000000  0.00000000  0.00000000
     0.00000000  0.00000000  0.00000000  0.00000000
    29.49690000  0.00000000  0.00000000  1.00000000  0.00000000  0.00000000  0.00000000
     0.00000000  0.00000000  0.00000000  0.00000000
    15.03090000  0.00000000  0.00000000  0.00000000  1.00000000  0.00000000  0.00000000
     0.00000000  0.00000000  0.00000000  0.00000000
     3.77720000  0.00000000  0.00000000  0.00000000  0.00000000  1.00000000  0.00000000
     0.00000000  0.00000000  0.00000000  0.00000000
     1.92190000  0.00000000  0.00000000  0.00000000  0.00000000  0.00000000  1.00000000
     0.00000000  0.00000000  0.00000000  0.00000000
     0.71310000  0.00000000  0.00000000  0.00000000  0.00000000  0.00000000  0.00000000
     1.00000000  0.00000000  0.00000000  0.00000000
     0.30970000  0.00000000  0.00000000  0.00000000  0.00000000  0.00000000  0.00000000
     0.00000000  1.00000000  0.00000000  0.00000000
     0.05490000  0.00000000  0.00000000  0.00000000  0.00000000  0.00000000  0.00000000
     0.00000000  0.00000000  1.00000000  0.00000000
     0.02270000  0.00000000  0.00000000  0.00000000  0.00000000  0.00000000  0.00000000
     0.00000000  0.00000000  0.00000000  1.00000000
$ P-TYPE FUNCTIONS
   13    8    0
  4058.02070000  0.00004800  0.00000000  0.00000000  0.00000000  0.00000000  0.00000000
     0.00000000  0.00000000
  1023.32590000  0.00035700  0.00000000  0.00000000  0.00000000  0.00000000  0.00000000
     0.00000000  0.00000000
   339.38520000  0.00168700  0.00000000  0.00000000  0.00000000  0.00000000  0.00000000
     0.00000000  0.00000000
   122.34850000  0.00569300  0.00000000  0.00000000  0.00000000  0.00000000  0.00000000
     0.00000000  0.00000000
    29.05580000  0.07239800  0.00000000  0.00000000  0.00000000  0.00000000  0.00000000
     0.00000000  0.00000000
    20.62690000 -0.04680700  0.00000000  0.00000000  0.00000000  0.00000000  0.00000000
     0.00000000  0.00000000
    14.61790000  0.00000000  1.00000000  0.00000000  0.00000000  0.00000000  0.00000000
     0.00000000  0.00000000
     5.44440000  0.00000000  0.00000000  1.00000000  0.00000000  0.00000000  0.00000000
     0.00000000  0.00000000
     2.74140000  0.00000000  0.00000000  0.00000000  1.00000000  0.00000000  0.00000000
     0.00000000  0.00000000
     1.22830000  0.00000000  0.00000000  0.00000000  0.00000000  1.00000000  0.00000000
     0.00000000  0.00000000
     0.57690000  0.00000000  0.00000000  0.00000000  0.00000000  0.00000000  1.00000000
     0.00000000  0.00000000
     0.24890000  0.00000000  0.00000000  0.00000000  0.00000000  0.00000000  0.00000000
     1.00000000  0.00000000
     0.08000000  0.00000000  0.00000000  0.00000000  0.00000000  0.00000000  0.00000000
     0.00000000  1.00000000
$ D-TYPE FUNCTIONS
   10    5    0
   389.08410000  0.00053400  0.00000000  0.00000000  0.00000000  0.00000000
   117.76020000  0.00425800  0.00000000  0.00000000  0.00000000  0.00000000
    44.98690000  0.01716000  0.00000000  0.00000000  0.00000000  0.00000000
    22.85990000  0.01242700  0.00000000  0.00000000  0.00000000  0.00000000
     7.83310000  0.27041600  0.00000000  0.00000000  0.00000000  0.00000000
     4.11340000  0.44527200  0.00000000  0.00000000  0.00000000  0.00000000
     2.09990000  0.00000000  1.00000000  0.00000000  0.00000000  0.00000000
     1.00430000  0.00000000  0.00000000  1.00000000  0.00000000  0.00000000
     0.34220000  0.00000000  0.00000000  0.00000000  1.00000000  0.00000000
     0.10510000  0.00000000  0.00000000  0.00000000  0.00000000  1.00000000
$ F-TYPE FUNCTIONS
    8    4    0
   128.23410000  0.00342400  0.00000000  0.00000000  0.00000000
    46.26850000  0.03431300  0.00000000  0.00000000  0.00000000
    20.73660000  0.12319400  0.00000000  0.00000000  0.00000000
     9.44790000  0.25182400  0.00000000  0.00000000  0.00000000
     4.31490000  0.35129200  0.00000000  0.00000000  0.00000000
     1.91210000  0.00000000  1.00000000  0.00000000  0.00000000
     0.78970000  0.00000000  0.00000000  1.00000000  0.00000000
     0.28590000  0.00000000  0.00000000  0.00000000  1.00000000
$ G-TYPE FUNCTIONS
    6    3    0
    20.73660000  0.02651600  0.00000000  0.00000000
     9.44790000  0.09906600  0.00000000  0.00000000
     4.31490000  0.21337800  0.00000000  0.00000000
     1.91210000  0.45371300  0.00000000  0.00000000
     0.78970000  0.00000000  1.00000000  0.00000000
     0.28590000  0.00000000  0.00000000  1.00000000
a  64
$ GADOLIUM       (14s,13p,10d,8f,6g) -> [10s,8p,5d,4f,3g]
$ GADOLIUM       (14s,13p,10d,8f,6g)->[10s,8p,5d,4f,3g]
$ S-TYPE FUNCTIONS
   14   10    0
 70672.98200000  0.00013500  0.00000000  0.00000000  0.00000000  0.00000000  0.00000000
     0.00000000  0.00000000  0.00000000  0.00000000
 10580.42000000  0.00100600  0.00000000  0.00000000  0.00000000  0.00000000  0.00000000
     0.00000000  0.00000000  0.00000000  0.00000000
  2467.21960000  0.00460500  0.00000000  0.00000000  0.00000000  0.00000000  0.00000000
     0.00000000  0.00000000  0.00000000  0.00000000
   710.30550000  0.01357700  0.00000000  0.00000000  0.00000000  0.00000000  0.00000000
     0.00000000  0.00000000  0.00000000  0.00000000
   223.69340000  0.02091500  0.00000000  0.00000000  0.00000000  0.00000000  0.00000000
     0.00000000  0.00000000  0.00000000  0.00000000
    42.88450000  0.00000000  1.00000000  0.00000000  0.00000000  0.00000000  0.00000000
     0.00000000  0.00000000  0.00000000  0.00000000
    30.59520000  0.00000000  0.00000000  1.00000000  0.00000000  0.00000000  0.00000000
     0.00000000  0.00000000  0.00000000  0.00000000
    15.79230000  0.00000000  0.00000000  0.00000000  1.00000000  0.00000000  0.00000000
     0.00000000  0.00000000  0.00000000  0.00000000
     3.95980000  0.00000000  0.00000000  0.00000000  0.00000000  1.00000000  0.00000000
     0.00000000  0.00000000  0.00000000  0.00000000
     2.00770000  0.00000000  0.00000000  0.00000000  0.00000000  0.00000000  1.00000000
     0.00000000  0.00000000  0.00000000  0.00000000
     0.74940000  0.00000000  0.00000000  0.00000000  0.00000000  0.00000000  0.00000000
     1.00000000  0.00000000  0.00000000  0.00000000
     0.32410000  0.00000000  0.00000000  0.00000000  0.00000000  0.00000000  0.00000000
     0.00000000  1.00000000  0.00000000  0.00000000
     0.05780000  0.00000000  0.00000000  0.00000000  0.00000000  0.00000000  0.00000000
     0.00000000  0.00000000  1.00000000  0.00000000
     0.02370000  0.00000000  0.00000000  0.00000000  0.00000000  0.00000000  0.00000000
     0.00000000  0.00000000  0.00000000  1.00000000
$ P-TYPE FUNCTIONS
   13    8    0
  4319.88790000  0.00005800  0.00000000  0.00000000  0.00000000  0.00000000  0.00000000
     0.00000000  0.00000000
  1015.39700000  0.00049300  0.00000000  0.00000000  0.00000000  0.00000000  0.00000000
     0.00000000  0.00000000
   323.72580000  0.00238800  0.00000000  0.00000000  0.00000000  0.00000000  0.00000000
     0.00000000  0.00000000
   116.23940000  0.00750400  0.00000000  0.00000000  0.00000000  0.00000000  0.00000000
     0.00000000  0.00000000
    29.20180000  0.08114500  0.00000000  0.00000000  0.00000000  0.00000000  0.00000000
     0.00000000  0.00000000
    20.83530000 -0.06615400  0.00000000  0.00000000  0.00000000  0.00000000  0.00000000
     0.00000000  0.00000000
    14.85680000  0.00000000  1.00000000  0.00000000  0.00000000  0.00000000  0.00000000
     0.00000000  0.00000000
     5.55410000  0.00000000  0.00000000  1.00000000  0.00000000  0.00000000  0.00000000
     0.00000000  0.00000000
     2.79180000  0.00000000  0.00000000  0.00000000  1.00000000  0.00000000  0.00000000
     0.00000000  0.00000000
     1.24820000  0.00000000  0.00000000  0.00000000  0.00000000  1.00000000  0.00000000
     0.00000000  0.00000000
     0.58430000  0.00000000  0.00000000  0.00000000  0.00000000  0.00000000  1.00000000
     0.00000000  0.00000000
     0.25120000  0.00000000  0.00000000  0.00000000  0.00000000  0.00000000  0.00000000
     1.00000000  0.00000000
     0.08000000  0.00000000  0.00000000  0.00000000  0.00000000  0.00000000  0.00000000
     0.00000000  1.00000000
$ D-TYPE FUNCTIONS
   10    5    0
   406.09940000  0.00065500  0.00000000  0.00000000  0.00000000  0.00000000
   122.42050000  0.00534100  0.00000000  0.00000000  0.00000000  0.00000000
    46.36790000  0.02218000  0.00000000  0.00000000  0.00000000  0.00000000
    20.72890000  0.02963000  0.00000000  0.00000000  0.00000000  0.00000000
     7.97730000  0.28827000  0.00000000  0.00000000  0.00000000  0.00000000
     4.11750000  0.44967800  0.00000000  0.00000000  0.00000000  0.00000000
     2.07830000  0.00000000  1.00000000  0.00000000  0.00000000  0.00000000
     0.98880000  0.00000000  0.00000000  1.00000000  0.00000000  0.00000000
     0.33890000  0.00000000  0.00000000  0.00000000  1.00000000  0.00000000
     0.10370000  0.00000000  0.00000000  0.00000000  0.00000000  1.00000000
$ F-TYPE FUNCTIONS
    8    4    0
   128.70520000  0.00397000  0.00000000  0.00000000  0.00000000
    46.56470000  0.03873500  0.00000000  0.00000000  0.00000000
    20.88820000  0.13395800  0.00000000  0.00000000  0.00000000
     9.52330000  0.26283500  0.00000000  0.00000000  0.00000000
     4.34760000  0.35391100  0.00000000  0.00000000  0.00000000
     1.92410000  0.00000000  1.00000000  0.00000000  0.00000000
     0.79260000  0.00000000  0.00000000  1.00000000  0.00000000
     0.28550000  0.00000000  0.00000000  0.00000000  1.00000000
$ G-TYPE FUNCTIONS
    6    3    0
    20.88820000  0.02707300  0.00000000  0.00000000
     9.52330000  0.09417400  0.00000000  0.00000000
     4.34760000  0.20520100  0.00000000  0.00000000
     1.92410000  0.40397900  0.00000000  0.00000000
     0.79260000  0.00000000  1.00000000  0.00000000
     0.28550000  0.00000000  0.00000000  1.00000000
a  65
$ TERBIUM       (14s,13p,10d,8f,6g) -> [10s,8p,5d,4f,3g]
$ TERBIUM       (14s,13p,10d,8f,6g)->[10s,8p,5d,4f,3g]
$ S-TYPE FUNCTIONS
   14   10    0
 72672.98200000  0.00014500  0.00000000  0.00000000  0.00000000  0.00000000  0.00000000
     0.00000000  0.00000000  0.00000000  0.00000000
 10989.46700000  0.00108100  0.00000000  0.00000000  0.00000000  0.00000000  0.00000000
     0.00000000  0.00000000  0.00000000  0.00000000
  2527.11750000  0.00506100  0.00000000  0.00000000  0.00000000  0.00000000  0.00000000
     0.00000000  0.00000000  0.00000000  0.00000000
   721.01020000  0.01472700  0.00000000  0.00000000  0.00000000  0.00000000  0.00000000
     0.00000000  0.00000000  0.00000000  0.00000000
   226.91820000  0.02202900  0.00000000  0.00000000  0.00000000  0.00000000  0.00000000
     0.00000000  0.00000000  0.00000000  0.00000000
    46.08460000  0.00000000  1.00000000  0.00000000  0.00000000  0.00000000  0.00000000
     0.00000000  0.00000000  0.00000000  0.00000000
    30.51570000  0.00000000  0.00000000  1.00000000  0.00000000  0.00000000  0.00000000
     0.00000000  0.00000000  0.00000000  0.00000000
    15.76320000  0.00000000  0.00000000  0.00000000  1.00000000  0.00000000  0.00000000
     0.00000000  0.00000000  0.00000000  0.00000000
     4.03940000  0.00000000  0.00000000  0.00000000  0.00000000  1.00000000  0.00000000
     0.00000000  0.00000000  0.00000000  0.00000000
     2.06600000  0.00000000  0.00000000  0.00000000  0.00000000  0.00000000  1.00000000
     0.00000000  0.00000000  0.00000000  0.00000000
     0.74960000  0.00000000  0.00000000  0.00000000  0.00000000  0.00000000  0.00000000
     1.00000000  0.00000000  0.00000000  0.00000000
     0.32390000  0.00000000  0.00000000  0.00000000  0.00000000  0.00000000  0.00000000
     0.00000000  1.00000000  0.00000000  0.00000000
     0.05610000  0.00000000  0.00000000  0.00000000  0.00000000  0.00000000  0.00000000
     0.00000000  0.00000000  1.00000000  0.00000000
     0.02310000  0.00000000  0.00000000  0.00000000  0.00000000  0.00000000  0.00000000
     0.00000000  0.00000000  0.00000000  1.00000000
$ P-TYPE FUNCTIONS
   13    8    0
  4392.66750000  0.00007000  0.00000000  0.00000000  0.00000000  0.00000000  0.00000000
     0.00000000  0.00000000
  1041.28910000  0.00058600  0.00000000  0.00000000  0.00000000  0.00000000  0.00000000
     0.00000000  0.00000000
   334.50070000  0.00278800  0.00000000  0.00000000  0.00000000  0.00000000  0.00000000
     0.00000000  0.00000000
   120.98110000  0.00871000  0.00000000  0.00000000  0.00000000  0.00000000  0.00000000
     0.00000000  0.00000000
    32.27070000  0.06594200  0.00000000  0.00000000  0.00000000  0.00000000  0.00000000
     0.00000000  0.00000000
    22.83780000 -0.02228700  0.00000000  0.00000000  0.00000000  0.00000000  0.00000000
     0.00000000  0.00000000
    16.21830000  0.00000000  1.00000000  0.00000000  0.00000000  0.00000000  0.00000000
     0.00000000  0.00000000
     5.79870000  0.00000000  0.00000000  1.00000000  0.00000000  0.00000000  0.00000000
     0.00000000  0.00000000
     2.88980000  0.00000000  0.00000000  0.00000000  1.00000000  0.00000000  0.00000000
     0.00000000  0.00000000
     1.25360000  0.00000000  0.00000000  0.00000000  0.00000000  1.00000000  0.00000000
     0.00000000  0.00000000
     0.59140000  0.00000000  0.00000000  0.00000000  0.00000000  0.00000000  1.00000000
     0.00000000  0.00000000
     0.25600000  0.00000000  0.00000000  0.00000000  0.00000000  0.00000000  0.00000000
     1.00000000  0.00000000
     0.08000000  0.00000000  0.00000000  0.00000000  0.00000000  0.00000000  0.00000000
     0.00000000  1.00000000
$ D-TYPE FUNCTIONS
   10    5    0
   410.83070000  0.00084900  0.00000000  0.00000000  0.00000000  0.00000000
   123.83550000  0.00693700  0.00000000  0.00000000  0.00000000  0.00000000
    47.01310000  0.02853300  0.00000000  0.00000000  0.00000000  0.00000000
    20.29890000  0.05034200  0.00000000  0.00000000  0.00000000  0.00000000
     8.01380000  0.30163300  0.00000000  0.00000000  0.00000000  0.00000000
     4.08550000  0.44817800  0.00000000  0.00000000  0.00000000  0.00000000
     2.05160000  0.00000000  1.00000000  0.00000000  0.00000000  0.00000000
     0.98380000  0.00000000  0.00000000  1.00000000  0.00000000  0.00000000
     0.34200000  0.00000000  0.00000000  0.00000000  1.00000000  0.00000000
     0.10580000  0.00000000  0.00000000  0.00000000  0.00000000  1.00000000
$ F-TYPE FUNCTIONS
    8    4    0
   128.96660000  0.00458800  0.00000000  0.00000000  0.00000000
    46.78610000  0.04356300  0.00000000  0.00000000  0.00000000
    21.00210000  0.14488000  0.00000000  0.00000000  0.00000000
     9.57730000  0.27243000  0.00000000  0.00000000  0.00000000
     4.37160000  0.35365200  0.00000000  0.00000000  0.00000000
     1.93430000  0.00000000  1.00000000  0.00000000  0.00000000
     0.79600000  0.00000000  0.00000000  1.00000000  0.00000000
     0.28660000  0.00000000  0.00000000  0.00000000  1.00000000
$ G-TYPE FUNCTIONS
    6    3    0
    21.00210000  0.03308200  0.00000000  0.00000000
     9.57730000  0.10747500  0.00000000  0.00000000
     4.37160000  0.23227800  0.00000000  0.00000000
     1.93430000  0.42389700  0.00000000  0.00000000
     0.79600000  0.00000000  1.00000000  0.00000000
     0.28660000  0.00000000  0.00000000  1.00000000
a  66
$ DYSPROSIUM       (14s,13p,10d,8f,6g) -> [10s,8p,5d,4f,3g]
$ DYSPROSIUM       (14s,13p,10d,8f,6g)->[10s,8p,5d,4f,3g]
$ S-TYPE FUNCTIONS
   14   10    0
 78529.74300000  0.00013800  0.00000000  0.00000000  0.00000000  0.00000000  0.00000000
     0.00000000  0.00000000  0.00000000  0.00000000
 11854.69900000  0.00103300  0.00000000  0.00000000  0.00000000  0.00000000  0.00000000
     0.00000000  0.00000000  0.00000000  0.00000000
  2719.98070000  0.00486100  0.00000000  0.00000000  0.00000000  0.00000000  0.00000000
     0.00000000  0.00000000  0.00000000  0.00000000
   772.40360000  0.01434000  0.00000000  0.00000000  0.00000000  0.00000000  0.00000000
     0.00000000  0.00000000  0.00000000  0.00000000
   242.03200000  0.02162000  0.00000000  0.00000000  0.00000000  0.00000000  0.00000000
     0.00000000  0.00000000  0.00000000  0.00000000
    48.35620000  0.00000000  1.00000000  0.00000000  0.00000000  0.00000000  0.00000000
     0.00000000  0.00000000  0.00000000  0.00000000
    31.88060000  0.00000000  0.00000000  1.00000000  0.00000000  0.00000000  0.00000000
     0.00000000  0.00000000  0.00000000  0.00000000
    16.86090000  0.00000000  0.00000000  0.00000000  1.00000000  0.00000000  0.00000000
     0.00000000  0.00000000  0.00000000  0.00000000
     4.21550000  0.00000000  0.00000000  0.00000000  0.00000000  1.00000000  0.00000000
     0.00000000  0.00000000  0.00000000  0.00000000
     2.12870000  0.00000000  0.00000000  0.00000000  0.00000000  0.00000000  1.00000000
     0.00000000  0.00000000  0.00000000  0.00000000
     0.78890000  0.00000000  0.00000000  0.00000000  0.00000000  0.00000000  0.00000000
     1.00000000  0.00000000  0.00000000  0.00000000
     0.33830000  0.00000000  0.00000000  0.00000000  0.00000000  0.00000000  0.00000000
     0.00000000  1.00000000  0.00000000  0.00000000
     0.05810000  0.00000000  0.00000000  0.00000000  0.00000000  0.00000000  0.00000000
     0.00000000  0.00000000  1.00000000  0.00000000
     0.02380000  0.00000000  0.00000000  0.00000000  0.00000000  0.00000000  0.00000000
     0.00000000  0.00000000  0.00000000  1.00000000
$ P-TYPE FUNCTIONS
   13    8    0
  4069.16260000  0.00011900  0.00000000  0.00000000  0.00000000  0.00000000  0.00000000
     0.00000000  0.00000000
   962.25980000  0.00098700  0.00000000  0.00000000  0.00000000  0.00000000  0.00000000
     0.00000000  0.00000000
   308.60090000  0.00460800  0.00000000  0.00000000  0.00000000  0.00000000  0.00000000
     0.00000000  0.00000000
   112.40990000  0.01336200  0.00000000  0.00000000  0.00000000  0.00000000  0.00000000
     0.00000000  0.00000000
    32.27070000  0.07644400  0.00000000  0.00000000  0.00000000  0.00000000  0.00000000
     0.00000000  0.00000000
    22.83780000 -0.03986100  0.00000000  0.00000000  0.00000000  0.00000000  0.00000000
     0.00000000  0.00000000
    16.30880000  0.00000000  1.00000000  0.00000000  0.00000000  0.00000000  0.00000000
     0.00000000  0.00000000
     5.88070000  0.00000000  0.00000000  1.00000000  0.00000000  0.00000000  0.00000000
     0.00000000  0.00000000
     2.92130000  0.00000000  0.00000000  0.00000000  1.00000000  0.00000000  0.00000000
     0.00000000  0.00000000
     1.25850000  0.00000000  0.00000000  0.00000000  0.00000000  1.00000000  0.00000000
     0.00000000  0.00000000
     0.59260000  0.00000000  0.00000000  0.00000000  0.00000000  0.00000000  1.00000000
     0.00000000  0.00000000
     0.25690000  0.00000000  0.00000000  0.00000000  0.00000000  0.00000000  0.00000000
     1.00000000  0.00000000
     0.08000000  0.00000000  0.00000000  0.00000000  0.00000000  0.00000000  0.00000000
     0.00000000  1.00000000
$ D-TYPE FUNCTIONS
   10    5    0
   409.80320000  0.00104600  0.00000000  0.00000000  0.00000000  0.00000000
   123.71040000  0.00844800  0.00000000  0.00000000  0.00000000  0.00000000
    47.09760000  0.03394500  0.00000000  0.00000000  0.00000000  0.00000000
    20.12020000  0.06331300  0.00000000  0.00000000  0.00000000  0.00000000
     8.15710000  0.31054200  0.00000000  0.00000000  0.00000000  0.00000000
     4.14740000  0.44327600  0.00000000  0.00000000  0.00000000  0.00000000
     2.08250000  0.00000000  1.00000000  0.00000000  0.00000000  0.00000000
     0.99980000  0.00000000  0.00000000  1.00000000  0.00000000  0.00000000
     0.32020000  0.00000000  0.00000000  0.00000000  1.00000000  0.00000000
     0.09130000  0.00000000  0.00000000  0.00000000  0.00000000  1.00000000
$ F-TYPE FUNCTIONS
    8    4    0
   129.62740000  0.00525200  0.00000000  0.00000000  0.00000000
    47.17270000  0.04849000  0.00000000  0.00000000  0.00000000
    21.15860000  0.15475200  0.00000000  0.00000000  0.00000000
     9.63810000  0.28117000  0.00000000  0.00000000  0.00000000
     4.39530000  0.35382800  0.00000000  0.00000000  0.00000000
     1.94260000  0.00000000  1.00000000  0.00000000  0.00000000
     0.79800000  0.00000000  0.00000000  1.00000000  0.00000000
     0.28660000  0.00000000  0.00000000  0.00000000  1.00000000
$ G-TYPE FUNCTIONS
    6    3    0
    21.15860000  0.04092000  0.00000000  0.00000000
     9.63810000  0.12549700  0.00000000  0.00000000
     4.39530000  0.26839700  0.00000000  0.00000000
     1.94260000  0.45159500  0.00000000  0.00000000
     0.79800000  0.00000000  1.00000000  0.00000000
     0.28660000  0.00000000  0.00000000  1.00000000
a  67
$ HOLMIUM       (14s,13p,10d,8f,6g) -> [10s,8p,5d,4f,3g]
$ HOLMIUM       (14s,13p,10d,8f,6g)->[10s,8p,5d,4f,3g]
$ S-TYPE FUNCTIONS
   14   10    0
 86373.95500000  0.00007800  0.00000000  0.00000000  0.00000000  0.00000000  0.00000000
     0.00000000  0.00000000  0.00000000  0.00000000
 13014.20000000  0.00058800  0.00000000  0.00000000  0.00000000  0.00000000  0.00000000
     0.00000000  0.00000000  0.00000000  0.00000000
  2974.24170000  0.00280100  0.00000000  0.00000000  0.00000000  0.00000000  0.00000000
     0.00000000  0.00000000  0.00000000  0.00000000
   840.77100000  0.00836400  0.00000000  0.00000000  0.00000000  0.00000000  0.00000000
     0.00000000  0.00000000  0.00000000  0.00000000
   258.12230000  0.01341900  0.00000000  0.00000000  0.00000000  0.00000000  0.00000000
     0.00000000  0.00000000  0.00000000  0.00000000
    49.76480000  0.00000000  1.00000000  0.00000000  0.00000000  0.00000000  0.00000000
     0.00000000  0.00000000  0.00000000  0.00000000
    35.54630000  0.00000000  0.00000000  1.00000000  0.00000000  0.00000000  0.00000000
     0.00000000  0.00000000  0.00000000  0.00000000
    18.12900000  0.00000000  0.00000000  0.00000000  1.00000000  0.00000000  0.00000000
     0.00000000  0.00000000  0.00000000  0.00000000
     4.44560000  0.00000000  0.00000000  0.00000000  0.00000000  1.00000000  0.00000000
     0.00000000  0.00000000  0.00000000  0.00000000
     2.21700000  0.00000000  0.00000000  0.00000000  0.00000000  0.00000000  1.00000000
     0.00000000  0.00000000  0.00000000  0.00000000
     0.83290000  0.00000000  0.00000000  0.00000000  0.00000000  0.00000000  0.00000000
     1.00000000  0.00000000  0.00000000  0.00000000
     0.35440000  0.00000000  0.00000000  0.00000000  0.00000000  0.00000000  0.00000000
     0.00000000  1.00000000  0.00000000  0.00000000
     0.05970000  0.00000000  0.00000000  0.00000000  0.00000000  0.00000000  0.00000000
     0.00000000  0.00000000  1.00000000  0.00000000
     0.02440000  0.00000000  0.00000000  0.00000000  0.00000000  0.00000000  0.00000000
     0.00000000  0.00000000  0.00000000  1.00000000
$ P-TYPE FUNCTIONS
   13    8    0
  4325.38140000  0.00014100  0.00000000  0.00000000  0.00000000  0.00000000  0.00000000
     0.00000000  0.00000000
  1002.32830000  0.00122000  0.00000000  0.00000000  0.00000000  0.00000000  0.00000000
     0.00000000  0.00000000
   312.03850000  0.00605100  0.00000000  0.00000000  0.00000000  0.00000000  0.00000000
     0.00000000  0.00000000
   110.73810000  0.01734300  0.00000000  0.00000000  0.00000000  0.00000000  0.00000000
     0.00000000  0.00000000
    32.14230000  0.08949800  0.00000000  0.00000000  0.00000000  0.00000000  0.00000000
     0.00000000  0.00000000
    20.43450000 -0.13826300  0.00000000  0.00000000  0.00000000  0.00000000  0.00000000
     0.00000000  0.00000000
    14.44160000  0.00000000  1.00000000  0.00000000  0.00000000  0.00000000  0.00000000
     0.00000000  0.00000000
     6.03500000  0.00000000  0.00000000  1.00000000  0.00000000  0.00000000  0.00000000
     0.00000000  0.00000000
     3.00200000  0.00000000  0.00000000  0.00000000  1.00000000  0.00000000  0.00000000
     0.00000000  0.00000000
     1.33240000  0.00000000  0.00000000  0.00000000  0.00000000  1.00000000  0.00000000
     0.00000000  0.00000000
     0.61270000  0.00000000  0.00000000  0.00000000  0.00000000  0.00000000  1.00000000
     0.00000000  0.00000000
     0.26270000  0.00000000  0.00000000  0.00000000  0.00000000  0.00000000  0.00000000
     1.00000000  0.00000000
     0.08000000  0.00000000  0.00000000  0.00000000  0.00000000  0.00000000  0.00000000
     0.00000000  1.00000000
$ D-TYPE FUNCTIONS
   10    5    0
   454.44040000  0.00106500  0.00000000  0.00000000  0.00000000  0.00000000
   137.41230000  0.00875400  0.00000000  0.00000000  0.00000000  0.00000000
    52.69360000  0.03589600  0.00000000  0.00000000  0.00000000  0.00000000
    22.60370000  0.07684800  0.00000000  0.00000000  0.00000000  0.00000000
     8.78080000  0.29227300  0.00000000  0.00000000  0.00000000  0.00000000
     4.37520000  0.45709200  0.00000000  0.00000000  0.00000000  0.00000000
     2.10220000  0.00000000  1.00000000  0.00000000  0.00000000  0.00000000
     0.90730000  0.00000000  0.00000000  1.00000000  0.00000000  0.00000000
     0.31720000  0.00000000  0.00000000  0.00000000  1.00000000  0.00000000
     0.09750000  0.00000000  0.00000000  0.00000000  0.00000000  1.00000000
$ F-TYPE FUNCTIONS
    8    4    0
   136.46780000  0.00523000  0.00000000  0.00000000  0.00000000
    49.56920000  0.04844900  0.00000000  0.00000000  0.00000000
    22.24710000  0.15620800  0.00000000  0.00000000  0.00000000
    10.13590000  0.28238400  0.00000000  0.00000000  0.00000000
     4.61860000  0.35388100  0.00000000  0.00000000  0.00000000
     2.03750000  0.00000000  1.00000000  0.00000000  0.00000000
     0.83430000  0.00000000  0.00000000  1.00000000  0.00000000
     0.29790000  0.00000000  0.00000000  0.00000000  1.00000000
$ G-TYPE FUNCTIONS
    6    3    0
    22.24710000  0.04611400  0.00000000  0.00000000
    10.13590000  0.14079400  0.00000000  0.00000000
     4.61860000  0.30152100  0.00000000  0.00000000
     2.03750000  0.47987000  0.00000000  0.00000000
     0.83430000  0.00000000  1.00000000  0.00000000
     0.29790000  0.00000000  0.00000000  1.00000000
a  68
$ ERBIUM       (14s,13p,10d,8f,6g) -> [10s,8p,5d,4f,3g]
$ ERBIUM       (14s,13p,10d,8f,6g)->[10s,8p,5d,4f,3g]
$ S-TYPE FUNCTIONS
   14   10    0
 89904.83500000  0.00006300  0.00000000  0.00000000  0.00000000  0.00000000  0.00000000
     0.00000000  0.00000000  0.00000000  0.00000000
 13532.87400000  0.00047300  0.00000000  0.00000000  0.00000000  0.00000000  0.00000000
     0.00000000  0.00000000  0.00000000  0.00000000
  3087.30420000  0.00225400  0.00000000  0.00000000  0.00000000  0.00000000  0.00000000
     0.00000000  0.00000000  0.00000000  0.00000000
   870.18760000  0.00670600  0.00000000  0.00000000  0.00000000  0.00000000  0.00000000
     0.00000000  0.00000000  0.00000000  0.00000000
   263.42620000  0.01088200  0.00000000  0.00000000  0.00000000  0.00000000  0.00000000
     0.00000000  0.00000000  0.00000000  0.00000000
    52.41410000  0.00000000  1.00000000  0.00000000  0.00000000  0.00000000  0.00000000
     0.00000000  0.00000000  0.00000000  0.00000000
    37.43870000  0.00000000  0.00000000  1.00000000  0.00000000  0.00000000  0.00000000
     0.00000000  0.00000000  0.00000000  0.00000000
    18.93000000  0.00000000  0.00000000  0.00000000  1.00000000  0.00000000  0.00000000
     0.00000000  0.00000000  0.00000000  0.00000000
     4.62930000  0.00000000  0.00000000  0.00000000  0.00000000  1.00000000  0.00000000
     0.00000000  0.00000000  0.00000000  0.00000000
     2.30280000  0.00000000  0.00000000  0.00000000  0.00000000  0.00000000  1.00000000
     0.00000000  0.00000000  0.00000000  0.00000000
     0.86460000  0.00000000  0.00000000  0.00000000  0.00000000  0.00000000  0.00000000
     1.00000000  0.00000000  0.00000000  0.00000000
     0.36610000  0.00000000  0.00000000  0.00000000  0.00000000  0.00000000  0.00000000
     0.00000000  1.00000000  0.00000000  0.00000000
     0.06050000  0.00000000  0.00000000  0.00000000  0.00000000  0.00000000  0.00000000
     0.00000000  0.00000000  1.00000000  0.00000000
     0.02470000  0.00000000  0.00000000  0.00000000  0.00000000  0.00000000  0.00000000
     0.00000000  0.00000000  0.00000000  1.00000000
$ P-TYPE FUNCTIONS
   13    8    0
  3801.97370000  0.00020100  0.00000000  0.00000000  0.00000000  0.00000000  0.00000000
     0.00000000  0.00000000
   896.72170000  0.00164200  0.00000000  0.00000000  0.00000000  0.00000000  0.00000000
     0.00000000  0.00000000
   286.42470000  0.00748200  0.00000000  0.00000000  0.00000000  0.00000000  0.00000000
     0.00000000  0.00000000
   104.49430000  0.01930300  0.00000000  0.00000000  0.00000000  0.00000000  0.00000000
     0.00000000  0.00000000
    31.15650000  0.10827500  0.00000000  0.00000000  0.00000000  0.00000000  0.00000000
     0.00000000  0.00000000
    20.33230000 -0.20837000  0.00000000  0.00000000  0.00000000  0.00000000  0.00000000
     0.00000000  0.00000000
    14.45170000  0.00000000  1.00000000  0.00000000  0.00000000  0.00000000  0.00000000
     0.00000000  0.00000000
     6.05240000  0.00000000  0.00000000  1.00000000  0.00000000  0.00000000  0.00000000
     0.00000000  0.00000000
     3.00430000  0.00000000  0.00000000  0.00000000  1.00000000  0.00000000  0.00000000
     0.00000000  0.00000000
     1.32780000  0.00000000  0.00000000  0.00000000  0.00000000  1.00000000  0.00000000
     0.00000000  0.00000000
     0.60930000  0.00000000  0.00000000  0.00000000  0.00000000  0.00000000  1.00000000
     0.00000000  0.00000000
     0.26290000  0.00000000  0.00000000  0.00000000  0.00000000  0.00000000  0.00000000
     1.00000000  0.00000000
     0.08000000  0.00000000  0.00000000  0.00000000  0.00000000  0.00000000  0.00000000
     0.00000000  1.00000000
$ D-TYPE FUNCTIONS
   10    5    0
   456.00080000  0.00141800  0.00000000  0.00000000  0.00000000  0.00000000
   138.15230000  0.01158600  0.00000000  0.00000000  0.00000000  0.00000000
    53.20440000  0.04684900  0.00000000  0.00000000  0.00000000  0.00000000
    22.68150000  0.10408300  0.00000000  0.00000000  0.00000000  0.00000000
     8.99710000  0.28843400  0.00000000  0.00000000  0.00000000  0.00000000
     4.42980000  0.44983300  0.00000000  0.00000000  0.00000000  0.00000000
     2.11540000  0.00000000  1.00000000  0.00000000  0.00000000  0.00000000
     0.90920000  0.00000000  0.00000000  1.00000000  0.00000000  0.00000000
     0.31100000  0.00000000  0.00000000  0.00000000  1.00000000  0.00000000
     0.09330000  0.00000000  0.00000000  0.00000000  0.00000000  1.00000000
$ F-TYPE FUNCTIONS
    8    4    0
   137.95750000  0.00521800  0.00000000  0.00000000  0.00000000
    49.67320000  0.04804700  0.00000000  0.00000000  0.00000000
    22.27540000  0.16363400  0.00000000  0.00000000  0.00000000
    10.21230000  0.28948300  0.00000000  0.00000000  0.00000000
     4.65890000  0.35374200  0.00000000  0.00000000  0.00000000
     2.05510000  0.00000000  1.00000000  0.00000000  0.00000000
     0.84060000  0.00000000  0.00000000  1.00000000  0.00000000
     0.29960000  0.00000000  0.00000000  0.00000000  1.00000000
$ G-TYPE FUNCTIONS
    6    3    0
    22.27540000  0.05156400  0.00000000  0.00000000
    10.21230000  0.15094900  0.00000000  0.00000000
     4.65890000  0.31750400  0.00000000  0.00000000
     2.05510000  0.46684400  0.00000000  0.00000000
     0.84060000  0.00000000  1.00000000  0.00000000
     0.29960000  0.00000000  0.00000000  1.00000000
a  69
$ THULIUM       (14s,13p,10d,8f,6g) -> [10s,8p,5d,4f,3g]
$ THULIUM       (14s,13p,10d,8f,6g)->[10s,8p,5d,4f,3g]
$ S-TYPE FUNCTIONS
   14   10    0
 91965.74100000  0.00005600  0.00000000  0.00000000  0.00000000  0.00000000  0.00000000
     0.00000000  0.00000000  0.00000000  0.00000000
 13821.71800000  0.00042000  0.00000000  0.00000000  0.00000000  0.00000000  0.00000000
     0.00000000  0.00000000  0.00000000  0.00000000
  3143.93930000  0.00201000  0.00000000  0.00000000  0.00000000  0.00000000  0.00000000
     0.00000000  0.00000000  0.00000000  0.00000000
   882.03480000  0.00593100  0.00000000  0.00000000  0.00000000  0.00000000  0.00000000
     0.00000000  0.00000000  0.00000000  0.00000000
   261.83820000  0.00967100  0.00000000  0.00000000  0.00000000  0.00000000  0.00000000
     0.00000000  0.00000000  0.00000000  0.00000000
    55.31080000  0.00000000  1.00000000  0.00000000  0.00000000  0.00000000  0.00000000
     0.00000000  0.00000000  0.00000000  0.00000000
    39.50770000  0.00000000  0.00000000  1.00000000  0.00000000  0.00000000  0.00000000
     0.00000000  0.00000000  0.00000000  0.00000000
    19.62510000  0.00000000  0.00000000  0.00000000  1.00000000  0.00000000  0.00000000
     0.00000000  0.00000000  0.00000000  0.00000000
     4.81950000  0.00000000  0.00000000  0.00000000  0.00000000  1.00000000  0.00000000
     0.00000000  0.00000000  0.00000000  0.00000000
     2.39540000  0.00000000  0.00000000  0.00000000  0.00000000  0.00000000  1.00000000
     0.00000000  0.00000000  0.00000000  0.00000000
     0.89260000  0.00000000  0.00000000  0.00000000  0.00000000  0.00000000  0.00000000
     1.00000000  0.00000000  0.00000000  0.00000000
     0.37650000  0.00000000  0.00000000  0.00000000  0.00000000  0.00000000  0.00000000
     0.00000000  1.00000000  0.00000000  0.00000000
     0.06150000  0.00000000  0.00000000  0.00000000  0.00000000  0.00000000  0.00000000
     0.00000000  0.00000000  1.00000000  0.00000000
     0.02500000  0.00000000  0.00000000  0.00000000  0.00000000  0.00000000  0.00000000
     0.00000000  0.00000000  0.00000000  1.00000000
$ P-TYPE FUNCTIONS
   13    8    0
  3687.32990000  0.00028200  0.00000000  0.00000000  0.00000000  0.00000000  0.00000000
     0.00000000  0.00000000
   875.10930000  0.00225600  0.00000000  0.00000000  0.00000000  0.00000000  0.00000000
     0.00000000  0.00000000
   282.40680000  0.00996200  0.00000000  0.00000000  0.00000000  0.00000000  0.00000000
     0.00000000  0.00000000
   104.31900000  0.02477600  0.00000000  0.00000000  0.00000000  0.00000000  0.00000000
     0.00000000  0.00000000
    32.94740000  0.09816400  0.00000000  0.00000000  0.00000000  0.00000000  0.00000000
     0.00000000  0.00000000
    20.05360000 -0.19527800  0.00000000  0.00000000  0.00000000  0.00000000  0.00000000
     0.00000000  0.00000000
    14.32400000  0.00000000  1.00000000  0.00000000  0.00000000  0.00000000  0.00000000
     0.00000000  0.00000000
     6.14250000  0.00000000  0.00000000  1.00000000  0.00000000  0.00000000  0.00000000
     0.00000000  0.00000000
     3.04290000  0.00000000  0.00000000  0.00000000  1.00000000  0.00000000  0.00000000
     0.00000000  0.00000000
     1.34380000  0.00000000  0.00000000  0.00000000  0.00000000  1.00000000  0.00000000
     0.00000000  0.00000000
     0.61400000  0.00000000  0.00000000  0.00000000  0.00000000  0.00000000  1.00000000
     0.00000000  0.00000000
     0.26490000  0.00000000  0.00000000  0.00000000  0.00000000  0.00000000  0.00000000
     1.00000000  0.00000000
     0.08000000  0.00000000  0.00000000  0.00000000  0.00000000  0.00000000  0.00000000
     0.00000000  1.00000000
$ D-TYPE FUNCTIONS
   10    5    0
   462.75630000  0.00159000  0.00000000  0.00000000  0.00000000  0.00000000
   140.26880000  0.01289200  0.00000000  0.00000000  0.00000000  0.00000000
    54.03890000  0.05141600  0.00000000  0.00000000  0.00000000  0.00000000
    22.99370000  0.11270300  0.00000000  0.00000000  0.00000000  0.00000000
     9.17440000  0.29479100  0.00000000  0.00000000  0.00000000  0.00000000
     4.49850000  0.44636800  0.00000000  0.00000000  0.00000000  0.00000000
     2.14340000  0.00000000  1.00000000  0.00000000  0.00000000  0.00000000
     0.91950000  0.00000000  0.00000000  1.00000000  0.00000000  0.00000000
     0.31310000  0.00000000  0.00000000  0.00000000  1.00000000  0.00000000
     0.09340000  0.00000000  0.00000000  0.00000000  0.00000000  1.00000000
$ F-TYPE FUNCTIONS
    8    4    0
   139.45920000  0.00598000  0.00000000  0.00000000  0.00000000
    50.46880000  0.05373600  0.00000000  0.00000000  0.00000000
    22.64690000  0.17238700  0.00000000  0.00000000  0.00000000
    10.34670000  0.29555200  0.00000000  0.00000000  0.00000000
     4.71360000  0.35243800  0.00000000  0.00000000  0.00000000
     2.07730000  0.00000000  1.00000000  0.00000000  0.00000000
     0.84900000  0.00000000  0.00000000  1.00000000  0.00000000
     0.30230000  0.00000000  0.00000000  0.00000000  1.00000000
$ G-TYPE FUNCTIONS
    6    3    0
    22.64690000  0.05996500  0.00000000  0.00000000
    10.34670000  0.16824400  0.00000000  0.00000000
     4.71360000  0.34294700  0.00000000  0.00000000
     2.07730000  0.46899100  0.00000000  0.00000000
     0.84900000  0.00000000  1.00000000  0.00000000
     0.30230000  0.00000000  0.00000000  1.00000000
a  70
$ YTTERBIUM       (14s,13p,10d,8f,6g) -> [10s,8p,5d,4f,3g]
$ YTTERBIUM       (14s,13p,10d,8f,6g)->[10s,8p,5d,4f,3g]
$ S-TYPE FUNCTIONS
   14   10    0
 91972.90300000  0.00005100  0.00000000  0.00000000  0.00000000  0.00000000  0.00000000
     0.00000000  0.00000000  0.00000000  0.00000000
 13787.37100000  0.00038600  0.00000000  0.00000000  0.00000000  0.00000000  0.00000000
     0.00000000  0.00000000  0.00000000  0.00000000
  3123.61350000  0.00184400  0.00000000  0.00000000  0.00000000  0.00000000  0.00000000
     0.00000000  0.00000000  0.00000000  0.00000000
   871.47540000  0.00535600  0.00000000  0.00000000  0.00000000  0.00000000  0.00000000
     0.00000000  0.00000000  0.00000000  0.00000000
   250.46300000  0.00885900  0.00000000  0.00000000  0.00000000  0.00000000  0.00000000
     0.00000000  0.00000000  0.00000000  0.00000000
    58.28270000  0.00000000  1.00000000  0.00000000  0.00000000  0.00000000  0.00000000
     0.00000000  0.00000000  0.00000000  0.00000000
    41.63050000  0.00000000  0.00000000  1.00000000  0.00000000  0.00000000  0.00000000
     0.00000000  0.00000000  0.00000000  0.00000000
    20.21640000  0.00000000  0.00000000  0.00000000  1.00000000  0.00000000  0.00000000
     0.00000000  0.00000000  0.00000000  0.00000000
     4.99720000  0.00000000  0.00000000  0.00000000  0.00000000  1.00000000  0.00000000
     0.00000000  0.00000000  0.00000000  0.00000000
     2.48220000  0.00000000  0.00000000  0.00000000  0.00000000  0.00000000  1.00000000
     0.00000000  0.00000000  0.00000000  0.00000000
     0.91790000  0.00000000  0.00000000  0.00000000  0.00000000  0.00000000  0.00000000
     1.00000000  0.00000000  0.00000000  0.00000000
     0.38530000  0.00000000  0.00000000  0.00000000  0.00000000  0.00000000  0.00000000
     0.00000000  1.00000000  0.00000000  0.00000000
     0.06140000  0.00000000  0.00000000  0.00000000  0.00000000  0.00000000  0.00000000
     0.00000000  0.00000000  1.00000000  0.00000000
     0.02500000  0.00000000  0.00000000  0.00000000  0.00000000  0.00000000  0.00000000
     0.00000000  0.00000000  0.00000000  1.00000000
$ P-TYPE FUNCTIONS
   13    8    0
  3731.96210000  0.00033200  0.00000000  0.00000000  0.00000000  0.00000000  0.00000000
     0.00000000  0.00000000
   888.02240000  0.00263000  0.00000000  0.00000000  0.00000000  0.00000000  0.00000000
     0.00000000  0.00000000
   287.93510000  0.01144400  0.00000000  0.00000000  0.00000000  0.00000000  0.00000000
     0.00000000  0.00000000
   107.14710000  0.02778500  0.00000000  0.00000000  0.00000000  0.00000000  0.00000000
     0.00000000  0.00000000
    35.32520000  0.08892800  0.00000000  0.00000000  0.00000000  0.00000000  0.00000000
     0.00000000  0.00000000
    19.80280000 -0.20249200  0.00000000  0.00000000  0.00000000  0.00000000  0.00000000
     0.00000000  0.00000000
    14.14490000  0.00000000  1.00000000  0.00000000  0.00000000  0.00000000  0.00000000
     0.00000000  0.00000000
     6.28440000  0.00000000  0.00000000  1.00000000  0.00000000  0.00000000  0.00000000
     0.00000000  0.00000000
     3.11450000  0.00000000  0.00000000  0.00000000  1.00000000  0.00000000  0.00000000
     0.00000000  0.00000000
     1.38270000  0.00000000  0.00000000  0.00000000  0.00000000  1.00000000  0.00000000
     0.00000000  0.00000000
     0.62730000  0.00000000  0.00000000  0.00000000  0.00000000  0.00000000  1.00000000
     0.00000000  0.00000000
     0.27030000  0.00000000  0.00000000  0.00000000  0.00000000  0.00000000  0.00000000
     1.00000000  0.00000000
     0.08000000  0.00000000  0.00000000  0.00000000  0.00000000  0.00000000  0.00000000
     0.00000000  1.00000000
$ D-TYPE FUNCTIONS
   10    5    0
   469.76060000  0.00198400  0.00000000  0.00000000  0.00000000  0.00000000
   142.61280000  0.01601300  0.00000000  0.00000000  0.00000000  0.00000000
    55.12670000  0.06315300  0.00000000  0.00000000  0.00000000  0.00000000
    23.44150000  0.13780000  0.00000000  0.00000000  0.00000000  0.00000000
     9.49510000  0.28549800  0.00000000  0.00000000  0.00000000  0.00000000
     4.57920000  0.43830900  0.00000000  0.00000000  0.00000000  0.00000000
     2.16460000  0.00000000  1.00000000  0.00000000  0.00000000  0.00000000
     0.92380000  0.00000000  0.00000000  1.00000000  0.00000000  0.00000000
     0.31070000  0.00000000  0.00000000  0.00000000  1.00000000  0.00000000
     0.09140000  0.00000000  0.00000000  0.00000000  0.00000000  1.00000000
$ F-TYPE FUNCTIONS
    8    4    0
   142.02930000  0.00595700  0.00000000  0.00000000  0.00000000
    51.08620000  0.05318000  0.00000000  0.00000000  0.00000000
    22.87410000  0.17807600  0.00000000  0.00000000  0.00000000
    10.50250000  0.30060000  0.00000000  0.00000000  0.00000000
     4.78720000  0.35034200  0.00000000  0.00000000  0.00000000
     2.10880000  0.00000000  1.00000000  0.00000000  0.00000000
     0.86090000  0.00000000  0.00000000  1.00000000  0.00000000
     0.30600000  0.00000000  0.00000000  0.00000000  1.00000000
$ G-TYPE FUNCTIONS
    6    3    0
    22.87410000  0.06428300  0.00000000  0.00000000
    10.50250000  0.17400600  0.00000000  0.00000000
     4.78720000  0.34347800  0.00000000  0.00000000
     2.10880000  0.43080100  0.00000000  0.00000000
     0.86090000  0.00000000  1.00000000  0.00000000
     0.30600000  0.00000000  0.00000000  1.00000000
a  71
$ LUTETIUM       (14s,13p,10d,8f,6g) -> [10s,8p,5d,4f,3g]
$ LUTETIUM       (14s,13p,10d,8f,6g)->[10s,8p,5d,4f,3g]
$ S-TYPE FUNCTIONS
   14   10    0
 95169.76700000  0.00002200  0.00000000  0.00000000  0.00000000  0.00000000  0.00000000
     0.00000000  0.00000000  0.00000000  0.00000000
 15488.40300000  0.00014500  0.00000000  0.00000000  0.00000000  0.00000000  0.00000000
     0.00000000  0.00000000  0.00000000  0.00000000
  3776.23350000  0.00065100  0.00000000  0.00000000  0.00000000  0.00000000  0.00000000
     0.00000000  0.00000000  0.00000000  0.00000000
  1079.05010000  0.00203800  0.00000000  0.00000000  0.00000000  0.00000000  0.00000000
     0.00000000  0.00000000  0.00000000  0.00000000
   268.95380000  0.00512700  0.00000000  0.00000000  0.00000000  0.00000000  0.00000000
     0.00000000  0.00000000  0.00000000  0.00000000
    63.46790000  0.00000000  1.00000000  0.00000000  0.00000000  0.00000000  0.00000000
     0.00000000  0.00000000  0.00000000  0.00000000
    45.13320000  0.00000000  0.00000000  1.00000000  0.00000000  0.00000000  0.00000000
     0.00000000  0.00000000  0.00000000  0.00000000
    21.45680000  0.00000000  0.00000000  0.00000000  1.00000000  0.00000000  0.00000000
     0.00000000  0.00000000  0.00000000  0.00000000
     5.34830000  0.00000000  0.00000000  0.00000000  0.00000000  1.00000000  0.00000000
     0.00000000  0.00000000  0.00000000  0.00000000
     2.67780000  0.00000000  0.00000000  0.00000000  0.00000000  0.00000000  1.00000000
     0.00000000  0.00000000  0.00000000  0.00000000
     1.02870000  0.00000000  0.00000000  0.00000000  0.00000000  0.00000000  0.00000000
     1.00000000  0.00000000  0.00000000  0.00000000
     0.44080000  0.00000000  0.00000000  0.00000000  0.00000000  0.00000000  0.00000000
     0.00000000  1.00000000  0.00000000  0.00000000
     0.07910000  0.00000000  0.00000000  0.00000000  0.00000000  0.00000000  0.00000000
     0.00000000  0.00000000  1.00000000  0.00000000
     0.03130000  0.00000000  0.00000000  0.00000000  0.00000000  0.00000000  0.00000000
     0.00000000  0.00000000  0.00000000  1.00000000
$ P-TYPE FUNCTIONS
   13    8    0
  4043.97480000  0.00029400  0.00000000  0.00000000  0.00000000  0.00000000  0.00000000
     0.00000000  0.00000000
   958.87710000  0.00235300  0.00000000  0.00000000  0.00000000  0.00000000  0.00000000
     0.00000000  0.00000000
   309.12200000  0.01044100  0.00000000  0.00000000  0.00000000  0.00000000  0.00000000
     0.00000000  0.00000000
   114.22030000  0.02582800  0.00000000  0.00000000  0.00000000  0.00000000  0.00000000
     0.00000000  0.00000000
    37.10910000  0.08504700  0.00000000  0.00000000  0.00000000  0.00000000  0.00000000
     0.00000000  0.00000000
    20.45790000 -0.20037100  0.00000000  0.00000000  0.00000000  0.00000000  0.00000000
     0.00000000  0.00000000
    14.59320000  0.00000000  1.00000000  0.00000000  0.00000000  0.00000000  0.00000000
     0.00000000  0.00000000
     6.52750000  0.00000000  0.00000000  1.00000000  0.00000000  0.00000000  0.00000000
     0.00000000  0.00000000
     3.24480000  0.00000000  0.00000000  0.00000000  1.00000000  0.00000000  0.00000000
     0.00000000  0.00000000
     1.45040000  0.00000000  0.00000000  0.00000000  0.00000000  1.00000000  0.00000000
     0.00000000  0.00000000
     0.66350000  0.00000000  0.00000000  0.00000000  0.00000000  0.00000000  1.00000000
     0.00000000  0.00000000
     0.28580000  0.00000000  0.00000000  0.00000000  0.00000000  0.00000000  0.00000000
     1.00000000  0.00000000
     0.08000000  0.00000000  0.00000000  0.00000000  0.00000000  0.00000000  0.00000000
     0.00000000  1.00000000
$ D-TYPE FUNCTIONS
   10    5    0
   484.52750000  0.00228600  0.00000000  0.00000000  0.00000000  0.00000000
   146.66550000  0.01862900  0.00000000  0.00000000  0.00000000  0.00000000
    56.37790000  0.07408800  0.00000000  0.00000000  0.00000000  0.00000000
    23.67110000  0.16155400  0.00000000  0.00000000  0.00000000  0.00000000
     9.44010000  0.30809100  0.00000000  0.00000000  0.00000000  0.00000000
     4.37120000  0.44833400  0.00000000  0.00000000  0.00000000  0.00000000
     1.95800000  0.00000000  1.00000000  0.00000000  0.00000000  0.00000000
     0.72720000  0.00000000  0.00000000  1.00000000  0.00000000  0.00000000
     0.24600000  0.00000000  0.00000000  0.00000000  1.00000000  0.00000000
     0.07440000  0.00000000  0.00000000  0.00000000  0.00000000  1.00000000
$ F-TYPE FUNCTIONS
    8    4    0
   175.15590000  0.00410200  0.00000000  0.00000000  0.00000000
    62.89090000  0.03908600  0.00000000  0.00000000  0.00000000
    28.36240000  0.14704400  0.00000000  0.00000000  0.00000000
    13.24780000  0.27109200  0.00000000  0.00000000  0.00000000
     6.14400000  0.34566500  0.00000000  0.00000000  0.00000000
     2.76230000  0.00000000  1.00000000  0.00000000  0.00000000
     1.15740000  0.00000000  0.00000000  1.00000000  0.00000000
     0.42440000  0.00000000  0.00000000  0.00000000  1.00000000
$ G-TYPE FUNCTIONS
    6    3    0
    28.36240000  0.04790500  0.00000000  0.00000000
    13.24780000  0.15012800  0.00000000  0.00000000
     6.14400000  0.32291100  0.00000000  0.00000000
     2.76230000  0.44449400  0.00000000  0.00000000
     1.15740000  0.00000000  1.00000000  0.00000000
     0.42440000  0.00000000  0.00000000  1.00000000

$ END OF BASIS
