$  Stuttgart RSC ANO/ECP  EMSL  Basis Set Exchange Library   9/29/10 2:15 AM
$ Elements                             References
$ --------                             ----------
$ La - Lu:  X. Cao and M. Dolg, J. Chem. Phys. (to be published)
$
a  57
$ LANTHANUM       (14s,13p,10d,8f,6g) -> [6s,6p,5d,4f,3g]
$ LANTHANUM       (14s,13p,10d,8f,6g)->[6s,6p,5d,4f,3g]
$ S-TYPE FUNCTIONS
   14    6    0
 60228.61300000  0.00000300 -0.00000100  0.00000100 -0.00000100 -0.00000300 -0.00000800
  7142.41900000  0.00003500 -0.00002000  0.00000800 -0.00001900 -0.00001000 -0.00001500
  1034.30510000  0.00032900 -0.00011100  0.00003700 -0.00010800 -0.00059500 -0.00158600
   563.44270000 -0.00010600 -0.00006600  0.00003800 -0.00006700  0.00083800  0.00235300
   123.55320000  0.00328000 -0.00108600  0.00037000 -0.00101200 -0.00499800 -0.01305100
    34.55440000 -0.22232300  0.09420700 -0.03541600  0.08786800  0.17364900  0.40915000
    24.63300000  0.60737900 -0.27244100  0.10374200 -0.25763200 -0.43703900 -1.01482000
    11.26600000 -1.03082400  0.51713600 -0.20052600  0.51020700  0.77339100  1.85367600
     2.90620000  0.92970700 -0.65938300  0.26383400 -0.85583600 -1.95105100 -6.98341400
     1.54330000  0.46201100 -0.54722900  0.25681600 -0.50798100  1.13136200  9.42040200
     0.56720000  0.02812300  0.78890100 -0.45993800  2.75421200  2.01512100 -6.77067700
     0.25390000 -0.00190800  0.57951200 -0.44934100 -1.94365900 -2.78319500  3.67069200
     0.04670000  0.00021800  0.08058100  0.85457400 -0.88435800  2.74631700 -1.39155700
     0.02000000 -0.00057200  0.02133600  0.34139800  1.24475500 -1.99861300  0.77562900
$ P-TYPE FUNCTIONS
   13    6    0
  3966.35470000  0.00000400 -0.00000300  0.00000400  0.00001200  0.00002100  0.00013600
  1143.92800000  0.00003300 -0.00000400 -0.00001300 -0.00004800 -0.00008600 -0.00113100
   446.99770000  0.00003400 -0.00006300  0.00011700  0.00032100  0.00058000  0.00459600
   229.54660000  0.00036200 -0.00009000 -0.00005100 -0.00026100 -0.00047700 -0.00824900
    27.32670000 -0.00713600 -0.00534500  0.01059700  0.03009000  0.06366200  0.35148900
    19.48640000  0.20665400 -0.06258500  0.02338900  0.01166100 -0.01862500 -1.41032200
    13.90240000 -0.44511300  0.17346600 -0.10416700 -0.16687900 -0.26537200  1.93007700
     4.23610000  0.45347200 -0.24190800  0.15310900  0.29288700  0.79261900 -5.67666300
     2.29360000  0.56929600 -0.35291000  0.35192600  0.77440900  1.17275200  9.20899600
     1.12580000  0.15928800  0.04110600 -0.23493100 -1.00866100 -4.42231900 -7.67232000
     0.52790000  0.00507800  0.62857000 -0.62569900 -1.08595100  4.89123400  4.45938000
     0.22920000  0.00235100  0.45978000  0.02234000  2.22743000 -2.84152500 -1.81330700
     0.08000000 -0.00023600  0.04446500  1.02509500 -1.21432900  0.85669800  0.44659500
$ D-TYPE FUNCTIONS
   10    5    0
   367.71570000  0.00007400 -0.00003500  0.00014800  0.00000000  0.00126500
   113.57680000  0.00061200 -0.00012700 -0.00035500  0.00064200 -0.00849700
    33.55880000  0.00768700 -0.00283900  0.00849700  0.00329100  0.04476900
    14.41980000 -0.07651000  0.02681000 -0.06325500 -0.04686700 -0.14470500
     7.31590000  0.15175400 -0.06480700  0.16608700  0.09596100  0.61093200
     3.94830000  0.42187300 -0.10860600  0.03429900  0.36040900 -2.97915600
     2.01500000  0.42127700 -0.19203700  0.61110800  0.37906400  4.13842800
     0.95810000  0.16572000  0.19261700 -0.93710200 -1.52537100 -2.49025800
     0.31090000  0.01136700  0.59483100 -0.33033400  1.46112400  0.87378400
     0.09540000 -0.00104600  0.45494400  0.85054300 -0.80626100 -0.31451900
$ F-TYPE FUNCTIONS
    8    4    0
   124.79710000  0.00115000 -0.00151600  0.00139400 -0.00364100
    43.94270000  0.01433300 -0.01617200  0.00389500 -0.00252000
    19.26680000  0.06259400 -0.07789500  0.05360600 -0.12274900
     8.48930000  0.16400000 -0.18630400  0.04680100 -0.06018100
     3.76720000  0.28586300 -0.37483800  0.33670400 -0.96862000
     1.59020000  0.37010400 -0.30731100 -0.19821800  1.73039200
     0.60980000  0.36017300  0.66256900 -0.77253200 -1.20956400
     0.19730000  0.21661200  0.34585000  1.02966600  0.50363300
$ G-TYPE FUNCTIONS
    6    3    0
    19.26680000 -0.00211800  0.00467200  0.02203700
     8.48930000  0.02670900 -0.05287100  0.09202800
     3.76720000 -0.02966700  0.07776800  0.27925700
     1.59020000  0.28278500 -0.54087300  0.74105900
     0.60980000  0.74498700 -0.01325100 -0.93607700
     0.19730000  0.13929200  0.75696200  0.63444000
a  58
$ CERIUM       (14s,13p,10d,8f,6g) -> [6s,6p,5d,4f,3g]
$ CERIUM       (14s,13p,10d,8f,6g)->[6s,6p,5d,4f,3g]
$ S-TYPE FUNCTIONS
   14    6    0
 66920.68100000  0.00000500 -0.00000200  0.00000100 -0.00000300 -0.00000400 -0.00000700
  7142.41900000  0.00006200 -0.00003500  0.00001600 -0.00004000 -0.00003200 -0.00010500
  1149.22790000  0.00040800 -0.00014900  0.00006200 -0.00022900 -0.00054900 -0.00043300
   626.04740000  0.00008000 -0.00017000  0.00008400 -0.00011200  0.00047300 -0.00056000
   137.28130000  0.00355900 -0.00125100  0.00052000 -0.00184000 -0.00427800 -0.00322300
    36.64340000 -0.20736500  0.08619100 -0.03713300  0.10485300  0.15063300  0.20675200
    25.97420000  0.57998200 -0.25637800  0.11148200 -0.30864300 -0.39903300 -0.65286300
    11.88590000 -1.01158200  0.50245300 -0.22171900  0.62406200  0.75621100  1.51899800
     3.02840000  0.97222800 -0.69939800  0.32078400 -1.27900400 -2.19074100 -6.31829200
     1.56640000  0.41766200 -0.48225900  0.24742700 -0.09291000  1.81687700  9.05758900
     0.59370000  0.02443900  0.78701300 -0.48739200  2.79641900  1.05873300 -7.03918100
     0.26300000  0.00122500  0.53374400 -0.47031800 -2.18972600 -2.20061200  3.88810500
     0.04900000 -0.00029800  0.11938000  0.80174700 -0.52662800  2.72201000 -1.57446100
     0.02070000 -0.00067400  0.04658900  0.38563300  0.95789100 -2.05598300  0.88925700
$ P-TYPE FUNCTIONS
   13    6    0
  3813.80260000  0.00000500 -0.00000400  0.00000500  0.00000900  0.00001000  0.00008600
  1216.94470000  0.00005100 -0.00001500 -0.00000300 -0.00000600  0.00003500 -0.00072700
   496.66410000  0.00005300 -0.00005700  0.00009700  0.00016600  0.00016200  0.00198700
   212.54310000  0.00067100 -0.00025800  0.00011400  0.00018500  0.00064800 -0.00543600
    27.63060000  0.00880500 -0.01246800  0.01674700  0.03031000  0.05126400  0.14223600
    19.60400000  0.15086100 -0.03832100  0.00954300  0.00740700  0.02141700 -0.73666100
    13.89180000 -0.40140400  0.15585000 -0.10597300 -0.17116700 -0.33714700  1.30903400
     4.43890000  0.46955400 -0.25674300  0.19903300  0.39207600  1.19242300 -4.90298500
     2.33740000  0.57541800 -0.35570900  0.38258500  0.61313100  0.27024900  8.15971200
     1.10670000  0.14116400  0.08232000 -0.36580400 -1.09466200 -3.61733100 -7.44351400
     0.52870000  0.00411500  0.63003100 -0.63999500 -0.76912300  4.61512600  4.80665300
     0.23050000  0.00451800  0.43350200  0.20915500  2.06913800 -2.82128900 -2.01330700
     0.08000000 -0.00015900  0.04051100  0.91530100 -1.25383200  0.87455500  0.49963200
$ D-TYPE FUNCTIONS
   10    5    0
   367.71570000  0.00012000 -0.00004400  0.00014900 -0.00002900  0.00086200
   109.87980000  0.00099100 -0.00028500 -0.00014200  0.00133400 -0.00775200
    36.02110000  0.00777800 -0.00265100  0.00723400  0.00133100  0.02692100
    14.76370000 -0.06295800  0.02139700 -0.04934700 -0.02875400 -0.07286700
     7.32810000  0.18034200 -0.07196600  0.16042300  0.08470200  0.27146400
     3.94410000  0.43252900 -0.12245700  0.06022300  0.48547300 -2.50234900
     2.02020000  0.39866300 -0.16724900  0.55237600  0.13329700  3.96435200
     0.96490000  0.14435800  0.20033500 -0.93823300 -1.41955900 -2.60491100
     0.32730000  0.00947500  0.59405600 -0.30389000  1.49342600  1.00855800
     0.10320000 -0.00067000  0.44012300  0.85904300 -0.82504900 -0.37287500
$ F-TYPE FUNCTIONS
    8    4    0
   123.48210000  0.00156600 -0.00173100  0.00182700 -0.00344600
    43.98810000  0.01810100 -0.01850500  0.00805500 -0.02063000
    19.45180000  0.07615700 -0.08211600  0.06967100 -0.13789500
     8.60130000  0.19268300 -0.19687000  0.08760400 -0.23130100
     3.80490000  0.32433200 -0.33164800  0.38701400 -0.63878100
     1.61760000  0.37941200 -0.18009400 -0.22375200  1.61899000
     0.63640000  0.30711700  0.53708800 -0.81661700 -1.28430600
     0.21640000  0.15338700  0.49544600  0.99864100  0.52675800
$ G-TYPE FUNCTIONS
    6    3    0
    19.45180000  0.00219900  0.02319700  0.04235100
     8.60130000  0.03742800  0.11102100  0.05246200
     3.80490000  0.03037800  0.26449500  0.55166200
     1.61760000  0.35566400  0.71206000 -0.15002100
     0.63640000  0.66600900 -0.54714600 -0.55164700
     0.21640000  0.11136900 -0.33809400  0.90511900
a  59
$ PRASEODYMIUM       (14s,13p,10d,8f,6g) -> [6s,6p,5d,4f,3g]
$ PRASEODYMIUM       (14s,13p,10d,8f,6g)->[6s,6p,5d,4f,3g]
$ S-TYPE FUNCTIONS
   14    6    0
 66920.68100000  0.00000800 -0.00000400  0.00000200 -0.00000500 -0.00000700 -0.00001100
 10906.62500000  0.00005000 -0.00002900  0.00001300 -0.00003400 -0.00003200 -0.00010400
  2635.41470000  0.00024300 -0.00011400  0.00005000 -0.00015100 -0.00023000 -0.00026000
   713.90510000  0.00087600 -0.00052500  0.00023900 -0.00061800 -0.00052300 -0.00203400
   140.01390000  0.00417600 -0.00162000  0.00069100 -0.00227300 -0.00431400 -0.00154400
    38.12800000 -0.20079500  0.08243600 -0.03572900  0.10044600  0.14256100  0.13761500
    26.98550000  0.57321800 -0.25167300  0.11017700 -0.30403000 -0.39495200 -0.53437800
    12.49590000 -1.00787400  0.49930100 -0.22188100  0.62410900  0.77555200  1.41944900
     3.18780000  0.97257900 -0.70473200  0.32533200 -1.31305900 -2.29291700 -6.13371100
     1.64510000  0.41690900 -0.46525600  0.23989100  0.00006900  1.96013000  8.82735800
     0.61850000  0.02370600  0.78614200 -0.48806800  2.66980300  0.94471800 -6.93394500
     0.27310000  0.00101800  0.52346100 -0.46322400 -2.10518600 -2.12700600  3.88112500
     0.05060000 -0.00030900  0.12278100  0.79637000 -0.56757500  2.65316200 -1.58995600
     0.02120000 -0.00066100  0.04902200  0.38741500  0.98272300 -2.00424900  0.89994200
$ P-TYPE FUNCTIONS
   13    6    0
  3932.05670000  0.00001100 -0.00000700  0.00000800  0.00001300  0.00001400  0.00005300
  1373.43970000  0.00002700 -0.00000500 -0.00000900 -0.00001700  0.00004100 -0.00053800
   647.67480000  0.00016000 -0.00009400  0.00011000  0.00018800  0.00020300  0.00069500
   186.89920000  0.00115800 -0.00051300  0.00034900  0.00056800  0.00157800 -0.00550400
    27.63060000  0.02521000 -0.02035300  0.02399200  0.04295200  0.06620600  0.05007500
    19.60400000  0.10113600 -0.01354100 -0.01159000 -0.03190500 -0.02289100 -0.44127200
    13.92240000 -0.36439800  0.13646300 -0.09231000 -0.14170600 -0.31972900  1.05400600
     4.72400000  0.46210800 -0.25290100  0.20501400  0.39838100  1.31037400 -4.65177200
     2.46480000  0.58456400 -0.35834500  0.39013700  0.60729100  0.00753900  7.76885500
     1.15880000  0.14279300  0.08863800 -0.38484400 -1.14496200 -3.23131900 -7.13456200
     0.54600000  0.00397600  0.63258800 -0.65776800 -0.62536300  4.29261100  4.64826600
     0.23590000  0.00433000  0.42754200  0.28477900  1.93867500 -2.68604700 -1.98048400
     0.08000000 -0.00017700  0.03803800  0.86785800 -1.22814100  0.84880400  0.49663600
$ D-TYPE FUNCTIONS
   10    5    0
   355.96150000  0.00019300 -0.00006700  0.00018300 -0.00003300  0.00070900
   107.14140000  0.00154500 -0.00045400  0.00010100  0.00207300 -0.00830700
    37.55620000  0.00900400 -0.00299700  0.00745100  0.00063700  0.01999200
    15.08590000 -0.04729600  0.01584000 -0.03954200 -0.01118700 -0.06184900
     7.38320000  0.20233700 -0.07832300  0.16635100  0.07857400  0.09911900
     3.97950000  0.43537400 -0.11956400  0.06868800  0.54550200 -2.20104600
     2.04690000  0.38020500 -0.15442200  0.52219500 -0.03673000  3.79552800
     0.97940000  0.13107800  0.21450600 -0.96086300 -1.27760100 -2.58144700
     0.32960000  0.00811300  0.58794800 -0.25738900  1.44778800  1.02328200
     0.10260000 -0.00052300  0.43962900  0.83625000 -0.82122600 -0.38671400
$ F-TYPE FUNCTIONS
    8    4    0
   124.50830000  0.00188500 -0.00192200  0.00219800 -0.00385100
    44.58370000  0.02094900 -0.02022100  0.01231500 -0.03182900
    19.87310000  0.08520800 -0.08561100  0.08372600 -0.15983000
     8.91020000  0.20531200 -0.19702800  0.11855500 -0.31106800
     3.99770000  0.33340300 -0.30839800  0.37702300 -0.46254400
     1.72850000  0.37580200 -0.14576100 -0.24636100  1.54598000
     0.69360000  0.28698400  0.51263000 -0.81692100 -1.31498300
     0.24180000  0.12844400  0.52803600  0.99115500  0.55208300
$ G-TYPE FUNCTIONS
    6    3    0
    19.87310000  0.00583800  0.03306300  0.04288600
     8.91020000  0.04324800  0.12187100  0.05874200
     3.99770000  0.07226900  0.34131400  0.47041700
     1.72850000  0.34783400  0.54104600 -0.28148700
     0.69360000  0.56062300 -0.54847100 -0.37676700
     0.24180000  0.11173600 -0.25395300  0.75271100
a  60
$ NEODYMIUM       (14s,13p,10d,8f,6g) -> [6s,6p,5d,4f,3g]
$ NEODYMIUM       (14s,13p,10d,8f,6g)->[6s,6p,5d,4f,3g]
$ S-TYPE FUNCTIONS
   14    6    0
 67945.59000000  0.00001500 -0.00000800  0.00000400 -0.00001100 -0.00001400 -0.00002600
  9404.40830000  0.00012500 -0.00007200  0.00003300 -0.00009300 -0.00010300 -0.00027800
  2084.31770000  0.00061000 -0.00031800  0.00014300 -0.00042700 -0.00057100 -0.00085500
   586.98950000  0.00177300 -0.00109700  0.00050600 -0.00137300 -0.00138300 -0.00481400
   142.94060000  0.00539200 -0.00225600  0.00098700 -0.00323500 -0.00540900 -0.00082600
    39.67220000 -0.19496500  0.07834100 -0.03422500  0.09771800  0.13532900  0.07252000
    28.08780000  0.56178800 -0.24372900  0.10769800 -0.30109700 -0.38521000 -0.41784000
    13.05690000 -0.99945000  0.49290500 -0.22122400  0.63105000  0.78300100  1.32332500
     3.35140000  0.97110500 -0.70598700  0.32891200 -1.36463100 -2.37325400 -5.95500800
     1.72470000  0.41891600 -0.45164200  0.23415300  0.08832400  2.10354000  8.58654400
     0.64270000  0.02297200  0.78297100 -0.48659700  2.59276500  0.77638800 -6.80577900
     0.28280000  0.00084000  0.51417800 -0.45877300 -2.07533900 -2.00692100  3.85816600
     0.05190000 -0.00029300  0.12732000  0.78740500 -0.55823000  2.60626800 -1.61321300
     0.02170000 -0.00063500  0.05257500  0.39152900  0.96936100 -1.98421400  0.92233600
$ P-TYPE FUNCTIONS
   13    6    0
  4017.48130000  0.00001600 -0.00000900  0.00000900  0.00001500  0.00001500  0.00001500
  1360.61920000  0.00006300 -0.00002600  0.00001200  0.00002000  0.00012400 -0.00042200
   507.15080000  0.00036300 -0.00019400  0.00020000  0.00033100  0.00040600  0.00000300
   159.69520000  0.00196900 -0.00091800  0.00068800  0.00113800  0.00315900 -0.00749200
    27.63060000  0.04244000 -0.02882800  0.03194100  0.05545400  0.08072400 -0.05255200
    19.60400000  0.04595300  0.01406200 -0.03594100 -0.07235500 -0.07518000 -0.07458300
    13.90960000 -0.31802500  0.11235700 -0.07334300 -0.10744600 -0.27878900  0.66610700
     4.93950000  0.47318500 -0.26080200  0.22102000  0.42835000  1.43686700 -4.21947800
     2.54490000  0.58204900 -0.35275100  0.38418700  0.55755800 -0.34403200  7.23185900
     1.18100000  0.13529900  0.11226300 -0.42931200 -1.21050200 -2.80687400 -6.89571400
     0.55520000  0.00270600  0.63249100 -0.63955400 -0.44110400  4.04414300  4.66285700
     0.23950000  0.00413600  0.41260500  0.34610100  1.80741600 -2.61895600 -2.03024800
     0.08000000 -0.00022500  0.03459000  0.82680700 -1.20778100  0.84499700  0.51357000
$ D-TYPE FUNCTIONS
   10    5    0
   350.96120000  0.00028200 -0.00009400  0.00021500 -0.00002200  0.00044600
   105.96210000  0.00222200 -0.00069300  0.00049100  0.00299400 -0.00858200
    38.47040000  0.01101600 -0.00358600  0.00797800  0.00051300  0.01196000
    15.48260000 -0.03180400  0.01032100 -0.02910800  0.00562300 -0.05274900
     7.42600000  0.22399400 -0.08536400  0.16983100  0.08466100 -0.11899100
     3.99960000  0.43687400 -0.12210600  0.08944600  0.61444600 -1.78854000
     2.06420000  0.36133900 -0.13688400  0.47515500 -0.25028300  3.55144800
     0.98980000  0.11860500  0.22447100 -0.97927500 -1.11589700 -2.58173400
     0.33700000  0.00708000  0.58288300 -0.20693400  1.41874200  1.08632100
     0.10510000 -0.00037000  0.43459400  0.81753800 -0.82728400 -0.42145500
$ F-TYPE FUNCTIONS
    8    4    0
   126.08450000  0.00217200 -0.00220400  0.00267300 -0.00401100
    45.16790000  0.02358500 -0.02288800  0.01786700 -0.04272200
    20.17000000  0.09414200 -0.09462100  0.10312800 -0.17510900
     9.09990000  0.21745600 -0.20958500  0.15637600 -0.38378400
     4.10850000  0.33961200 -0.30484700  0.35918700 -0.23525200
     1.79140000  0.36864000 -0.09956200 -0.35352700  1.39894300
     0.72580000  0.27147000  0.51717800 -0.71098900 -1.34294900
     0.25620000  0.11773900  0.51218600  0.96878800  0.61068300
$ G-TYPE FUNCTIONS
    6    3    0
    20.17000000  0.01035800  0.04688700  0.06454900
     9.09990000  0.05861900  0.15467800  0.11259200
     4.10850000  0.11443500  0.43546600  0.58775400
     1.79140000  0.41148900  0.48246200 -0.52439900
     0.72580000  0.57405800 -0.63216600 -0.30730300
     0.25620000  0.11326100 -0.24008500  0.87440200
a  61
$ PROMETHIUM       (14s,13p,10d,8f,6g) -> [6s,6p,5d,4f,3g]
$ PROMETHIUM       (14s,13p,10d,8f,6g)->[6s,6p,5d,4f,3g]
$ S-TYPE FUNCTIONS
   14    6    0
 69642.71500000  0.00002900 -0.00001700  0.00000800 -0.00002400 -0.00003100 -0.00006500
 10512.97600000  0.00021700 -0.00013700  0.00006400 -0.00018900 -0.00023100 -0.00058300
  2302.55780000  0.00113600 -0.00067700  0.00031700 -0.00095400 -0.00122600 -0.00237900
   604.17620000  0.00368800 -0.00241100  0.00114000 -0.00332500 -0.00396400 -0.01114800
   155.76230000  0.00776300 -0.00395000  0.00181700 -0.00571900 -0.00811600 -0.00630100
    43.08520000 -0.13340700  0.05186900 -0.02302900  0.06512600  0.08620200 -0.00451600
    27.87440000  0.52051000 -0.22524800  0.10156500 -0.28176600 -0.34732400 -0.31113900
    13.73950000 -1.01318800  0.49533800 -0.22653800  0.64485300  0.79199800  1.23053400
     3.48690000  0.97697500 -0.71166400  0.33773500 -1.41172900 -2.42647200 -5.74704000
     1.78600000  0.41072200 -0.43098700  0.22677100  0.17619000  2.22754100  8.39534000
     0.66590000  0.02163000  0.77851100 -0.48709500  2.51387100  0.62356900 -6.75323200
     0.29190000  0.00078600  0.50462800 -0.45792000 -2.03772000 -1.90004000  3.84881600
     0.05300000 -0.00030900  0.13464700  0.77893400 -0.55753400  2.55822700 -1.63015800
     0.02210000 -0.00060100  0.05746400  0.39471400  0.96190600 -1.96144700  0.93931100
$ P-TYPE FUNCTIONS
   13    6    0
  4008.91710000  0.00002100 -0.00001100  0.00001200  0.00001900  0.00002100 -0.00001600
  1250.04320000  0.00010300 -0.00004600  0.00003000  0.00005000  0.00020900 -0.00045000
   457.07660000  0.00053500 -0.00028000  0.00028600  0.00046500  0.00058900 -0.00058800
   151.27800000  0.00255100 -0.00121300  0.00095700  0.00157300  0.00443400 -0.00847100
    28.19060000  0.05273000 -0.03382500  0.03711600  0.06342800  0.09072400 -0.13420800
    20.01270000  0.01472500  0.02992300 -0.05086800 -0.09757600 -0.11087500  0.21148100
    14.22330000 -0.29167700  0.09794700 -0.06239700 -0.08553000 -0.24794700  0.35443100
     5.16200000  0.48167000 -0.26569800  0.23420900  0.44835200  1.51897800 -3.89752100
     2.64240000  0.57827400 -0.34690600  0.38064800  0.52188900 -0.58401300  6.85420900
     1.21720000  0.13035900  0.12803000 -0.46485500 -1.25424000 -2.48700400 -6.68280100
     0.56910000  0.00204900  0.63177600 -0.62509900 -0.29903600  3.81792200  4.60853500
     0.24440000  0.00396100  0.40301200  0.39717500  1.68824400 -2.53453700 -2.03412000
     0.08000000 -0.00024000  0.03244300  0.79027800 -1.18382900  0.83091200  0.51731300
$ D-TYPE FUNCTIONS
   10    5    0
   341.80600000  0.00043500 -0.00014700  0.00028400  0.00004900  0.00011400
   102.94180000  0.00342000 -0.00111300  0.00114300  0.00437400 -0.00976800
    38.22340000  0.01499100 -0.00501200  0.00983900  0.00172700  0.00399800
    16.12460000 -0.01141300  0.00363600 -0.01678400  0.02441400 -0.06092100
     7.42430000  0.24276300 -0.09468100  0.17690700  0.10578500 -0.31527600
     4.01770000  0.43130900 -0.12136000  0.10413500  0.66235300 -1.36708300
     2.08840000  0.34400800 -0.12896100  0.42541300 -0.46382600  3.27300300
     1.00410000  0.11020100  0.24608100 -0.99168800 -0.93129600 -2.55438400
     0.34370000  0.00642100  0.58156800 -0.14793200  1.36953600  1.14072400
     0.10720000 -0.00030500  0.41889700  0.80071900 -0.82970200 -0.45637800
$ F-TYPE FUNCTIONS
    8    4    0
   126.65160000  0.00261000 -0.00259400  0.00333600 -0.00451900
    45.66720000  0.02733100 -0.02619500  0.02520300 -0.05239100
    20.49490000  0.10293400 -0.10174100  0.12285300 -0.18716000
     9.31030000  0.22727400 -0.21590800  0.19489800 -0.42013100
     4.23510000  0.34313100 -0.29595900  0.32923500 -0.06431100
     1.86040000  0.36202300 -0.06509300 -0.43305200  1.26813600
     0.75850000  0.25942900  0.51292700 -0.61885100 -1.35487900
     0.26920000  0.10825400  0.50967200  0.93593900  0.65927100
$ G-TYPE FUNCTIONS
    6    3    0
    20.49490000  0.01195100 -0.03599500  0.07023100
     9.31030000  0.05617300 -0.11068000  0.14427100
     4.23510000  0.11838000 -0.29791900  0.50541200
     1.86040000  0.33906500 -0.23698000 -0.59248700
     0.75850000  0.41617400  0.40811900 -0.13761400
     0.26920000  0.08139800  0.13702800  0.71797000
a  62
$ SAMARIUM       (14s,13p,10d,8f,6g) -> [6s,6p,5d,4f,3g]
$ SAMARIUM       (14s,13p,10d,8f,6g)->[6s,6p,5d,4f,3g]
$ S-TYPE FUNCTIONS
   14    6    0
 70078.17100000  0.00009700 -0.00011500  0.00006300 -0.00022800 -0.00034200 -0.00085100
 10598.38400000  0.00073000 -0.00087100  0.00047600 -0.00172100 -0.00257200 -0.00652000
  2413.86600000  0.00352300 -0.00416200  0.00227400 -0.00825300 -0.01237300 -0.03055500
   677.40310000  0.01087300 -0.01312000  0.00717600 -0.02591800 -0.03869200 -0.09945700
   208.50730000  0.01782400 -0.02072300  0.01132400 -0.04132100 -0.06224300 -0.14755500
    39.36630000 -0.15438400  0.03832400 -0.01423900  0.02347900  0.00900900 -0.32584800
    27.98750000  0.57659000 -0.22303800  0.09886900 -0.25157000 -0.27236100  0.15091300
    14.34260000 -1.03538800  0.49072700 -0.22647300  0.62882500  0.74611400  0.81512100
     3.61280000  0.97560600 -0.71191600  0.34380700 -1.44180600 -2.45427200 -4.95965800
     1.84520000  0.40911800 -0.41450700  0.21934200  0.26869000  2.36689700  7.56521600
     0.68750000  0.02141200  0.77142100 -0.48613400  2.40473400  0.41404600 -6.39174000
     0.30010000  0.00082500  0.49785100 -0.45648500 -1.97710400 -1.74790900  3.74211200
     0.05390000 -0.00034500  0.14102800  0.77370800 -0.56774700  2.48277300 -1.64895800
     0.02240000 -0.00060500  0.06126300  0.39497300  0.96253300 -1.92112000  0.96627100
$ P-TYPE FUNCTIONS
   13    6    0
  3990.19500000  0.00003300 -0.00001700  0.00001700  0.00002700  0.00003900 -0.00007100
  1108.06210000  0.00020500 -0.00009800  0.00008000  0.00013400  0.00040500 -0.00058200
   385.81320000  0.00098300 -0.00051100  0.00051100  0.00080700  0.00120100 -0.00219200
   134.97630000  0.00388200 -0.00190300  0.00161400  0.00267900  0.00734200 -0.01085300
    28.61990000  0.06405600 -0.03979200  0.04322800  0.07086300  0.10342300 -0.24451000
    20.31750000 -0.02268400  0.04925500 -0.06861300 -0.12181700 -0.16147600  0.59697700
    14.38990000 -0.25147800  0.07665400 -0.04592300 -0.05825500 -0.18131700 -0.11313300
     5.30930000  0.50148700 -0.27974000  0.26062800  0.49332700  1.61121300 -3.35359300
     2.69080000  0.56563400 -0.33251900  0.36027800  0.42832600 -0.94175600  6.25590300
     1.22020000  0.11881600  0.15978400 -0.52702500 -1.29901400 -2.04468900 -6.46891700
     0.57260000  0.00071200  0.62716900 -0.57785800 -0.10603400  3.58012500  4.70412500
     0.24670000  0.00390600  0.38398700  0.44642300  1.55654900 -2.49024700 -2.13239700
     0.08000000 -0.00027200  0.02954200  0.75085200 -1.16903900  0.83658400  0.54761600
$ D-TYPE FUNCTIONS
   10    5    0
   398.01540000  0.00043300 -0.00014200  0.00026100  0.00009400 -0.00016200
   115.54660000  0.00385200 -0.00129300  0.00160600  0.00484700 -0.00894900
    41.89370000  0.01732400 -0.00565300  0.01062900  0.00302900 -0.00486400
    20.77430000  0.00574300 -0.00241000 -0.00239700  0.02987600 -0.04933600
     7.53040000  0.25998300 -0.10036600  0.17671200  0.16667600 -0.54380500
     4.04540000  0.43147800 -0.12127900  0.13248800  0.65568900 -0.86291400
     2.10120000  0.32762200 -0.11444700  0.36114200 -0.65027300  2.87518500
     1.01050000  0.10047000  0.25736700 -0.99655100 -0.73597500 -2.46692700
     0.34750000  0.00569400  0.57610100 -0.09506000  1.30805100  1.18587100
     0.10830000 -0.00020500  0.41347200  0.77706100 -0.82754400 -0.49203300
$ F-TYPE FUNCTIONS
    8    4    0
   127.18630000  0.00305000 -0.00307400  0.00406900  0.00503100
    45.93960000  0.03114500 -0.03039700  0.03315100  0.06172200
    20.62340000  0.11362400 -0.11409600  0.14539700  0.20031200
     9.38550000  0.24012800 -0.23002900  0.23142500  0.44255900
     4.27900000  0.34765200 -0.28826000  0.28194000 -0.12547300
     1.88830000  0.35302700 -0.01680500 -0.53307200 -1.09473700
     0.77480000  0.24501200  0.52172500 -0.48030100  1.35889200
     0.27760000  0.09867800  0.48236300  0.89830300 -0.72260100
$ G-TYPE FUNCTIONS
    6    3    0
    20.62340000  0.01640500  0.06855500  0.09777700
     9.38550000  0.06755100  0.19805100  0.22414000
     4.27900000  0.14547200  0.49617100  0.51666200
     1.88830000  0.35322300  0.26163700 -0.79612400
     0.77480000  0.37782700 -0.65284400  0.02894800
     0.27760000  0.06935000 -0.18823300  0.71352200
a  63
$ EUROPIUM       (14s,13p,10d,8f,6g) -> [6s,6p,5d,4f,3g]
$ EUROPIUM       (14s,13p,10d,8f,6g)->[6s,6p,5d,4f,3g]
$ S-TYPE FUNCTIONS
   14    6    0
 70059.42000000  0.00009700 -0.00010700  0.00005600 -0.00019700 -0.00030100 -0.00076600
 10776.23500000  0.00070700 -0.00079000  0.00041800 -0.00145300 -0.00221900 -0.00576400
  2482.49010000  0.00336200 -0.00371100  0.00196100 -0.00685000 -0.01049200 -0.02637400
   702.15260000  0.01020600 -0.01155700  0.00611400 -0.02125300 -0.03244300 -0.08574300
   216.79260000  0.01659700 -0.01792600  0.00946600 -0.03324800 -0.05112600 -0.12187900
    41.49500000 -0.16051900  0.04521800 -0.01803600  0.03832500  0.02911500 -0.28717800
    29.49690000  0.58178500 -0.22980700  0.10179700 -0.26423500 -0.29515200  0.10152200
    15.03090000 -1.03569700  0.49160500 -0.22473100  0.62534000  0.76000800  0.86794600
     3.77720000  0.97851800 -0.71065800  0.33863300 -1.41111000 -2.43584300 -5.05712900
     1.92190000  0.40669500 -0.41013400  0.21490200  0.25724300  2.29393100  7.63760600
     0.71310000  0.02093500  0.77047300 -0.47713600  2.34461600  0.51139400 -6.36816000
     0.30970000  0.00090600  0.49794200 -0.45306300 -1.90639900 -1.79470000  3.69015900
     0.05490000 -0.00037800  0.13973400  0.77303400 -0.62320500  2.45503800 -1.59839000
     0.02270000 -0.00060200  0.06046200  0.39342900  0.99995800 -1.89396300  0.93284200
$ P-TYPE FUNCTIONS
   13    6    0
  4058.02070000  0.00004800 -0.00002500  0.00002500 -0.00003800  0.00006500  0.00012500
  1023.32590000  0.00035700 -0.00017800  0.00016000 -0.00026100  0.00068000  0.00082000
   339.38520000  0.00168700 -0.00088600  0.00087900 -0.00136400  0.00230300  0.00453100
   122.34850000  0.00569300 -0.00287100  0.00257000 -0.00421200  0.01109500  0.01327800
    29.05580000  0.07239800 -0.04477700  0.04868100 -0.07740600  0.11656100  0.33982600
    20.62690000 -0.04680700  0.06348100 -0.08273400  0.14118700 -0.20879100 -0.91643500
    14.61790000 -0.22020700  0.05858300 -0.03123700  0.03263600 -0.10985000  0.51249700
     5.44440000  0.51595700 -0.29115300  0.28557900 -0.53028900  1.66589500  2.87892900
     2.74140000  0.55340200 -0.31782800  0.33767500 -0.34105300 -1.22569800 -5.74447100
     1.22830000  0.11037100  0.18539300 -0.57899300  1.32381100 -1.65290900  6.26025700
     0.57690000 -0.00003600  0.62250200 -0.53515700 -0.05895300  3.33710700 -4.75330600
     0.24890000  0.00387300  0.36805200  0.49002200 -1.43320600 -2.43195200  2.20905700
     0.08000000 -0.00028800  0.02720500  0.71318000  1.15464600  0.83926600 -0.57432200
$ D-TYPE FUNCTIONS
   10    5    0
   389.08410000  0.00053400 -0.00017100  0.00030700  0.00012500 -0.00034600
   117.76020000  0.00425800 -0.00141500  0.00194900  0.00577900 -0.00923800
    44.98690000  0.01716000 -0.00545300  0.01003900  0.00192000 -0.00774800
    22.85990000  0.01242700 -0.00463400  0.00347200  0.03739400 -0.04981100
     7.83310000  0.27041600 -0.10147700  0.17755800  0.20065900 -0.65255700
     4.11340000  0.44527200 -0.12378500  0.16075300  0.64780300 -0.50836000
     2.09990000  0.31440800 -0.09968100  0.29830700 -0.80972900  2.49934500
     1.00430000  0.08845800  0.27019200 -1.00301200 -0.52668800 -2.33109000
     0.34220000  0.00471900  0.57453700 -0.02858800  1.21830800  1.19732000
     0.10510000 -0.00014400  0.40538100  0.74273600 -0.81821500 -0.52037700
$ F-TYPE FUNCTIONS
    8    4    0
   128.23410000  0.00342400 -0.00350400  0.00472100  0.00533500
    46.26850000  0.03431300 -0.03411500  0.04024200  0.06758500
    20.73660000  0.12319400 -0.12590700  0.16660700  0.20923100
     9.44790000  0.25182400 -0.24294200  0.26160200  0.44914300
     4.31490000  0.35129200 -0.27784800  0.22633700 -0.27638900
     1.91210000  0.34431900  0.02663400 -0.60813500 -0.93490300
     0.78970000  0.23175500  0.52812500 -0.35269400  1.35242100
     0.28590000  0.09010800  0.45578100  0.85925200 -0.77940600
$ G-TYPE FUNCTIONS
    6    3    0
    20.73660000  0.02651600 -0.08026000  0.12157400
     9.44790000  0.09906600 -0.22066100  0.29088100
     4.31490000  0.21337800 -0.50804700  0.44907400
     1.91210000  0.45371300 -0.16149700 -0.89864000
     0.78970000  0.43129900  0.65157800  0.19166000
     0.28590000  0.07451200  0.16631100  0.63679900
a  64
$ GADOLIUM       (14s,13p,10d,8f,6g) -> [6s,6p,5d,4f,3g]
$ GADOLIUM       (14s,13p,10d,8f,6g)->[6s,6p,5d,4f,3g]
$ S-TYPE FUNCTIONS
   14    6    0
 70672.98200000  0.00013500 -0.00022500  0.00015000 -0.00052100 -0.00104500  0.00195800
 10580.42000000  0.00100600 -0.00168300  0.00112300 -0.00390300 -0.00782700  0.01477700
  2467.21960000  0.00460500 -0.00766300  0.00511700 -0.01779700 -0.03567600  0.06658500
   710.30550000  0.01357700 -0.02292200  0.01530600 -0.05317900 -0.10673000  0.20293500
   223.69340000  0.02091500 -0.03445900  0.02303200 -0.08022600 -0.16071400  0.29409900
    42.88450000 -0.15475600  0.01954500  0.00031500 -0.03885300 -0.16626200  0.64763100
    30.59520000  0.58564700 -0.20267800  0.08795100 -0.17366100 -0.04728700 -0.73828800
    15.79230000 -1.04227100  0.47445400 -0.22862800  0.56940400  0.59744700 -0.02072100
     3.95980000  0.97789200 -0.70315100  0.36045200 -1.40334100 -2.38247000  2.73815600
     2.00770000  0.40798600 -0.39345200  0.21670000  0.34429400  2.47576600 -4.97668700
     0.74940000  0.01922700  0.75155200 -0.49940700  2.17013800  0.10374900  5.12361800
     0.32410000  0.00029400  0.48796800 -0.45670800 -1.77816900 -1.49320500 -3.34353700
     0.05780000 -0.00034800  0.15762100  0.75836900 -0.68406600  2.26717500  1.69410900
     0.02370000 -0.00054800  0.07209200  0.40088900  1.03855400 -1.75941900 -1.03871900
$ P-TYPE FUNCTIONS
   13    6    0
  4319.88790000  0.00005800 -0.00003100  0.00003100 -0.00004900  0.00008900  0.00017200
  1015.39700000  0.00049300 -0.00025100  0.00024300 -0.00039200  0.00094700  0.00107100
   323.72580000  0.00238800 -0.00125800  0.00129500 -0.00203600  0.00369500  0.00731100
   116.23940000  0.00750400 -0.00384500  0.00369900 -0.00602100  0.01511000  0.01585000
    29.20180000  0.08114500 -0.04985500  0.05604600 -0.09073500  0.14237700  0.46952400
    20.83530000 -0.06615400  0.07560700 -0.09896600  0.17511200 -0.28667200 -1.32832800
    14.85680000 -0.19733900  0.04401000 -0.01785900 -0.00022400 -0.01668700  0.97763700
     5.55410000  0.52250600 -0.29497600  0.30720500 -0.56771300  1.70673700  2.43010900
     2.79180000  0.54476400 -0.30708700  0.32998300 -0.27725000 -1.47634200 -5.31563300
     1.24820000  0.10689700  0.19562600 -0.61993300  1.37949000 -1.27438600  6.06482900
     0.58430000 -0.00074400  0.61971800 -0.52898500 -0.25877600  3.06249300 -4.73796400
     0.25120000  0.00339800  0.36203900  0.55478100 -1.27183500 -2.35730700  2.25662100
     0.08000000 -0.00031000  0.02665700  0.66158900  1.13148700  0.85482600 -0.60183100
$ D-TYPE FUNCTIONS
   10    5    0
   406.09940000  0.00065500 -0.00020600  0.00036400  0.00026400  0.00064400
   122.42050000  0.00534100 -0.00173200  0.00274200  0.00691500  0.00929600
    46.36790000  0.02218000 -0.00698700  0.01231800  0.00835700  0.01997300
    20.72890000  0.02963000 -0.01026200  0.01454500  0.05775900  0.06345500
     7.97730000  0.28827000 -0.10430000  0.18879000  0.24925300  0.76090200
     4.11750000  0.44967800 -0.12174400  0.18887800  0.62994200  0.05725700
     2.07830000  0.29515700 -0.07806800  0.19929100 -1.04217700 -2.01852300
     0.98880000  0.07542500  0.27773500 -0.98502100 -0.23406900  2.19145800
     0.33890000  0.00373000  0.56060900  0.02635400  1.09625000 -1.26217100
     0.10370000 -0.00006800  0.41020000  0.70788400 -0.79256300  0.57667100
$ F-TYPE FUNCTIONS
    8    4    0
   128.70520000  0.00397000 -0.00370300  0.00589600  0.00617100
    46.56470000  0.03873500 -0.03529800  0.05253800  0.07511300
    20.88820000  0.13395800 -0.12461400  0.19619700  0.22111600
     9.52330000  0.26283500 -0.23550100  0.30383800  0.45209300
     4.34760000  0.35391100 -0.26068300  0.15887300 -0.43161900
     1.92410000  0.33605200  0.04129300 -0.63510400 -0.74174500
     0.79260000  0.21998600  0.50400800 -0.28490300  1.29115000
     0.28550000  0.08378500  0.48809500  0.79498700 -0.80010300
$ G-TYPE FUNCTIONS
    6    3    0
    20.88820000  0.02707300 -0.08805300  0.13649800
     9.52330000  0.09417400 -0.23523500  0.34163000
     4.34760000  0.20520100 -0.49227300  0.30419200
     1.92410000  0.40397900 -0.07152700 -0.86118300
     0.79260000  0.35162900  0.60587800  0.30305000
     0.28550000  0.05942600  0.14483100  0.51551200
a  65
$ TERBIUM       (14s,13p,10d,8f,6g) -> [6s,6p,5d,4f,3g]
$ TERBIUM       (14s,13p,10d,8f,6g)->[6s,6p,5d,4f,3g]
$ S-TYPE FUNCTIONS
   14    6    0
 72672.98200000  0.00014500 -0.00032100  0.00036600  0.00212700  0.00200500  0.00122800
 10989.46700000  0.00108100 -0.00240700  0.00274200  0.01593500  0.01503000  0.00924800
  2527.11750000  0.00506100 -0.01118800  0.01274600  0.07406300  0.06984000  0.04269200
   721.01020000  0.01472700 -0.03313200  0.03775100  0.21961800  0.20730000  0.12824400
   226.91820000  0.02202900 -0.04785200  0.05454000  0.31657800  0.29829200  0.17978300
    46.08460000 -0.11532200 -0.00071600  0.02920300  0.29833400  0.36025300  0.32929700
    30.51570000  0.54259600 -0.17332900  0.07113300 -0.12952600 -0.47121700 -0.63869900
    15.76320000 -1.04905100  0.44659400 -0.24748100 -0.37253400  0.39691200  0.85105200
     4.03940000  0.95843100 -0.64019900  0.39939700  1.57197000  0.07232700 -1.42597700
     2.06600000  0.43282900 -0.39383500  0.24189200 -1.03451200 -1.10692500  0.41015100
     0.74960000  0.02265500  0.69401200 -0.54107300 -1.34279300  1.74136300  2.21437400
     0.32390000 -0.00044900  0.45581800 -0.48381300  1.54097700 -0.69374800 -2.59382000
     0.05610000 -0.00005600  0.22154400  0.74752200  0.06600600 -1.32844100  2.36941600
     0.02310000 -0.00052700  0.10111700  0.37925600 -0.46314000  1.34201500 -1.72854400
$ P-TYPE FUNCTIONS
   13    6    0
  4392.66750000  0.00007000 -0.00003800  0.00004000 -0.00006300  0.00012000  0.00024400
  1041.28910000  0.00058600 -0.00029900  0.00030600 -0.00049900  0.00112500  0.00118500
   334.50070000  0.00278800 -0.00150100  0.00160900 -0.00254400  0.00484700  0.01021000
   120.98110000  0.00871000 -0.00444600  0.00454400 -0.00747200  0.01731500  0.01588800
    32.27070000  0.06594200 -0.04414600  0.05136500 -0.08294400  0.14696400  0.54004300
    22.83780000 -0.02228700  0.05683600 -0.08113000  0.14534300 -0.28684700 -1.49633700
    16.21830000 -0.21290800  0.05117200 -0.02606200  0.01410800  0.01677200  1.19183300
     5.79870000  0.53446500 -0.30807400  0.33604300 -0.62349700  1.71864200  2.02024600
     2.88980000  0.53670400 -0.28952700  0.28517600 -0.14348600 -1.69930800 -4.71133100
     1.25360000  0.09704600  0.22882600 -0.67399000  1.36779500 -0.89518000  5.75879000
     0.59140000 -0.00271700  0.61165500 -0.44420800 -0.42614500  2.81102400 -4.80215600
     0.25600000  0.00359800  0.34011300  0.57184400 -1.12756100 -2.29355100  2.34229400
     0.08000000 -0.00037200  0.02282900  0.63538800  1.09864400  0.84958800 -0.62338500
$ D-TYPE FUNCTIONS
   10    5    0
   410.83070000  0.00084900 -0.00027600 -0.00047700  0.00049100  0.00092600
   123.83550000  0.00693700 -0.00231500 -0.00390600  0.00873200  0.01070500
    47.01310000  0.02853300 -0.00930900 -0.01599800  0.01580200  0.02855000
    20.29890000  0.05034200 -0.01753400 -0.02897400  0.08100100  0.08823400
     8.01380000  0.30163300 -0.11146600 -0.20294300  0.32218900  0.83801300
     4.08550000  0.44817800 -0.12350100 -0.21029500  0.54492700 -0.35974600
     2.05160000  0.27683400 -0.06031300 -0.11033700 -1.21567600 -1.56031700
     0.98380000  0.06851900  0.28924600  0.97310400  0.04634000  2.06481800
     0.34200000  0.00375600  0.55511600 -0.09615600  0.97359700 -1.33747400
     0.10580000 -0.00006200  0.39773400 -0.67487600 -0.77401300  0.64597300
$ F-TYPE FUNCTIONS
    8    4    0
   128.96660000  0.00458800 -0.00456600  0.00700800  0.00791700
    46.78610000  0.04356300 -0.04222100  0.06207300  0.08763100
    21.00210000  0.14488000 -0.14130500  0.21522100  0.24369500
     9.57730000  0.27243000 -0.25061600  0.31728000  0.43071700
     4.37160000  0.35365200 -0.24548200  0.08602200 -0.57982900
     1.93430000  0.32658400  0.08535000 -0.66817600 -0.52978700
     0.79600000  0.21170000  0.50340500 -0.17359900  1.21153800
     0.28660000  0.08111100  0.46156500  0.75819700 -0.81384700
$ G-TYPE FUNCTIONS
    6    3    0
    21.00210000  0.03308200 -0.09576300 -0.15267400
     9.57730000  0.10747500 -0.24511000 -0.37118200
     4.37160000  0.23227800 -0.45833200 -0.14953200
     1.93430000  0.42389700  0.02266800  0.78869200
     0.79600000  0.33335800  0.54223200 -0.39907800
     0.28660000  0.05209500  0.11165700 -0.39477300
a  66
$ DYSPROSIUM       (14s,13p,10d,8f,6g) -> [6s,6p,5d,4f,3g]
$ DYSPROSIUM       (14s,13p,10d,8f,6g)->[6s,6p,5d,4f,3g]
$ S-TYPE FUNCTIONS
   14    6    0
 78529.74300000  0.00013800 -0.00029300  0.00026000  0.00094400  0.00220800 -0.00177000
 11854.69900000  0.00103300 -0.00220100  0.00195200  0.00709600  0.01659800 -0.01336000
  2719.98070000  0.00486100 -0.01030000  0.00914000  0.03320400  0.07762900 -0.06210000
   772.40360000  0.01434000 -0.03086200  0.02738600  0.09961300  0.23325200 -0.18859500
   242.03200000  0.02162000 -0.04516800  0.04010500  0.14550900  0.33977600 -0.26853200
    48.35620000 -0.11345300  0.00107800  0.01773300  0.10927000  0.38309600 -0.45679500
    31.88060000  0.55935400 -0.18609500  0.07858700  0.10248300 -0.33372300  0.75715400
    16.86090000 -1.06075500  0.46279500 -0.23633100 -0.53929400 -0.08863500 -0.73657400
     4.21550000  0.97806700 -0.67576700  0.37780700  1.50091400  1.49271000  0.47508500
     2.12870000  0.40927500 -0.38255500  0.21946400 -0.59740400 -2.08398000  0.91230600
     0.78890000  0.01962500  0.72217800 -0.50754900 -1.88431700  0.82228000 -3.00749100
     0.33830000  0.00021600  0.47304100 -0.46822000  1.65030900  0.46357800  2.79621700
     0.05810000 -0.00031600  0.18880100  0.75077900  0.63372700 -1.62458100 -2.11469100
     0.02380000 -0.00053500  0.08675500  0.38937900 -0.98164700  1.36477800  1.47923500
$ P-TYPE FUNCTIONS
   13    6    0
  4069.16260000  0.00011900 -0.00006600  0.00007000 -0.00011300  0.00021800  0.00038100
   962.25980000  0.00098700 -0.00052900  0.00055500 -0.00091100  0.00189700  0.00193400
   308.60090000  0.00460800 -0.00257000  0.00274700 -0.00444100  0.00858300  0.01565000
   112.40990000  0.01336200 -0.00717100  0.00749900 -0.01240900  0.02644100  0.02158900
    32.27070000  0.07644400 -0.05223400  0.05990300 -0.09972900  0.18949900  0.65632200
    22.83780000 -0.03986100  0.07216700 -0.09703200  0.18185200 -0.40328700 -1.85615000
    16.30880000 -0.18209200  0.02968200 -0.00517800 -0.03172600  0.17381900  1.63737700
     5.88070000  0.53961700 -0.31808400  0.35966000 -0.67146100  1.68880800  1.46372400
     2.92130000  0.52470300 -0.27247700  0.24928600 -0.02735200 -1.93417700 -4.12305000
     1.25850000  0.09273200  0.25097800 -0.70981700  1.37023300 -0.43724600  5.47896800
     0.59260000 -0.00285000  0.60480100 -0.39415100 -0.60173000  2.45541000 -4.80774800
     0.25690000  0.00354900  0.32557100  0.59369600 -0.97314500 -2.19393300  2.43727000
     0.08000000 -0.00037500  0.02142900  0.60627700  1.06617700  0.85996000 -0.66796500
$ D-TYPE FUNCTIONS
   10    5    0
   409.80320000  0.00104600 -0.00034600 -0.00061300 -0.00066900  0.00112300
   123.71040000  0.00844800 -0.00277600 -0.00487600 -0.01068200  0.01218700
    47.09760000  0.03394500 -0.01126900 -0.01984000 -0.02031100  0.03299000
    20.12020000  0.06331300 -0.02132900 -0.03742200 -0.10296200  0.10875900
     8.15710000  0.31054200 -0.11653800 -0.22063800 -0.34946300  0.83036300
     4.14740000  0.44327600 -0.11306100 -0.19479200 -0.49278400 -0.52917500
     2.08250000  0.26593400 -0.06364500 -0.08737400  1.32537900 -1.26509800
     0.99980000  0.06494700  0.31901600  0.98697300 -0.29633600  1.80169600
     0.32020000  0.00340800  0.58930100 -0.20627100 -0.77988400 -1.20156900
     0.09130000 -0.00012900  0.35440500 -0.60861100  0.73505700  0.65035300
$ F-TYPE FUNCTIONS
    8    4    0
   129.62740000  0.00525200 -0.00524300  0.00784900  0.00857600
    47.17270000  0.04849000 -0.04743100  0.06894600  0.09182700
    21.15860000  0.15475200 -0.15310400  0.22865900  0.25647300
     9.63810000  0.28117000 -0.26139900  0.32440600  0.41447400
     4.39530000  0.35382800 -0.23149100  0.02263600 -0.68358300
     1.94260000  0.31851600  0.12294200 -0.68407700 -0.36388500
     0.79800000  0.20321700  0.50791800 -0.08288600  1.13693000
     0.28660000  0.07647600  0.43365800  0.72758900 -0.82350400
$ G-TYPE FUNCTIONS
    6    3    0
    21.15860000  0.04092000 -0.12573900 -0.20711200
     9.63810000  0.12549700 -0.30811500 -0.46539300
     4.39530000  0.26839700 -0.51586000 -0.03594100
     1.94260000  0.45159500  0.10852900  0.85988000
     0.79800000  0.32504800  0.60048100 -0.53849400
     0.28660000  0.04823800  0.11376400 -0.38968300
a  67
$ HOLMIUM       (14s,13p,10d,8f,6g) -> [6s,6p,5d,4f,3g]
$ HOLMIUM       (14s,13p,10d,8f,6g)->[6s,6p,5d,4f,3g]
$ S-TYPE FUNCTIONS
   14    6    0
 86373.95500000  0.00007800 -0.00007200  0.00003700 -0.00010900 -0.00020000 -0.00044900
 13014.20000000  0.00058800 -0.00054300  0.00027900 -0.00082500 -0.00152200 -0.00356200
  2974.24170000  0.00280100 -0.00254100  0.00130700 -0.00385400 -0.00709700 -0.01557100
   840.77100000  0.00836400 -0.00784000  0.00404000 -0.01193900 -0.02208300 -0.05344300
   258.12230000  0.01341900 -0.01177700  0.00604500 -0.01778900 -0.03259200 -0.06319400
    49.76480000 -0.17932200  0.06038600 -0.02699600  0.05395100  0.05425000 -0.28958500
    35.54630000  0.61079100 -0.24708000  0.11425000 -0.25694300 -0.33546300  0.16102400
    18.12900000 -1.04365000  0.48813800 -0.22971200  0.55730500  0.81220000  0.81302200
     4.44560000  0.99798500 -0.70923700  0.34479200 -1.22582200 -2.49126900 -4.93629700
     2.21700000  0.38610600 -0.38186700  0.20547000  0.20533800  2.21523100  7.59581100
     0.83290000  0.01682100  0.75659700 -0.46677900  1.98832500  0.77714200 -6.34845600
     0.35440000  0.00067800  0.49234600 -0.45346200 -1.48410400 -1.93808600  3.55805400
     0.05970000 -0.00047100  0.15316000  0.75888200 -0.98003200  2.26635900 -1.46968700
     0.02440000 -0.00052000  0.06862900  0.39323500  1.24941600 -1.70852800  0.84821100
$ P-TYPE FUNCTIONS
   13    6    0
  4325.38140000  0.00014100 -0.00007900  0.00008300 -0.00013400  0.00024400  0.00036800
  1002.32830000  0.00122000 -0.00068600  0.00072200 -0.00118600  0.00238100  0.00256100
   312.03850000  0.00605100 -0.00339800  0.00359800 -0.00577300  0.01054600  0.01616800
   110.73810000  0.01734300 -0.00990900  0.01044400 -0.01733200  0.03582900  0.03483500
    32.14230000  0.08949800 -0.05143800  0.05636500 -0.08938500  0.14367000  0.39869200
    20.43450000 -0.13826300  0.10726000 -0.13038000  0.22775400 -0.41866200 -1.58215200
    14.44160000 -0.08505200 -0.01932200  0.04802000 -0.12230000  0.31153900  1.87888800
     6.03500000  0.54451100 -0.31483100  0.35589700 -0.65810200  1.60146700  0.95538600
     3.00200000  0.51265600 -0.27120200  0.25551500 -0.01487500 -1.98732500 -3.84860100
     1.33240000  0.09390400  0.25154200 -0.71623600  1.35651200 -0.25454900  5.26146400
     0.61270000 -0.00056100  0.61104900 -0.40596100 -0.63669600  2.26135700 -4.53524000
     0.26270000  0.00292800  0.32357000  0.62401100 -0.89137800 -2.09043800  2.33351000
     0.08000000 -0.00027500  0.02049400  0.58131900  1.04021600  0.84587000 -0.64989800
$ D-TYPE FUNCTIONS
   10    5    0
   454.44040000  0.00106500 -0.00033300 -0.00060100 -0.00081700 -0.00128100
   137.41230000  0.00875400 -0.00283100 -0.00558500 -0.01094500 -0.01018800
    52.69360000  0.03589600 -0.01129600 -0.02028100 -0.02686900 -0.04062800
    22.60370000  0.07684800 -0.02546800 -0.05144900 -0.10827800 -0.09022500
     8.78080000  0.29227300 -0.10205500 -0.19779100 -0.40736300 -0.86448900
     4.37520000  0.45709200 -0.12666600 -0.27119600 -0.38901900  0.79377600
     2.10220000  0.28128800 -0.02050900  0.10734500  1.32051100  0.70061700
     0.90730000  0.05446900  0.30799100  0.89032200 -0.44720800 -1.53852100
     0.31720000  0.00064600  0.53280200 -0.22664300 -0.67241000  1.36621500
     0.09750000  0.00041700  0.39037800 -0.58677600  0.69575100 -0.75785600
$ F-TYPE FUNCTIONS
    8    4    0
   136.46780000  0.00523000 -0.00510600  0.00758000  0.00795000
    49.56920000  0.04844900 -0.04669100  0.06794100  0.08694400
    22.24710000  0.15620800 -0.15321000  0.23019100  0.25931100
    10.13590000  0.28238400 -0.26303400  0.33349700  0.41621800
     4.61860000  0.35388100 -0.22802900  0.00714600 -0.70596200
     2.03750000  0.31745800  0.12560900 -0.68125000 -0.32951000
     0.83430000  0.20272500  0.50385700 -0.07420200  1.11615800
     0.29790000  0.07700900  0.43793200  0.71855400 -0.81825800
$ G-TYPE FUNCTIONS
    6    3    0
    22.24710000  0.04611400 -0.12867100 -0.21496100
    10.13590000  0.14079400 -0.31701600 -0.46998100
     4.61860000  0.30152100 -0.50148500  0.02294300
     2.03750000  0.47987000  0.13482000  0.80914300
     0.83430000  0.33754700  0.58842700 -0.54667400
     0.29790000  0.05092500  0.11294700 -0.35019300
a  68
$ ERBIUM       (14s,13p,10d,8f,6g) -> [6s,6p,5d,4f,3g]
$ ERBIUM       (14s,13p,10d,8f,6g)->[6s,6p,5d,4f,3g]
$ S-TYPE FUNCTIONS
   14    6    0
 89904.83500000  0.00006300 -0.00004900  0.00002400 -0.00006400 -0.00012300 -0.00026700
 13532.87400000  0.00047300 -0.00037100  0.00018500 -0.00048800 -0.00094500 -0.00219800
  3087.30420000  0.00225400 -0.00172900  0.00086300 -0.00226300 -0.00437100 -0.00908600
   870.18760000  0.00670600 -0.00536600  0.00268800 -0.00708500 -0.01378400 -0.03387600
   263.42620000  0.01088200 -0.00794800  0.00395400 -0.01029300 -0.01968400 -0.03179900
    52.41410000 -0.18751800  0.06832800 -0.03121500  0.06200900  0.08116300 -0.23963700
    37.43870000  0.61528300 -0.25347900  0.11788200 -0.25052500 -0.37101300  0.09705800
    18.93000000 -1.04143600  0.48744800 -0.22975800  0.52096500  0.84172400  0.86322500
     4.62930000  1.00000800 -0.70622600  0.34293100 -1.11670500 -2.50256300 -5.00341300
     2.30280000  0.38401600 -0.37977400  0.20450600  0.13629800  2.13545900  7.65051200
     0.86460000  0.01659900  0.75375900 -0.46174600  1.87848000  0.94532700 -6.32483000
     0.36610000  0.00055100  0.49256100 -0.45329800 -1.33346900 -2.02619100  3.49806500
     0.06050000 -0.00047100  0.15610400  0.76136800 -1.11681400  2.19549300 -1.41199000
     0.02470000 -0.00051100  0.06874100  0.38706400  1.34948000 -1.63509400  0.81156600
$ P-TYPE FUNCTIONS
   13    6    0
  3801.97370000  0.00020100 -0.00011300  0.00012100 -0.00019200 -0.00034800  0.00050500
   896.72170000  0.00164200 -0.00093200  0.00100400 -0.00163400 -0.00315500  0.00324900
   286.42470000  0.00748200 -0.00421200  0.00451000 -0.00715300 -0.01292700  0.01948900
   104.49430000  0.01930300 -0.01119200  0.01212800 -0.02003200 -0.03983100  0.03505500
    31.15650000  0.10827500 -0.05989800  0.06471000 -0.09977300 -0.16320400  0.47725600
    20.33230000 -0.20837000  0.14071200 -0.16379100  0.27740900  0.53646600 -1.91319700
    14.45170000 -0.01553800 -0.05633100  0.08482300 -0.18589000 -0.49122200  2.32892300
     6.05240000  0.56947400 -0.32846100  0.38542800 -0.69601900 -1.52199900  0.40840000
     3.00430000  0.48293300 -0.24542700  0.20273300  0.12997900  2.17232200 -3.28029000
     1.32780000  0.08154600  0.28704000 -0.76681000  1.31102400 -0.15311700  4.96697400
     0.60930000 -0.00063100  0.60211900 -0.32725800 -0.78532400 -1.94944700 -4.52814600
     0.26290000  0.00256900  0.30019800  0.64165200 -0.74506200  2.00861800  2.42729700
     0.08000000 -0.00024900  0.01822600  0.54753600  1.01489700 -0.85733800 -0.69223900
$ D-TYPE FUNCTIONS
   10    5    0
   456.00080000  0.00141800 -0.00044700 -0.00085400 -0.00122000 -0.00161600
   138.15230000  0.01158600 -0.00369700 -0.00757400 -0.01354800 -0.01193300
    53.20440000  0.04684900 -0.01489100 -0.02826300 -0.03924100 -0.05055100
    22.68150000  0.10408300 -0.03361300 -0.07025000 -0.13251900 -0.10785700
     8.99710000  0.28843400 -0.10064800 -0.20861100 -0.44311100 -0.84140100
     4.42980000  0.44983300 -0.12091400 -0.27008300 -0.27360400  0.98378700
     2.11540000  0.27522100 -0.00973200  0.17086400  1.33205500  0.37505900
     0.90920000  0.05342600  0.30763500  0.85309300 -0.61272000 -1.33020900
     0.31100000  0.00064500  0.53159100 -0.25293600 -0.53355600  1.31690500
     0.09330000  0.00037300  0.39458100 -0.55261700  0.64338600 -0.77610800
$ F-TYPE FUNCTIONS
    8    4    0
   137.95750000  0.00521800 -0.00505500  0.00748100  0.00794400
    49.67320000  0.04804700 -0.04615200  0.06773200  0.08588800
    22.27540000  0.16363400 -0.15989200  0.24097600  0.27812900
    10.21230000  0.28948300 -0.26794700  0.33765700  0.40127700
     4.65890000  0.35374200 -0.21586200 -0.03358500 -0.77699500
     2.05510000  0.31094900  0.14761800 -0.68176300 -0.21223000
     0.84060000  0.19614200  0.50055800 -0.03106600  1.05380700
     0.29960000  0.07392600  0.42943000  0.70027500 -0.81196500
$ G-TYPE FUNCTIONS
    6    3    0
    22.27540000  0.05156400 -0.13775800 -0.23860100
    10.21230000  0.15094900 -0.32730000 -0.47696400
     4.65890000  0.31750400 -0.46950400  0.12644500
     2.05510000  0.46684400  0.19684100  0.74073000
     0.84060000  0.30407900  0.55111800 -0.58244800
     0.29960000  0.04407700  0.09891500 -0.30451300
a  69
$ THULIUM       (14s,13p,10d,8f,6g) -> [6s,6p,5d,4f,3g]
$ THULIUM       (14s,13p,10d,8f,6g)->[6s,6p,5d,4f,3g]
$ S-TYPE FUNCTIONS
   14    6    0
 91965.74100000  0.00005600 -0.00004000  0.00002000 -0.00005200 -0.00009800 -0.00020800
 13821.71800000  0.00042000 -0.00030400  0.00015100 -0.00039700 -0.00075900 -0.00176800
  3143.93930000  0.00201000 -0.00141300  0.00070000 -0.00183100 -0.00347200 -0.00694700
   882.03480000  0.00593100 -0.00439000  0.00218300 -0.00576300 -0.01109200 -0.02776700
   261.83820000  0.00967100 -0.00635100  0.00312900 -0.00806100 -0.01493500 -0.01928000
    55.31080000 -0.19366400  0.07280700 -0.03370700  0.06835600  0.08926600 -0.23251000
    39.50770000  0.60963300 -0.25235100  0.11826800 -0.25373500 -0.37058500  0.10123200
    19.62510000 -1.03177500  0.48175900 -0.22842300  0.52351400  0.83922600  0.85580500
     4.81950000  0.99726900 -0.69868000  0.34069400 -1.13006900 -2.50938500 -4.97487500
     2.39540000  0.38733800 -0.37955600  0.20453800  0.15592400  2.14594600  7.55977600
     0.89260000  0.01685300  0.74871900 -0.45679200  1.85839200  0.91047400 -6.22381100
     0.37650000  0.00047000  0.49128400 -0.45437100 -1.32582200 -1.98484300  3.44888500
     0.06150000 -0.00046300  0.15899200  0.75608600 -1.10594400  2.17095100 -1.39466600
     0.02500000 -0.00052500  0.07107400  0.38926000  1.33715400 -1.62464000  0.80465300
$ P-TYPE FUNCTIONS
   13    6    0
  3687.32990000  0.00028200 -0.00016500  0.00018400 -0.00029200 -0.00051300  0.00069200
   875.10930000  0.00225600 -0.00133300  0.00150300 -0.00243600 -0.00443500  0.00462100
   282.40680000  0.00996200 -0.00583500  0.00651200 -0.01033800 -0.01813000  0.02534800
   104.31900000  0.02477600 -0.01497300  0.01701200 -0.02795000 -0.05201200  0.04753100
    32.94740000  0.09816400 -0.05528400  0.06110700 -0.09343500 -0.15168000  0.38355500
    20.05360000 -0.19527800  0.13536400 -0.16315000  0.27956400  0.54858700 -1.78495900
    14.32400000  0.00378700 -0.07274400  0.10908100 -0.24067800 -0.63314900  2.49756000
     6.14250000  0.57120500 -0.33252000  0.40951500 -0.71508100 -1.35676900 -0.18343400
     3.04290000  0.47158300 -0.22911500  0.15897100  0.26571100  2.25102800 -2.62417100
     1.34380000  0.07842800  0.30345300 -0.80203700  1.23550400 -0.51105700  4.57058700
     0.61400000 -0.00043900  0.59603500 -0.26936800 -0.90075700 -1.61993700 -4.40671900
     0.26490000  0.00245800  0.28864300  0.66003800 -0.59519500  1.89222400  2.45405100
     0.08000000 -0.00023500  0.01698300  0.51073400  0.98139900 -0.86322200 -0.72011900
$ D-TYPE FUNCTIONS
   10    5    0
   462.75630000  0.00159000 -0.00051000 -0.00098900 -0.00144500 -0.00173000
   140.26880000  0.01289200 -0.00418300 -0.00871900 -0.01524500 -0.01330100
    54.03890000  0.05141600 -0.01663900 -0.03192800 -0.04505500 -0.05238900
    22.99370000  0.11270300 -0.03697200 -0.07940100 -0.14825800 -0.12625800
     9.17440000  0.29479100 -0.10462800 -0.22267500 -0.48623500 -0.83631700
     4.49850000  0.44636800 -0.12012800 -0.26288800 -0.15506300  1.15105700
     2.14340000  0.26708600 -0.00045600  0.22174600  1.30708000  0.09773900
     0.91950000  0.05082400  0.31800300  0.82296100 -0.72030300 -1.15656000
     0.31310000  0.00065600  0.53506300 -0.29121300 -0.43240100  1.28198600
     0.09340000  0.00037900  0.37774600 -0.52919600  0.61252800 -0.79730500
$ F-TYPE FUNCTIONS
    8    4    0
   139.45920000  0.00598000 -0.00592100  0.00858400  0.00942400
    50.46880000  0.05373600 -0.05280800  0.07620800  0.09535600
    22.64690000  0.17238700 -0.17211400  0.25411600  0.29958500
    10.34670000  0.29555200 -0.27564000  0.33307500  0.35858600
     4.71360000  0.35243800 -0.19827100 -0.09002100 -0.83867900
     2.07730000  0.30401800  0.17582200 -0.67135100 -0.07550200
     0.84900000  0.19000700  0.49765000  0.02502100  0.97725000
     0.30230000  0.07132300  0.41027600  0.68081000 -0.80646300
$ G-TYPE FUNCTIONS
    6    3    0
    22.64690000  0.05996500 -0.15809300 -0.28204000
    10.34670000  0.16824400 -0.35796100 -0.49969100
     4.71360000  0.34294700 -0.45962600  0.23284800
     2.07730000  0.46899100  0.25932300  0.70387400
     0.84900000  0.28696600  0.54922100 -0.63892400
     0.30230000  0.04014400  0.09303000 -0.27852200
a  70
$ YTTERBIUM       (14s,13p,10d,8f,6g) -> [6s,6p,5d,4f,3g]
$ YTTERBIUM       (14s,13p,10d,8f,6g)->[6s,6p,5d,4f,3g]
$ S-TYPE FUNCTIONS
   14    6    0
 91972.90300000  0.00005100 -0.00003500  0.00001500 -0.00005000 -0.00008400 -0.00016400
 13787.37100000  0.00038600 -0.00026900  0.00011900 -0.00039300 -0.00066100 -0.00145900
  3123.61350000  0.00184400 -0.00124200  0.00054700 -0.00178000 -0.00298300 -0.00535700
   871.47540000  0.00535600 -0.00383200  0.00170000 -0.00568500 -0.00960300 -0.02329100
   250.46300000  0.00885900 -0.00540500  0.00235400 -0.00727100 -0.01195000 -0.00825200
    58.28270000 -0.20075500  0.07857300 -0.03247500  0.07527200  0.09673600 -0.23279300
    41.63050000  0.60238000 -0.25489000  0.10664700 -0.26855600 -0.37058700  0.11919700
    20.21640000 -1.02096900  0.48538700 -0.20576800  0.56783300  0.84883800  0.82194900
     4.99720000  0.99542400 -0.70899400  0.30858600 -1.26600800 -2.66140100 -4.84602100
     2.48220000  0.39158000 -0.38472000  0.19037300  0.23289900  2.50655000  7.35614700
     0.91790000  0.01647600  0.76405900 -0.42907800  2.00729800  0.40354000 -6.10004500
     0.38530000 -0.00044600  0.50843600 -0.42424100 -1.54245800 -1.63743000  3.43702400
     0.06140000 -0.00011500  0.13093300  0.77369200 -0.87912000  2.15991900 -1.49277800
     0.02500000 -0.00034500  0.05298200  0.37487900  1.17336300 -1.69178300  0.90347100
$ P-TYPE FUNCTIONS
   13    6    0
  3731.96210000  0.00033200 -0.00019900  0.00022200 -0.00037200 -0.00059600 -0.00078900
   888.02240000  0.00263000 -0.00159900  0.00181500 -0.00308700 -0.00512000 -0.00550500
   287.93510000  0.01144400 -0.00686100  0.00764800 -0.01285500 -0.02048600 -0.02809600
   107.14710000  0.02778500 -0.01734200  0.01992200 -0.03423800 -0.05812500 -0.05633500
    35.32520000  0.08892800 -0.04968100  0.05315400 -0.08687300 -0.12467000 -0.28465400
    19.80280000 -0.20249200  0.13571600 -0.15866400  0.29274200  0.51724800  1.57145600
    14.14490000  0.04045300 -0.09583200  0.13740100 -0.31116100 -0.71446600 -2.54446300
     6.28440000  0.57788100 -0.33617200  0.40809600 -0.72571400 -1.23919300  0.65442900
     3.11450000  0.45532300 -0.21012200  0.08704500  0.34543800  2.37879700  2.11238200
     1.38270000  0.07330500  0.32287500 -0.74083700  1.23802500 -0.89446400 -4.22924200
     0.62730000 -0.00128200  0.58965200 -0.24005500 -1.00502200 -1.28492200  4.26723600
     0.27030000  0.00159400  0.27626600  0.60390300 -0.47858000  1.75780600 -2.45779100
     0.08000000 -0.00023600  0.01498100  0.55429300  0.90778500 -0.83699800  0.74118900
$ D-TYPE FUNCTIONS
   10    5    0
   469.76060000  0.00198400 -0.00069900 -0.00127600 -0.00186700 -0.00207400
   142.61280000  0.01601300 -0.00564800 -0.01093400 -0.01770700 -0.01525000
    55.12670000  0.06315300 -0.02245200 -0.04055400 -0.05767300 -0.06271700
    23.44150000  0.13780000 -0.04881000 -0.09701600 -0.16565800 -0.14079900
     9.49510000  0.28549800 -0.11116300 -0.22389500 -0.48671000 -0.77396800
     4.57920000  0.43830900 -0.12646600 -0.26392400 -0.05353500  1.21383600
     2.16460000  0.26625600  0.01971800  0.29117400  1.26066100 -0.09677900
     0.92380000  0.05215300  0.34463100  0.76805800 -0.81812700 -1.00064200
     0.31070000  0.00071300  0.52454500 -0.34419700 -0.33910100  1.23677700
     0.09140000  0.00038400  0.35746500 -0.50296700  0.58705000 -0.81236700
$ F-TYPE FUNCTIONS
    8    4    0
   142.02930000  0.00595700 -0.00691900  0.00776100  0.00921700
    51.08620000  0.05318000 -0.06141100  0.06967400  0.09204800
    22.87410000  0.17807600 -0.20955100  0.24210600  0.30677800
    10.50250000  0.30060000 -0.31770600  0.30436700  0.32325700
     4.78720000  0.35034200 -0.17604600 -0.15966900 -0.84526400
     2.10880000  0.29776400  0.26715800 -0.66257600 -0.00150000
     0.86090000  0.18815300  0.50050300  0.17381100  0.93653200
     0.30600000  0.07327800  0.29871700  0.67447700 -0.83825000
$ G-TYPE FUNCTIONS
    6    3    0
    22.87410000  0.06428300 -0.15866400  0.26800000
    10.50250000  0.17400600 -0.34546600  0.43980700
     4.78720000  0.34347800 -0.40264000 -0.24472800
     2.10880000  0.43080100  0.30405400 -0.60242400
     0.86090000  0.23475600  0.49146000  0.56532300
     0.30600000  0.02924000  0.08481200  0.32178700
a  71
$ LUTETIUM       (14s,13p,10d,8f,6g) -> [6s,6p,5d,4f,3g]
$ LUTETIUM       (14s,13p,10d,8f,6g)->[6s,6p,5d,4f,3g]
$ S-TYPE FUNCTIONS
   14    6    0
 95169.76700000  0.00002200 -0.00001200  0.00000500 -0.00002000 -0.00002700  0.00003400
 15488.40300000  0.00014500 -0.00008300  0.00003600 -0.00015400 -0.00022000  0.00046900
  3776.23350000  0.00065100 -0.00034300  0.00014500 -0.00056300 -0.00072300  0.00046600
  1079.05010000  0.00203800 -0.00122100  0.00052400 -0.00234000 -0.00346300  0.00861900
   268.95380000  0.00512700 -0.00236000  0.00098300 -0.00312500 -0.00300000 -0.01079900
    63.46790000 -0.20237900  0.08219900 -0.03384900  0.09776200  0.07899600  0.27109400
    45.13320000  0.59261600 -0.25629600  0.10638100 -0.34205700 -0.34311000 -0.22676500
    21.45680000 -1.01645300  0.49187900 -0.20658200  0.75176000  0.90075900 -0.67892100
     5.34830000  0.98971200 -0.71231600  0.30888600 -1.81150000 -3.34985300  4.58974300
     2.67780000  0.40008200 -0.41317900  0.20029300  0.59995200  4.03947700 -7.33383100
     1.02870000  0.01724300  0.73952300 -0.40991900  2.39426400 -1.40899100  6.54582200
     0.44080000 -0.00141900  0.55368800 -0.46843800 -2.09555300 -0.61643300 -3.97216400
     0.07910000  0.00036200  0.11097700  0.67655400 -0.25882400  2.04214200  2.06036700
     0.03130000 -0.00015800  0.06168500  0.49462300  0.66865300 -1.67068300 -1.27812500
$ P-TYPE FUNCTIONS
   13    6    0
  4043.97480000  0.00029400 -0.00017400  0.00018200 -0.00034900 -0.00052500 -0.00071100
   958.87710000  0.00235300 -0.00142300  0.00152700 -0.00292400 -0.00459800 -0.00493200
   309.12200000  0.01044100 -0.00620400  0.00648100 -0.01242400 -0.01857100 -0.02605400
   114.22030000  0.02582800 -0.01602600  0.01747800 -0.03360200 -0.05421200 -0.05226500
    37.10910000  0.08504700 -0.04709600  0.04634900 -0.08973600 -0.11917700 -0.27995800
    20.45790000 -0.20037100  0.13307100 -0.14142700  0.32245800  0.53446000  1.66093400
    14.59320000  0.03234800 -0.08833200  0.11375600 -0.33951200 -0.73302900 -2.71037700
     6.52750000  0.57554500 -0.33589900  0.39372900 -0.76349700 -1.26925200  0.76074800
     3.24480000  0.46185900 -0.22193700  0.08410600  0.32714700  2.45427500  2.07373600
     1.45040000  0.07626400  0.31430400 -0.64297400  1.36210700 -0.98991400 -4.24120400
     0.66350000 -0.00216500  0.59649100 -0.34691700 -1.11651300 -1.20125800  4.25096800
     0.28580000  0.00121600  0.28124600  0.63243900 -0.38848200  1.68888000 -2.39632500
     0.08000000 -0.00024300  0.01484800  0.57845900  0.82587600 -0.81423600  0.71602200
$ D-TYPE FUNCTIONS
   10    5    0
   484.52750000  0.00228600 -0.00068500 -0.00146100 -0.00225000 -0.00221600
   146.66550000  0.01862900 -0.00567600 -0.01309800 -0.01897600 -0.01678700
    56.37790000  0.07408800 -0.02242800 -0.04737400 -0.07115900 -0.06826400
    23.67110000  0.16155400 -0.04960900 -0.11863900 -0.17746500 -0.16630900
     9.44010000  0.30809100 -0.09812900 -0.22737000 -0.53953100 -0.71704100
     4.37120000  0.44833400 -0.11131800 -0.28569300  0.24204100  1.45741700
     1.95800000  0.23578300  0.07303300  0.53825100  0.99236100 -0.77002100
     0.72720000  0.02910000  0.35248200  0.61614800 -1.00025400 -0.36701000
     0.24600000 -0.00148200  0.49712300 -0.43636200  0.00543300  1.04384100
     0.07440000  0.00054400  0.35641500 -0.37975000  0.45097700 -0.86249400
$ F-TYPE FUNCTIONS
    8    4    0
   175.15590000  0.00410200 -0.00505600  0.00547900  0.00644000
    62.89090000  0.03908600 -0.04811700  0.05137600  0.07002700
    28.36240000  0.14704400 -0.18388100  0.20482600  0.25962200
    13.24780000  0.27109200 -0.31974500  0.31829800  0.40748900
     6.14400000  0.34566500 -0.23798400 -0.02662500 -0.65429000
     2.76230000  0.32048100  0.18959900 -0.69747600 -0.40849400
     1.15740000  0.21588300  0.52159900  0.03047200  1.20352400
     0.42440000  0.09049200  0.31957400  0.75316400 -0.88170800
$ G-TYPE FUNCTIONS
    6    3    0
    28.36240000  0.04790500 -0.11603500  0.19579500
    13.24780000  0.15012800 -0.30027700  0.43089500
     6.14400000  0.32291100 -0.45460700  0.04833700
     2.76230000  0.44449400  0.10924100 -0.76209600
     1.15740000  0.30803900  0.58670500  0.33312200
     0.42440000  0.05456300  0.17335700  0.53410000

$ END OF BASIS
