$Basis = Wachtersa+f
$
$ Elements supported
$ Sc Ti V Cr Mn Fe Co Ni Cu 
$
$  REFERENCE
$ Elements                             References                                
$ --------                             ----------                                
$ Sc - Cu: A. J. H. Wachters, J. Chem. Phys. 52, 1033 (1970).                    
$          A. J. H. Wachters, IBM Tech. Rept. RJ584 (1969)                       
$ F exponents: 
$          C. W. Bauschlicher, Jr. S. R. Langhoff and L. A. Barnes, 
$          J. Chem. Phys. 91, 2399 (1989).
$***********************************************************************
a 21
$ SCANDIUM     (14s,11p,6d,3f) -> [8s,6p,4d,1f]                  
$ S-TYPE FUNCTIONS
   14    8    0
 188961.0000000  0.00025000  0.00000000  0.00000000  0.00000000  0.00000000  0.00000000
      0.0000000  0.00000000
  28491.4000000  0.00193000  0.00000000  0.00000000  0.00000000  0.00000000  0.00000000
      0.0000000  0.00000000
   6572.4300000  0.00980000  0.00000000  0.00000000  0.00000000  0.00000000  0.00000000
      0.0000000  0.00000000
   1881.0300000  0.03940000  0.00000000  0.00000000  0.00000000  0.00000000  0.00000000
      0.0000000  0.00000000
    617.9790000  0.12532000  0.00000000  0.00000000  0.00000000  0.00000000  0.00000000
      0.0000000  0.00000000
    225.1270000  0.29577000  0.00000000  0.00000000  0.00000000  0.00000000  0.00000000
      0.0000000  0.00000000
     88.5664000  0.00000000  0.41900000  0.00000000  0.00000000  0.00000000  0.00000000
      0.0000000  0.00000000
     36.5819000  0.00000000  0.24139000  0.00000000  0.00000000  0.00000000  0.00000000
      0.0000000  0.00000000
     11.0358000  0.00000000  0.00000000  1.00000000  0.00000000  0.00000000  0.00000000
      0.0000000  0.00000000
      4.4906300  0.00000000  0.00000000  0.00000000  1.00000000  0.00000000  0.00000000
      0.0000000  0.00000000
      1.1293500  0.00000000  0.00000000  0.00000000  0.00000000  1.00000000  0.00000000
      0.0000000  0.00000000
      0.4546130  0.00000000  0.00000000  0.00000000  0.00000000  0.00000000  1.00000000
      0.0000000  0.00000000
      0.0775330  0.00000000  0.00000000  0.00000000  0.00000000  0.00000000  0.00000000
      1.0000000  0.00000000
      0.0307900  0.00000000  0.00000000  0.00000000  0.00000000  0.00000000  0.00000000
      0.0000000  1.00000000
$ P-TYPE FUNCTIONS
   11    6    0
   1113.8200000  0.00223000  0.00000000  0.00000000  0.00000000  0.00000000  0.00000000
    266.2440000  0.01764000  0.00000000  0.00000000  0.00000000  0.00000000  0.00000000
     86.5763000  0.08123000  0.00000000  0.00000000  0.00000000  0.00000000  0.00000000
     32.5934000  0.00000000  0.24040000  0.00000000  0.00000000  0.00000000  0.00000000
     13.2190000  0.00000000  0.42517000  0.00000000  0.00000000  0.00000000  0.00000000
      5.5835700  0.00000000  0.35972000  0.00000000  0.00000000  0.00000000  0.00000000
      2.1859400  0.00000000  0.00000000  1.00000000  0.00000000  0.00000000  0.00000000
      0.8950110  0.00000000  0.00000000  0.00000000  0.57602000  0.00000000  0.00000000
      0.3519750  0.00000000  0.00000000  0.00000000  0.30890000  0.00000000  0.00000000
      0.1346200  0.00000000  0.00000000  0.00000000  0.00000000  1.00000000  0.00000000
      0.0465480  0.00000000  0.00000000  0.00000000  0.00000000  0.00000000  1.00000000
$ D-TYPE FUNCTIONS
    6    4    0
     22.4283000  0.02140000  0.00000000  0.00000000  0.00000000
      6.0347900  0.11304000  0.00000000  0.00000000  0.00000000
      1.9790500  0.31393000  0.00000000  0.00000000  0.00000000
      0.6667500  0.00000000  1.00000000  0.00000000  0.00000000
      0.2182310  0.00000000  0.00000000  1.00000000  0.00000000
      0.0588000  0.00000000  0.00000000  0.00000000  1.00000000
$ F-TYPE FUNCTIONS
    3    1    0
      0.8918597  0.17378570
      0.3198414  0.59733810
      0.1369599  0.39293960
a 22
$ TITANIUM     (14,11p,6d,3f) -> [8s,6p,4d,1f]                   
$ S-TYPE FUNCTIONS
   14    8    0
 206082.0000000  0.00025000  0.00000000  0.00000000  0.00000000  0.00000000  0.00000000
      0.0000000  0.00000000
  31226.8000000  0.00193000  0.00000000  0.00000000  0.00000000  0.00000000  0.00000000
      0.0000000  0.00000000
   7199.3200000  0.00988000  0.00000000  0.00000000  0.00000000  0.00000000  0.00000000
      0.0000000  0.00000000
   2048.7500000  0.03994000  0.00000000  0.00000000  0.00000000  0.00000000  0.00000000
      0.0000000  0.00000000
    670.7900000  0.12737000  0.00000000  0.00000000  0.00000000  0.00000000  0.00000000
      0.0000000  0.00000000
    243.6500000  0.29981000  0.00000000  0.00000000  0.00000000  0.00000000  0.00000000
      0.0000000  0.00000000
     95.9250000  0.00000000  0.41825000  0.00000000  0.00000000  0.00000000  0.00000000
      0.0000000  0.00000000
     39.8101000  0.00000000  0.23582000  0.00000000  0.00000000  0.00000000  0.00000000
      0.0000000  0.00000000
     12.2205000  0.00000000  0.00000000  1.00000000  0.00000000  0.00000000  0.00000000
      0.0000000  0.00000000
      5.0088200  0.00000000  0.00000000  0.00000000  1.00000000  0.00000000  0.00000000
      0.0000000  0.00000000
      1.2856900  0.00000000  0.00000000  0.00000000  0.00000000  1.00000000  0.00000000
      0.0000000  0.00000000
      0.5128060  0.00000000  0.00000000  0.00000000  0.00000000  0.00000000  1.00000000
      0.0000000  0.00000000
      0.0855760  0.00000000  0.00000000  0.00000000  0.00000000  0.00000000  0.00000000
      1.0000000  0.00000000
      0.0333020  0.00000000  0.00000000  0.00000000  0.00000000  0.00000000  0.00000000
      0.0000000  1.00000000
$ P-TYPE FUNCTIONS
   11    6    0
   1264.7000000  0.00214000  0.00000000  0.00000000  0.00000000  0.00000000  0.00000000
    301.2300000  0.01725000  0.00000000  0.00000000  0.00000000  0.00000000  0.00000000
     96.9777000  0.08117000  0.00000000  0.00000000  0.00000000  0.00000000  0.00000000
     36.3727000  0.00000000  0.24143000  0.00000000  0.00000000  0.00000000  0.00000000
     14.7814000  0.00000000  0.42631000  0.00000000  0.00000000  0.00000000  0.00000000
      6.2746500  0.00000000  0.35714000  0.00000000  0.00000000  0.00000000  0.00000000
      2.4787800  0.00000000  0.00000000  1.00000000  0.00000000  0.00000000  0.00000000
      1.0161800  0.00000000  0.00000000  0.00000000  0.57709000  0.00000000  0.00000000
      0.3981620  0.00000000  0.00000000  0.00000000  0.29986000  0.00000000  0.00000000
      0.1523400  0.00000000  0.00000000  0.00000000  0.00000000  1.00000000  0.00000000
      0.0510800  0.00000000  0.00000000  0.00000000  0.00000000  0.00000000  1.00000000
$ D-TYPE FUNCTIONS
    6    4    0
     25.9924000  0.02253000  0.00000000  0.00000000  0.00000000
      7.0863400  0.11961000  0.00000000  0.00000000  0.00000000
      2.3487100  0.32700000  0.00000000  0.00000000  0.00000000
      0.8001980  0.00000000  1.00000000  0.00000000  0.00000000
      0.2620490  0.00000000  0.00000000  1.00000000  0.00000000
      0.0720000  0.00000000  0.00000000  0.00000000  1.00000000
$ F-TYPE FUNCTIONS
    3    1    0
      1.3935308  0.17378570
      0.4997522  0.59733810
      0.2139998  0.39293960
a 23
$ VANADIUM     (14,11p,6d,3f) -> [8s,6p,4d,1f]                   
$ S-TYPE FUNCTIONS
   14    8    0
 226878.0000000  0.00025000  0.00000000  0.00000000  0.00000000  0.00000000  0.00000000
      0.0000000  0.00000000
  33899.6000000  0.00197000  0.00000000  0.00000000  0.00000000  0.00000000  0.00000000
      0.0000000  0.00000000
   7720.2400000  0.01017000  0.00000000  0.00000000  0.00000000  0.00000000  0.00000000
      0.0000000  0.00000000
   2191.5300000  0.04098000  0.00000000  0.00000000  0.00000000  0.00000000  0.00000000
      0.0000000  0.00000000
    719.1690000  0.12980000  0.00000000  0.00000000  0.00000000  0.00000000  0.00000000
      0.0000000  0.00000000
    262.0860000  0.30259000  0.00000000  0.00000000  0.00000000  0.00000000  0.00000000
      0.0000000  0.00000000
    103.6530000  0.00000000  0.41637000  0.00000000  0.00000000  0.00000000  0.00000000
      0.0000000  0.00000000
     43.2548000  0.00000000  0.23133000  0.00000000  0.00000000  0.00000000  0.00000000
      0.0000000  0.00000000
     13.5088000  0.00000000  0.00000000  1.00000000  0.00000000  0.00000000  0.00000000
      0.0000000  0.00000000
      5.5671500  0.00000000  0.00000000  0.00000000  1.00000000  0.00000000  0.00000000
      0.0000000  0.00000000
      1.4517400  0.00000000  0.00000000  0.00000000  0.00000000  1.00000000  0.00000000
      0.0000000  0.00000000
      0.5744450  0.00000000  0.00000000  0.00000000  0.00000000  0.00000000  1.00000000
      0.0000000  0.00000000
      0.0928200  0.00000000  0.00000000  0.00000000  0.00000000  0.00000000  0.00000000
      1.0000000  0.00000000
      0.0355320  0.00000000  0.00000000  0.00000000  0.00000000  0.00000000  0.00000000
      0.0000000  1.00000000
$ P-TYPE FUNCTIONS
   11    6    0
   1398.4300000  0.00214000  0.00000000  0.00000000  0.00000000  0.00000000  0.00000000
    331.5710000  0.01735000  0.00000000  0.00000000  0.00000000  0.00000000  0.00000000
    107.0020000  0.08128000  0.00000000  0.00000000  0.00000000  0.00000000  0.00000000
     40.3183000  0.00000000  0.24130000  0.00000000  0.00000000  0.00000000  0.00000000
     16.4635000  0.00000000  0.42622000  0.00000000  0.00000000  0.00000000  0.00000000
      7.0235200  0.00000000  0.35578000  0.00000000  0.00000000  0.00000000  0.00000000
      2.7902500  0.00000000  0.00000000  1.00000000  0.00000000  0.00000000  0.00000000
      1.1460900  0.00000000  0.00000000  0.00000000  0.57693000  0.00000000  0.00000000
      0.4472720  0.00000000  0.00000000  0.00000000  0.29470000  0.00000000  0.00000000
      0.1668720  0.00000000  0.00000000  0.00000000  0.00000000  1.00000000  0.00000000
      0.0545670  0.00000000  0.00000000  0.00000000  0.00000000  0.00000000  1.00000000
$ D-TYPE FUNCTIONS
    6    4    0
     30.2212000  0.02270000  0.00000000  0.00000000  0.00000000
      8.2721800  0.12248000  0.00000000  0.00000000  0.00000000
      2.7582300  0.33286000  0.00000000  0.00000000  0.00000000
      0.9421370  0.00000000  1.00000000  0.00000000  0.00000000
      0.3052980  0.00000000  0.00000000  1.00000000  0.00000000
      0.0820000  0.00000000  0.00000000  0.00000000  1.00000000
$ F-TYPE FUNCTIONS
    3    1    0
      2.0066843  0.17378570
      0.7196432  0.59733810
      0.3081598  0.39293960
a 24
$ CHROMIUM     (14,11p,6d,3f) -> [8s,6p,4d,1f]                   
$ S-TYPE FUNCTIONS
   14    8    0
 236658.0000000  0.00027000  0.00000000  0.00000000  0.00000000  0.00000000  0.00000000
      0.0000000  0.00000000
  35364.0000000  0.00208000  0.00000000  0.00000000  0.00000000  0.00000000  0.00000000
      0.0000000  0.00000000
   8058.3100000  0.01071000  0.00000000  0.00000000  0.00000000  0.00000000  0.00000000
      0.0000000  0.00000000
   2294.2300000  0.04284000  0.00000000  0.00000000  0.00000000  0.00000000  0.00000000
      0.0000000  0.00000000
    756.1180000  0.13420000  0.00000000  0.00000000  0.00000000  0.00000000  0.00000000
      0.0000000  0.00000000
    277.0000000  0.30798000  0.00000000  0.00000000  0.00000000  0.00000000  0.00000000
      0.0000000  0.00000000
    110.1790000  0.00000000  0.41361000  0.00000000  0.00000000  0.00000000  0.00000000
      0.0000000  0.00000000
     46.3710000  0.00000000  0.22241000  0.00000000  0.00000000  0.00000000  0.00000000
      0.0000000  0.00000000
     14.8215000  0.00000000  0.00000000  1.00000000  0.00000000  0.00000000  0.00000000
      0.0000000  0.00000000
      6.1326200  0.00000000  0.00000000  0.00000000  1.00000000  0.00000000  0.00000000
      0.0000000  0.00000000
      1.6295900  0.00000000  0.00000000  0.00000000  0.00000000  1.00000000  0.00000000
      0.0000000  0.00000000
      0.6411770  0.00000000  0.00000000  0.00000000  0.00000000  0.00000000  1.00000000
      0.0000000  0.00000000
      0.0995110  0.00000000  0.00000000  0.00000000  0.00000000  0.00000000  0.00000000
      1.0000000  0.00000000
      0.0375880  0.00000000  0.00000000  0.00000000  0.00000000  0.00000000  0.00000000
      0.0000000  1.00000000
$ P-TYPE FUNCTIONS
   11    6    0
   1478.7700000  0.00228000  0.00000000  0.00000000  0.00000000  0.00000000  0.00000000
    351.4900000  0.01836000  0.00000000  0.00000000  0.00000000  0.00000000  0.00000000
    113.8260000  0.08503000  0.00000000  0.00000000  0.00000000  0.00000000  0.00000000
     43.1567000  0.00000000  0.24761000  0.00000000  0.00000000  0.00000000  0.00000000
     17.7775000  0.00000000  0.42718000  0.00000000  0.00000000  0.00000000  0.00000000
      7.6612800  0.00000000  0.34579000  0.00000000  0.00000000  0.00000000  0.00000000
      3.0776500  0.00000000  0.00000000  1.00000000  0.00000000  0.00000000  0.00000000
      1.2661900  0.00000000  0.00000000  0.00000000  0.57490000  0.00000000  0.00000000
      0.4935340  0.00000000  0.00000000  0.00000000  0.28473000  0.00000000  0.00000000
      0.1810100  0.00000000  0.00000000  0.00000000  0.00000000  1.00000000  0.00000000
      0.0579200  0.00000000  0.00000000  0.00000000  0.00000000  0.00000000  1.00000000
$ D-TYPE FUNCTIONS
    6    4    0
     34.0221000  0.02328000  0.00000000  0.00000000  0.00000000
      9.4316100  0.12564000  0.00000000  0.00000000  0.00000000
      3.1591800  0.33897000  0.00000000  0.00000000  0.00000000
      1.0799500  0.00000000  1.00000000  0.00000000  0.00000000
      0.3465820  0.00000000  0.00000000  1.00000000  0.00000000
      0.0912000  0.00000000  0.00000000  0.00000000  1.00000000
$ F-TYPE FUNCTIONS
    3    1    0
      2.7313203  0.17378570
      0.9795143  0.59733810
      0.4194397  0.39293960
a 25
$ MANGANESE    (14,11p,6d,3f) -> [8s,6p,4d,1f]                   
$ S-TYPE FUNCTIONS
   14    8    0
 243694.0000000  0.00029000  0.00000000  0.00000000  0.00000000  0.00000000  0.00000000
      0.0000000  0.00000000
  35995.0000000  0.00225000  0.00000000  0.00000000  0.00000000  0.00000000  0.00000000
      0.0000000  0.00000000
   8223.5600000  0.01152000  0.00000000  0.00000000  0.00000000  0.00000000  0.00000000
      0.0000000  0.00000000
   2353.1200000  0.04559000  0.00000000  0.00000000  0.00000000  0.00000000  0.00000000
      0.0000000  0.00000000
    780.9650000  0.14039000  0.00000000  0.00000000  0.00000000  0.00000000  0.00000000
      0.0000000  0.00000000
    288.5190000  0.31472000  0.00000000  0.00000000  0.00000000  0.00000000  0.00000000
      0.0000000  0.00000000
    115.7010000  0.00000000  0.40974000  0.00000000  0.00000000  0.00000000  0.00000000
      0.0000000  0.00000000
     49.1175000  0.00000000  0.21079000  0.00000000  0.00000000  0.00000000  0.00000000
      0.0000000  0.00000000
     16.0885000  0.00000000  0.00000000  1.00000000  0.00000000  0.00000000  0.00000000
      0.0000000  0.00000000
      6.7043000  0.00000000  0.00000000  0.00000000  1.00000000  0.00000000  0.00000000
      0.0000000  0.00000000
      1.8051700  0.00000000  0.00000000  0.00000000  0.00000000  1.00000000  0.00000000
      0.0000000  0.00000000
      0.7030110  0.00000000  0.00000000  0.00000000  0.00000000  0.00000000  1.00000000
      0.0000000  0.00000000
      0.1063850  0.00000000  0.00000000  0.00000000  0.00000000  0.00000000  0.00000000
      1.0000000  0.00000000
      0.0396160  0.00000000  0.00000000  0.00000000  0.00000000  0.00000000  0.00000000
      0.0000000  1.00000000
$ P-TYPE FUNCTIONS
   11    6    0
   1500.3900000  0.00258000  0.00000000  0.00000000  0.00000000  0.00000000  0.00000000
    358.8000000  0.02048000  0.00000000  0.00000000  0.00000000  0.00000000  0.00000000
    116.6990000  0.09293000  0.00000000  0.00000000  0.00000000  0.00000000  0.00000000
     44.6132000  0.00000000  0.26074000  0.00000000  0.00000000  0.00000000  0.00000000
     18.5985000  0.00000000  0.42889000  0.00000000  0.00000000  0.00000000  0.00000000
      8.1377800  0.00000000  0.32598000  0.00000000  0.00000000  0.00000000  0.00000000
      3.3373400  0.00000000  0.00000000  1.00000000  0.00000000  0.00000000  0.00000000
      1.3789500  0.00000000  0.00000000  0.00000000  0.56935000  0.00000000  0.00000000
      0.5386390  0.00000000  0.00000000  0.00000000  0.27354000  0.00000000  0.00000000
      0.1914750  0.00000000  0.00000000  0.00000000  0.00000000  1.00000000  0.00000000
      0.0604200  0.00000000  0.00000000  0.00000000  0.00000000  0.00000000  1.00000000
$ D-TYPE FUNCTIONS
    6    4    0
     37.8977000  0.02409000  0.00000000  0.00000000  0.00000000
     10.5201000  0.13073000  0.00000000  0.00000000  0.00000000
      3.5376400  0.34648000  0.00000000  0.00000000  0.00000000
      1.2121700  0.00000000  1.00000000  0.00000000  0.00000000
      0.3879120  0.00000000  0.00000000  1.00000000  0.00000000
      0.1054000  0.00000000  0.00000000  0.00000000  1.00000000
$ F-TYPE FUNCTIONS
    3    1    0
      3.5674388  0.17378570
      1.2793657  0.59733810
      0.5478396  0.39293960
a 26
$ IRON         (14,11p,6d,3f) -> [8s,6p,4d,1f]                   
$ S-TYPE FUNCTIONS
   14    8    0
 257539.0000000  0.00029000  0.00000000  0.00000000  0.00000000  0.00000000  0.00000000
      0.0000000  0.00000000
  38636.9000000  0.00226000  0.00000000  0.00000000  0.00000000  0.00000000  0.00000000
      0.0000000  0.00000000
   8891.4400000  0.01152000  0.00000000  0.00000000  0.00000000  0.00000000  0.00000000
      0.0000000  0.00000000
   2544.0100000  0.04566000  0.00000000  0.00000000  0.00000000  0.00000000  0.00000000
      0.0000000  0.00000000
    844.7770000  0.14035000  0.00000000  0.00000000  0.00000000  0.00000000  0.00000000
      0.0000000  0.00000000
    312.5270000  0.31420000  0.00000000  0.00000000  0.00000000  0.00000000  0.00000000
      0.0000000  0.00000000
    125.5930000  0.00000000  0.40878000  0.00000000  0.00000000  0.00000000  0.00000000
      0.0000000  0.00000000
     53.4987000  0.00000000  0.21163000  0.00000000  0.00000000  0.00000000  0.00000000
      0.0000000  0.00000000
     17.7151000  0.00000000  0.00000000  1.00000000  0.00000000  0.00000000  0.00000000
      0.0000000  0.00000000
      7.3767700  0.00000000  0.00000000  0.00000000  1.00000000  0.00000000  0.00000000
      0.0000000  0.00000000
      2.0184700  0.00000000  0.00000000  0.00000000  0.00000000  1.00000000  0.00000000
      0.0000000  0.00000000
      0.7799350  0.00000000  0.00000000  0.00000000  0.00000000  0.00000000  1.00000000
      0.0000000  0.00000000
      0.1142200  0.00000000  0.00000000  0.00000000  0.00000000  0.00000000  0.00000000
      1.0000000  0.00000000
      0.0418890  0.00000000  0.00000000  0.00000000  0.00000000  0.00000000  0.00000000
      0.0000000  1.00000000
$ P-TYPE FUNCTIONS
   11    6    0
   1678.4000000  0.00249000  0.00000000  0.00000000  0.00000000  0.00000000  0.00000000
    396.3920000  0.02015000  0.00000000  0.00000000  0.00000000  0.00000000  0.00000000
    128.5880000  0.09199000  0.00000000  0.00000000  0.00000000  0.00000000  0.00000000
     49.1158000  0.00000000  0.25991000  0.00000000  0.00000000  0.00000000  0.00000000
     20.5035000  0.00000000  0.42887000  0.00000000  0.00000000  0.00000000  0.00000000
      8.9871200  0.00000000  0.32691000  0.00000000  0.00000000  0.00000000  0.00000000
      3.6824900  0.00000000  0.00000000  1.00000000  0.00000000  0.00000000  0.00000000
      1.5217500  0.00000000  0.00000000  0.00000000  0.56925000  0.00000000  0.00000000
      0.5926840  0.00000000  0.00000000  0.00000000  0.26863000  0.00000000  0.00000000
      0.2023700  0.00000000  0.00000000  0.00000000  0.00000000  1.00000000  0.00000000
      0.0627600  0.00000000  0.00000000  0.00000000  0.00000000  0.00000000  1.00000000
$ D-TYPE FUNCTIONS
    6    4    0
     41.4526000  0.02511000  0.00000000  0.00000000  0.00000000
     11.5403000  0.13626000  0.00000000  0.00000000  0.00000000
      3.8854300  0.35323000  0.00000000  0.00000000  0.00000000
      1.3238000  0.00000000  1.00000000  0.00000000  0.00000000
      0.4166800  0.00000000  0.00000000  1.00000000  0.00000000
      0.1133000  0.00000000  0.00000000  0.00000000  1.00000000
$ F-TYPE FUNCTIONS
    3    1    0
      4.5150397  0.17378570
      1.6191972  0.59733810
      0.6933595  0.39293960
a 27
$ COBALT       (14,11p,6d,3f) -> [8s,6p,4d,1f]                   
$ S-TYPE FUNCTIONS
   14    8    0
 270991.0000000  0.00031000  0.00000000  0.00000000  0.00000000  0.00000000  0.00000000
      0.0000000  0.00000000
  39734.8000000  0.00242000  0.00000000  0.00000000  0.00000000  0.00000000  0.00000000
      0.0000000  0.00000000
   9057.4600000  0.01238000  0.00000000  0.00000000  0.00000000  0.00000000  0.00000000
      0.0000000  0.00000000
   2598.2100000  0.04849000  0.00000000  0.00000000  0.00000000  0.00000000  0.00000000
      0.0000000  0.00000000
    868.2000000  0.14672000  0.00000000  0.00000000  0.00000000  0.00000000  0.00000000
      0.0000000  0.00000000
    323.4310000  0.32127000  0.00000000  0.00000000  0.00000000  0.00000000  0.00000000
      0.0000000  0.00000000
    130.8600000  0.00000000  0.40497000  0.00000000  0.00000000  0.00000000  0.00000000
      0.0000000  0.00000000
     56.1219000  0.00000000  0.19961000  0.00000000  0.00000000  0.00000000  0.00000000
      0.0000000  0.00000000
     18.9219000  0.00000000  0.00000000  1.00000000  0.00000000  0.00000000  0.00000000
      0.0000000  0.00000000
      7.9523800  0.00000000  0.00000000  0.00000000  1.00000000  0.00000000  0.00000000
      0.0000000  0.00000000
      2.1975400  0.00000000  0.00000000  0.00000000  0.00000000  1.00000000  0.00000000
      0.0000000  0.00000000
      0.8467130  0.00000000  0.00000000  0.00000000  0.00000000  0.00000000  1.00000000
      0.0000000  0.00000000
      0.1222660  0.00000000  0.00000000  0.00000000  0.00000000  0.00000000  0.00000000
      1.0000000  0.00000000
      0.0441720  0.00000000  0.00000000  0.00000000  0.00000000  0.00000000  0.00000000
      0.0000000  1.00000000
$ P-TYPE FUNCTIONS
   11    6    0
   1636.2100000  0.00296000  0.00000000  0.00000000  0.00000000  0.00000000  0.00000000
    390.9030000  0.02336000  0.00000000  0.00000000  0.00000000  0.00000000  0.00000000
    127.8840000  0.10343000  0.00000000  0.00000000  0.00000000  0.00000000  0.00000000
     49.2413000  0.00000000  0.27954000  0.00000000  0.00000000  0.00000000  0.00000000
     20.7512000  0.00000000  0.43268000  0.00000000  0.00000000  0.00000000  0.00000000
      9.2036800  0.00000000  0.29861000  0.00000000  0.00000000  0.00000000  0.00000000
      3.8177900  0.00000000  0.00000000  1.00000000  0.00000000  0.00000000  0.00000000
      1.5876200  0.00000000  0.00000000  0.00000000  0.55625000  0.00000000  0.00000000
      0.6246600  0.00000000  0.00000000  0.00000000  0.24345000  0.00000000  0.00000000
      0.2119620  0.00000000  0.00000000  0.00000000  0.00000000  1.00000000  0.00000000
      0.0651030  0.00000000  0.00000000  0.00000000  0.00000000  0.00000000  1.00000000
$ D-TYPE FUNCTIONS
    6    4    0
     44.9774000  0.02627000  0.00000000  0.00000000  0.00000000
     12.5690000  0.14182000  0.00000000  0.00000000  0.00000000
      4.2442200  0.35942000  0.00000000  0.00000000  0.00000000
      1.4433000  0.00000000  1.00000000  0.00000000  0.00000000
      0.4499650  0.00000000  0.00000000  1.00000000  0.00000000
      0.1219000  0.00000000  0.00000000  0.00000000  1.00000000
$ F-TYPE FUNCTIONS
    3    1    0
      5.5741231  0.17378570
      1.9990089  0.59733810
      0.8559993  0.39293960
a 28
$ NICKEL       (14,11p,6d,3f) -> [8s,6p,4d,1f]                   
$ S-TYPE FUNCTIONS
   14    8    0
 284878.0000000  0.00032000  0.00000000  0.00000000  0.00000000  0.00000000  0.00000000
      0.0000000  0.00000000
  41997.9000000  0.00246000  0.00000000  0.00000000  0.00000000  0.00000000  0.00000000
      0.0000000  0.00000000
   9627.6700000  0.01254000  0.00000000  0.00000000  0.00000000  0.00000000  0.00000000
      0.0000000  0.00000000
   2761.9600000  0.04926000  0.00000000  0.00000000  0.00000000  0.00000000  0.00000000
      0.0000000  0.00000000
    920.4880000  0.14950000  0.00000000  0.00000000  0.00000000  0.00000000  0.00000000
      0.0000000  0.00000000
    341.8050000  0.32640000  0.00000000  0.00000000  0.00000000  0.00000000  0.00000000
      0.0000000  0.00000000
    138.0230000  0.00000000  0.40474000  0.00000000  0.00000000  0.00000000  0.00000000
      0.0000000  0.00000000
     59.2587000  0.00000000  0.19186000  0.00000000  0.00000000  0.00000000  0.00000000
      0.0000000  0.00000000
     20.3712000  0.00000000  0.00000000  1.00000000  0.00000000  0.00000000  0.00000000
      0.0000000  0.00000000
      8.5940000  0.00000000  0.00000000  0.00000000  1.00000000  0.00000000  0.00000000
      0.0000000  0.00000000
      2.3941700  0.00000000  0.00000000  0.00000000  0.00000000  1.00000000  0.00000000
      0.0000000  0.00000000
      0.9181690  0.00000000  0.00000000  0.00000000  0.00000000  0.00000000  1.00000000
      0.0000000  0.00000000
      0.1301760  0.00000000  0.00000000  0.00000000  0.00000000  0.00000000  0.00000000
      1.0000000  0.00000000
      0.0463920  0.00000000  0.00000000  0.00000000  0.00000000  0.00000000  0.00000000
      0.0000000  1.00000000
$ P-TYPE FUNCTIONS
   11    6    0
   1774.1800000  0.00295000  0.00000000  0.00000000  0.00000000  0.00000000  0.00000000
    423.4030000  0.02337000  0.00000000  0.00000000  0.00000000  0.00000000  0.00000000
    138.3110000  0.10406000  0.00000000  0.00000000  0.00000000  0.00000000  0.00000000
     53.1703000  0.00000000  0.28226000  0.00000000  0.00000000  0.00000000  0.00000000
     22.3874000  0.00000000  0.43486000  0.00000000  0.00000000  0.00000000  0.00000000
      9.9284800  0.00000000  0.29442000  0.00000000  0.00000000  0.00000000  0.00000000
      4.1162500  0.00000000  0.00000000  1.00000000  0.00000000  0.00000000  0.00000000
      1.7103100  0.00000000  0.00000000  0.00000000  0.55273000  0.00000000  0.00000000
      0.6725280  0.00000000  0.00000000  0.00000000  0.23441000  0.00000000  0.00000000
      0.2198820  0.00000000  0.00000000  0.00000000  0.00000000  1.00000000  0.00000000
      0.0666700  0.00000000  0.00000000  0.00000000  0.00000000  0.00000000  1.00000000
$ D-TYPE FUNCTIONS
    6    4    0
     48.9403000  0.02706000  0.00000000  0.00000000  0.00000000
     13.7169000  0.14598000  0.00000000  0.00000000  0.00000000
      4.6395100  0.36418000  0.00000000  0.00000000  0.00000000
      1.5743300  0.00000000  1.00000000  0.00000000  0.00000000
      0.4864090  0.00000000  0.00000000  1.00000000  0.00000000
      0.1316000  0.00000000  0.00000000  0.00000000  1.00000000
$ F-TYPE FUNCTIONS
    3    1    0
      6.7446890  0.17378570
      2.4188007  0.59733810
      1.0357592  0.39293960
a 29
$ COPPER       (14,11p,6d,3f) -> [8s,6p,4d,1f]                   
$ S-TYPE FUNCTIONS
   14    8    0
 337200.0000000  0.00028000  0.00000000  0.00000000  0.00000000  0.00000000  0.00000000
      0.0000000  0.00000000
  50072.9000000  0.00217000  0.00000000  0.00000000  0.00000000  0.00000000  0.00000000
      0.0000000  0.00000000
  11373.4000000  0.01122000  0.00000000  0.00000000  0.00000000  0.00000000  0.00000000
      0.0000000  0.00000000
   3239.8200000  0.04462100  0.00000000  0.00000000  0.00000000  0.00000000  0.00000000
      0.0000000  0.00000000
   1071.9700000  0.13836000  0.00000000  0.00000000  0.00000000  0.00000000  0.00000000
      0.0000000  0.00000000
    395.0990000  0.31255000  0.00000000  0.00000000  0.00000000  0.00000000  0.00000000
      0.0000000  0.00000000
    158.3990000  0.00000000  0.41060000  0.00000000  0.00000000  0.00000000  0.00000000
      0.0000000  0.00000000
     67.3591000  0.00000000  0.21453000  0.00000000  0.00000000  0.00000000  0.00000000
      0.0000000  0.00000000
     22.2983000  0.00000000  0.00000000  1.00000000  0.00000000  0.00000000  0.00000000
      0.0000000  0.00000000
      9.3935700  0.00000000  0.00000000  0.00000000  1.00000000  0.00000000  0.00000000
      0.0000000  0.00000000
      2.5784800  0.00000000  0.00000000  0.00000000  0.00000000  1.00000000  0.00000000
      0.0000000  0.00000000
      0.9640800  0.00000000  0.00000000  0.00000000  0.00000000  0.00000000  1.00000000
      0.0000000  0.00000000
      0.1133030  0.00000000  0.00000000  0.00000000  0.00000000  0.00000000  0.00000000
      1.0000000  0.00000000
      0.0407910  0.00000000  0.00000000  0.00000000  0.00000000  0.00000000  0.00000000
      0.0000000  1.00000000
$ P-TYPE FUNCTIONS
   11    6    0
   2245.2900000  0.00226000  0.00000000  0.00000000  0.00000000  0.00000000  0.00000000
    532.1060000  0.01841000  0.00000000  0.00000000  0.00000000  0.00000000  0.00000000
    172.1950000  0.08646000  0.00000000  0.00000000  0.00000000  0.00000000  0.00000000
     65.3239000  0.00000000  0.25450000  0.00000000  0.00000000  0.00000000  0.00000000
     27.0551000  0.00000000  0.43419000  0.00000000  0.00000000  0.00000000  0.00000000
     11.7435000  0.00000000  0.33390000  0.00000000  0.00000000  0.00000000  0.00000000
      4.6938200  0.00000000  0.00000000  1.00000000  0.00000000  0.00000000  0.00000000
      1.9066700  0.00000000  0.00000000  0.00000000  0.56936000  0.00000000  0.00000000
      0.7114450  0.00000000  0.00000000  0.00000000  0.24702000  0.00000000  0.00000000
      0.2325980  0.00000000  0.00000000  0.00000000  0.00000000  1.00000000  0.00000000
      0.0692990  0.00000000  0.00000000  0.00000000  0.00000000  0.00000000  1.00000000
$ D-TYPE FUNCTIONS
    6    4    0
     48.5439000  0.03097000  0.00000000  0.00000000  0.00000000
     13.5490000  0.16196000  0.00000000  0.00000000  0.00000000
      4.5162800  0.37812000  0.00000000  0.00000000  0.00000000
      1.4732900  0.00000000  1.00000000  0.00000000  0.00000000
      0.4148750  0.00000000  0.00000000  1.00000000  0.00000000
      0.1491000  0.00000000  0.00000000  0.00000000  1.00000000
$ F-TYPE FUNCTIONS
    3    1    0
      8.0267373  0.17378570
      2.8785728  0.59733810
      1.2326390  0.39293960


